,PPM
1610612737,2.28174676304
1610612738,2.44859836625
1610612739,2.17664254568
1610612740,2.19193389309
1610612741,2.24628500828
1610612742,2.27401738955
1610612743,2.31197756657
1610612744,2.4637044054
1610612745,2.31156676429
1610612746,2.21848533759
1610612747,2.28711264979
1610612748,2.04556897849
1610612749,2.19964140313
1610612750,2.27254515577
1610612751,2.1413680199
1610612752,2.23429097849
1610612753,2.24226215151
1610612754,2.24750078592
1610612755,2.23912873404
1610612756,2.30577275662
1610612757,2.2687326408
1610612758,2.38207860091
1610612759,2.1518321746
1610612760,2.34006030947
1610612761,2.1944733802
1610612762,2.00956924553
1610612763,2.08173243185
1610612764,2.30748285035
1610612765,2.21171195069
1610612766,2.10399827849
