,PPM
1610612737,2.23643779208
1610612738,2.37061205825
1610612739,2.14111131556
1610612740,2.22607754332
1610612741,2.28015878923
1610612742,2.23785844252
1610612743,2.24499571672
1610612744,2.40402656015
1610612745,2.33308001944
1610612746,2.22604659319
1610612747,2.25724255056
1610612748,2.08171876945
1610612749,2.1300108471
1610612750,2.23882227546
1610612751,2.20279236301
1610612752,2.20312471262
1610612753,2.21690338901
1610612754,2.28091524094
1610612755,2.30669828564
1610612756,2.3453623347
1610612757,2.24356472701
1610612758,2.37369808708
1610612759,2.10345464594
1610612760,2.3657738772
1610612761,2.13985196952
1610612762,2.06620036245
1610612763,2.10589069111
1610612764,2.30711036337
1610612765,2.21410650357
1610612766,2.14474051647
