,PPM
1610612737,2.28438008977
1610612738,2.45005846152
1610612739,2.175301251
1610612740,2.17575526369
1610612741,2.25075101299
1610612742,2.25564172577
1610612743,2.30728749432
1610612744,2.46414468739
1610612745,2.31884210777
1610612746,2.22737782287
1610612747,2.28892897382
1610612748,2.04494339916
1610612749,2.20474065061
1610612750,2.27729072281
1610612751,2.14221254293
1610612752,2.23339149874
1610612753,2.23751933619
1610612754,2.24204278205
1610612755,2.23015722613
1610612756,2.30805274791
1610612757,2.2632873604
1610612758,2.37772364842
1610612759,2.14822749103
1610612760,2.33950058257
1610612761,2.19646253448
1610612762,2.04079956204
1610612763,2.10895923698
1610612764,2.30840718268
1610612765,2.20800446787
1610612766,2.10180715607
