,PPM
1610612737,2.26682436696
1610612738,2.30493402985
1610612739,2.18926733328
1610612740,2.15667660882
1610612741,2.24626519038
1610612742,2.28374490083
1610612743,2.30044200913
1610612744,2.44319388608
1610612745,2.32232532917
1610612746,2.22642647305
1610612747,2.19752993204
1610612748,2.00794758781
1610612749,2.27356417226
1610612750,2.2665943055
1610612751,2.16507339555
1610612752,2.20598562211
1610612753,2.21093875476
1610612754,2.20650400793
1610612755,2.31357655887
1610612756,2.30027797552
1610612757,2.21157822793
1610612758,2.27875659524
1610612759,2.15206458066
1610612760,2.34091839795
1610612761,2.20549457262
1610612762,1.98019514931
1610612763,2.13737779392
1610612764,2.21197528868
1610612765,2.18338779557
1610612766,2.08305440711
