,PPM
1610612737,2.23790341266
1610612738,2.39462571861
1610612739,2.16117444333
1610612740,2.1612355784
1610612741,2.28966796379
1610612742,2.26650763577
1610612743,2.26445235416
1610612744,2.43518553825
1610612745,2.3433655675
1610612746,2.21372292066
1610612747,2.27409616387
1610612748,2.09005408242
1610612749,2.12897945708
1610612750,2.27963165825
1610612751,2.16432052474
1610612752,2.23400883815
1610612753,2.23124990962
1610612754,2.20970209001
1610612755,2.29266859005
1610612756,2.3449760951
1610612757,2.23244162456
1610612758,2.38346258141
1610612759,2.11422016361
1610612760,2.3716303358
1610612761,2.19496315447
1610612762,2.09683760344
1610612763,2.09596304941
1610612764,2.29695194832
1610612765,2.20415496119
1610612766,2.11117594322
