,PPM
1610612737,2.2622755382
1610612738,2.39792115892
1610612739,2.15663463991
1610612740,2.19100455116
1610612741,2.29258874585
1610612742,2.26135345276
1610612743,2.28011493992
1610612744,2.42972075295
1610612745,2.33143434125
1610612746,2.21294072774
1610612747,2.28112129341
1610612748,2.0539491355
1610612749,2.14240217696
1610612750,2.25910527591
1610612751,2.17185074888
1610612752,2.24385518667
1610612753,2.22468814417
1610612754,2.21317262075
1610612755,2.28929722297
1610612756,2.35275625549
1610612757,2.24627765421
1610612758,2.39205517771
1610612759,2.13313197683
1610612760,2.37675155326
1610612761,2.20208775943
1610612762,2.11373859194
1610612763,2.09584748252
1610612764,2.31296762673
1610612765,2.18950988412
1610612766,2.10810025734
