,PPM
1610612737,2.28408615767
1610612738,2.45200260955
1610612739,2.1685204926
1610612740,2.1753015784
1610612741,2.24843135771
1610612742,2.25379396054
1610612743,2.30454928265
1610612744,2.46427894505
1610612745,2.31739434896
1610612746,2.22536073379
1610612747,2.28842304305
1610612748,2.03843478243
1610612749,2.20531260337
1610612750,2.27753039104
1610612751,2.14263629495
1610612752,2.2336662306
1610612753,2.23630595511
1610612754,2.23535055282
1610612755,2.23134017576
1610612756,2.33185214306
1610612757,2.26582177953
1610612758,2.37555426229
1610612759,2.14489829211
1610612760,2.36575348011
1610612761,2.18687621759
1610612762,2.04009377334
1610612763,2.10961345357
1610612764,2.30862518234
1610612765,2.21497280657
1610612766,2.10316618451
