,PPM
1610612737,2.26932017433
1610612738,2.39124588534
1610612739,2.18715505169
1610612740,2.17145334673
1610612741,2.2718548375
1610612742,2.25204542782
1610612743,2.30137956163
1610612744,2.44748466741
1610612745,2.30225729371
1610612746,2.24207907543
1610612747,2.25473000325
1610612748,2.01229621031
1610612749,2.23072371517
1610612750,2.25267388806
1610612751,2.13134532052
1610612752,2.26155790387
1610612753,2.24824181477
1610612754,2.23388693842
1610612755,2.27142109648
1610612756,2.34286624763
1610612757,2.24728717642
1610612758,2.3906551589
1610612759,2.17620595769
1610612760,2.3687789225
1610612761,2.21746357218
1610612762,1.99402272118
1610612763,2.10593226958
1610612764,2.26418544271
1610612765,2.18776487774
1610612766,2.09229905356
