,PPM
1610612737,2.22787793035
1610612738,2.37393377894
1610612739,2.13632309109
1610612740,2.22242830304
1610612741,2.29379083506
1610612742,2.21472387198
1610612743,2.24555765622
1610612744,2.3895543082
1610612745,2.33244971523
1610612746,2.2401724606
1610612747,2.25267059415
1610612748,2.07458412542
1610612749,2.1407960866
1610612750,2.24598025043
1610612751,2.20495917
1610612752,2.20469800714
1610612753,2.21852874778
1610612754,2.2893525457
1610612755,2.28886666457
1610612756,2.35836684084
1610612757,2.23840690082
1610612758,2.37996113317
1610612759,2.08635279351
1610612760,2.37207139948
1610612761,2.12385598847
1610612762,2.07850323986
1610612763,2.1121942806
1610612764,2.28908994648
1610612765,2.23233267686
1610612766,2.16028092131
