,PPM
1610612737,2.30374821278
1610612738,2.39007307875
1610612739,2.17481946413
1610612740,2.1980459878
1610612741,2.27876067134
1610612742,2.26234812501
1610612743,2.30517635303
1610612744,2.45358250377
1610612745,2.30597580679
1610612746,2.23473859911
1610612747,2.25989201823
1610612748,2.05159845897
1610612749,2.21652713819
1610612750,2.26513146722
1610612751,2.11631215396
1610612752,2.24271222534
1610612753,2.27578163515
1610612754,2.25588563072
1610612755,2.2661539828
1610612756,2.32941872915
1610612757,2.25955933141
1610612758,2.38013026819
1610612759,2.16096951073
1610612760,2.37654160004
1610612761,2.22459836746
1610612762,1.98706407667
1610612763,2.11054441303
1610612764,2.26179343909
1610612765,2.20568659735
1610612766,2.08772478429
