,PPM
1610612737,2.21769114615
1610612738,2.305440582
1610612739,2.17896406026
1610612740,2.15013646687
1610612741,2.22927890898
1610612742,2.25564856126
1610612743,2.32311340061
1610612744,2.45844528149
1610612745,2.34491914933
1610612746,2.17720802403
1610612747,2.17828359191
1610612748,2.02419092968
1610612749,2.21282342528
1610612750,2.24517070346
1610612751,2.14372650972
1610612752,2.07493363642
1610612753,2.15811823234
1610612754,2.13351935894
1610612755,2.31466287125
1610612756,2.30260892008
1610612757,2.20707850399
1610612758,2.25956140888
1610612759,2.12920145904
1610612760,2.31692761694
1610612761,2.16179687476
1610612762,2.02740421716
1610612763,2.08701032497
1610612764,2.15983608783
1610612765,2.23691427536
1610612766,2.09989909374
