,PPM
1610612737,2.23730771206
1610612738,2.37535956993
1610612739,2.14261879558
1610612740,2.20944578456
1610612741,2.27286003299
1610612742,2.2399512153
1610612743,2.24850102606
1610612744,2.39937044487
1610612745,2.31747757655
1610612746,2.22634472708
1610612747,2.24501448549
1610612748,2.09276302853
1610612749,2.1225030567
1610612750,2.24009292338
1610612751,2.21875205608
1610612752,2.200416684
1610612753,2.22140646921
1610612754,2.28247684294
1610612755,2.30681309029
1610612756,2.36181111637
1610612757,2.24552188471
1610612758,2.3787795936
1610612759,2.09534072733
1610612760,2.37575445356
1610612761,2.14683182298
1610612762,2.06519398825
1610612763,2.10472628055
1610612764,2.2918364835
1610612765,2.2149105523
1610612766,2.13942590394
