,PPM
1610612737,2.23915554297
1610612738,2.38647942987
1610612739,2.13906773512
1610612740,2.18918238925
1610612741,2.26446211419
1610612742,2.25777897741
1610612743,2.28039334923
1610612744,2.4198124239
1610612745,2.33202575461
1610612746,2.20451294074
1610612747,2.25201749593
1610612748,2.10202363688
1610612749,2.15049369663
1610612750,2.26556515319
1610612751,2.1802384552
1610612752,2.22116043612
1610612753,2.22088522618
1610612754,2.25038510126
1610612755,2.29830471832
1610612756,2.35509618827
1610612757,2.23553290349
1610612758,2.40973448608
1610612759,2.10002321424
1610612760,2.37741369205
1610612761,2.16290590102
1610612762,2.07698882437
1610612763,2.09212786603
1610612764,2.27215582965
1610612765,2.19359836787
1610612766,2.14190773067
