,PPM
1610612737,2.241590815
1610612738,2.38608298652
1610612739,2.15305782015
1610612740,2.18765471602
1610612741,2.26463270019
1610612742,2.25767812642
1610612743,2.27953955474
1610612744,2.42093891087
1610612745,2.33231813355
1610612746,2.2066292526
1610612747,2.25263781935
1610612748,2.09764079798
1610612749,2.13577196729
1610612750,2.27344817082
1610612751,2.18326648532
1610612752,2.21914402864
1610612753,2.23270874394
1610612754,2.25010313588
1610612755,2.30380980132
1610612756,2.35993277587
1610612757,2.23561662853
1610612758,2.39231213156
1610612759,2.10505575839
1610612760,2.38021964544
1610612761,2.16365965553
1610612762,2.08067971255
1610612763,2.09091851487
1610612764,2.27302496272
1610612765,2.17985354057
1610612766,2.12346888292
