,PPM
1610612737,2.17695327223
1610612738,2.31036207578
1610612739,2.14823016116
1610612740,2.08816199007
1610612741,2.19794289986
1610612742,2.26111223548
1610612743,2.32771205649
1610612744,2.39647080105
1610612745,2.35038282904
1610612746,2.1818290021
1610612747,2.1837471276
1610612748,2.02922069125
1610612749,2.21891864413
1610612750,2.25063437768
1610612751,2.14923639451
1610612752,2.07949115195
1610612753,2.16374271353
1610612754,2.13902904823
1610612755,2.3198224968
1610612756,2.30719662822
1610612757,2.21083488865
1610612758,2.26502508855
1610612759,2.13381134713
1610612760,2.32239143339
1610612761,2.167891916
1610612762,2.03200301532
1610612763,2.09160898085
1610612764,2.16535040333
1610612765,2.19665489844
1610612766,2.10553108172
