,PPM
1610612737,2.26028983529
1610612738,2.39641432098
1610612739,2.1626528257
1610612740,2.18737821161
1610612741,2.28895772467
1610612742,2.26605205385
1610612743,2.27330667992
1610612744,2.44572958674
1610612745,2.33380388751
1610612746,2.22150197645
1610612747,2.27937024623
1610612748,2.05320746328
1610612749,2.14549863017
1610612750,2.25861855051
1610612751,2.18860132304
1610612752,2.24158487453
1610612753,2.23096479765
1610612754,2.2118744815
1610612755,2.29199669651
1610612756,2.34464105634
1610612757,2.24763185086
1610612758,2.3882905344
1610612759,2.13607754784
1610612760,2.37624010842
1610612761,2.20097983116
1610612762,2.11236842897
1610612763,2.09140655631
1610612764,2.32016950552
1610612765,2.1987112377
1610612766,2.10801258017
