,PPM
1610612737,2.25132078824
1610612738,2.37720338145
1610612739,2.1599369151
1610612740,2.17700732255
1610612741,2.29346641203
1610612742,2.26268990143
1610612743,2.28268126336
1610612744,2.43459418703
1610612745,2.33311635528
1610612746,2.21478578837
1610612747,2.28914181371
1610612748,2.05634250766
1610612749,2.14572912911
1610612750,2.24518045167
1610612751,2.17308774978
1610612752,2.22871639775
1610612753,2.22707105133
1610612754,2.21890496945
1610612755,2.29314416566
1610612756,2.3538470757
1610612757,2.25274920277
1610612758,2.38111857521
1610612759,2.13728023941
1610612760,2.35762088873
1610612761,2.19563399577
1610612762,2.09641808056
1610612763,2.08423273376
1610612764,2.31785914341
1610612765,2.1964776538
1610612766,2.11398003513
