,PPM
1610612737,2.24921743074
1610612738,2.39094251655
1610612739,2.15933172573
1610612740,2.17921368714
1610612741,2.29041181495
1610612742,2.26324885791
1610612743,2.28376935585
1610612744,2.43154755719
1610612745,2.34332768053
1610612746,2.21457918114
1610612747,2.27747602942
1610612748,2.05663764168
1610612749,2.14445478962
1610612750,2.24739365946
1610612751,2.17463693672
1610612752,2.23116229836
1610612753,2.22680327734
1610612754,2.21467183231
1610612755,2.29261541025
1610612756,2.3440776523
1610612757,2.23208802353
1610612758,2.38286968724
1610612759,2.11220579358
1610612760,2.36958338411
1610612761,2.1939484174
1610612762,2.09726376662
1610612763,2.09746542516
1610612764,2.3180255871
1610612765,2.20010387739
1610612766,2.11742881845
