,PPM
1610612737,2.28996178256
1610612738,2.40414706092
1610612739,2.17631398955
1610612740,2.20335594066
1610612741,2.24847291468
1610612742,2.27503018073
1610612743,2.2963532299
1610612744,2.44237550376
1610612745,2.29510827872
1610612746,2.2249743798
1610612747,2.26203671907
1610612748,2.06289662372
1610612749,2.20617928585
1610612750,2.27696852099
1610612751,2.11234467626
1610612752,2.23919776681
1610612753,2.26629210232
1610612754,2.266067569
1610612755,2.24735083115
1610612756,2.30888287174
1610612757,2.26713909179
1610612758,2.36645380062
1610612759,2.16454092788
1610612760,2.33861718205
1610612761,2.21570221148
1610612762,2.01028268522
1610612763,2.08744553262
1610612764,2.2645441348
1610612765,2.20922476959
1610612766,2.1010374758
