,PPM
1610612737,2.23525896661
1610612738,2.37530401611
1610612739,2.14088740401
1610612740,2.22575237098
1610612741,2.27980673513
1610612742,2.23697043416
1610612743,2.25085149664
1610612744,2.40328377355
1610612745,2.33167308812
1610612746,2.22558322442
1610612747,2.25644901522
1610612748,2.09175496591
1610612749,2.12924945861
1610612750,2.2377761609
1610612751,2.20213843613
1610612752,2.20205980346
1610612753,2.21621383161
1610612754,2.2796596123
1610612755,2.30573059246
1610612756,2.34428427658
1610612757,2.24352289599
1610612758,2.37856580474
1610612759,2.10143331256
1610612760,2.37497432813
1610612761,2.14470252495
1610612762,2.06497656299
1610612763,2.10476672843
1610612764,2.30632129405
1610612765,2.21352085711
1610612766,2.14450133223
