,PPM
1610612737,2.23444033822
1610612738,2.39375754853
1610612739,2.14809446735
1610612740,2.17139169221
1610612741,2.26619240874
1610612742,2.2561979604
1610612743,2.27293246351
1610612744,2.40913902153
1610612745,2.34338154428
1610612746,2.21323124273
1610612747,2.25476312821
1610612748,2.09918311259
1610612749,2.11323175028
1610612750,2.2738945355
1610612751,2.19164462364
1610612752,2.23269881275
1610612753,2.23311047329
1610612754,2.22994332396
1610612755,2.30639808335
1610612756,2.33978095895
1610612757,2.23844325701
1610612758,2.39281812914
1610612759,2.11143553541
1610612760,2.37587030528
1610612761,2.17074868586
1610612762,2.08026616917
1610612763,2.10000901874
1610612764,2.29945747537
1610612765,2.20299503686
1610612766,2.12101943898
