,PPM
1610612737,2.22882702529
1610612738,2.37069441657
1610612739,2.13503944536
1610612740,2.22201109178
1610612741,2.27972933701
1610612742,2.23562821606
1610612743,2.24571338171
1610612744,2.40431824691
1610612745,2.3287257347
1610612746,2.22620838047
1610612747,2.24849938078
1610612748,2.08196654808
1610612749,2.13282460574
1610612750,2.23959039833
1610612751,2.20955548354
1610612752,2.20998987121
1610612753,2.21727768958
1610612754,2.28103259931
1610612755,2.3072738929
1610612756,2.34550000499
1610612757,2.24447221886
1610612758,2.37400702625
1610612759,2.10320766148
1610612760,2.36570200856
1610612761,2.14046320975
1610612762,2.06676375951
1610612763,2.10671048023
1610612764,2.30738682546
1610612765,2.21849459033
1610612766,2.14464629368
