,PPM
1610612737,2.27332435847
1610612738,2.35236377278
1610612739,2.19049662402
1610612740,2.17161982765
1610612741,2.25837221995
1610612742,2.26446815987
1610612743,2.30140686429
1610612744,2.44865807634
1610612745,2.29520331271
1610612746,2.24139655811
1610612747,2.26681612732
1610612748,2.0036924183
1610612749,2.2497904968
1610612750,2.25165026413
1610612751,2.13819376232
1610612752,2.25890342928
1610612753,2.23369584482
1610612754,2.23139457454
1610612755,2.27759825687
1610612756,2.34163305592
1610612757,2.24811988472
1610612758,2.38990062032
1610612759,2.14012185696
1610612760,2.37471034742
1610612761,2.24243805595
1610612762,1.99375559948
1610612763,2.10551853653
1610612764,2.26446900167
1610612765,2.18917666147
1610612766,2.09926230765
