,PPM
1610612737,2.22544461797
1610612738,2.38843821183
1610612739,2.13232353088
1610612740,2.21007742876
1610612741,2.27658432142
1610612742,2.25943944384
1610612743,2.2676302626
1610612744,2.4088299019
1610612745,2.322829389
1610612746,2.21354109664
1610612747,2.23940641695
1610612748,2.09980744639
1610612749,2.14432923133
1610612750,2.25160247
1610612751,2.18760785947
1610612752,2.21247969676
1610612753,2.22029368131
1610612754,2.26688919765
1610612755,2.28976657187
1610612756,2.36339827932
1610612757,2.23916810231
1610612758,2.38896188554
1610612759,2.08145456755
1610612760,2.37420349462
1610612761,2.15330998991
1610612762,2.07744728693
1610612763,2.09200028256
1610612764,2.29860218763
1610612765,2.18853844952
1610612766,2.15143992976
