,PPM
1610612737,2.22856406786
1610612738,2.37005000181
1610612739,2.134318931
1610612740,2.22259378238
1610612741,2.28503639518
1610612742,2.23497773514
1610612743,2.24517798359
1610612744,2.39461516147
1610612745,2.33097258876
1610612746,2.22920855951
1610612747,2.24944154579
1610612748,2.08190594077
1610612749,2.13665380018
1610612750,2.23508957641
1610612751,2.20884508146
1610612752,2.21368950822
1610612753,2.21842952392
1610612754,2.29048497291
1610612755,2.30548565326
1610612756,2.34626724123
1610612757,2.23926283885
1610612758,2.37665882857
1610612759,2.10283940531
1610612760,2.36530355795
1610612761,2.13074053113
1610612762,2.07767179672
1610612763,2.10695689269
1610612764,2.30647755345
1610612765,2.21750575136
1610612766,2.14978440856
