,PPM
1610612737,2.2770644037
1610612738,2.4463844118
1610612739,2.15662871321
1610612740,2.17839975393
1610612741,2.29186211599
1610612742,2.253575464
1610612743,2.29797364737
1610612744,2.46240582357
1610612745,2.31962670683
1610612746,2.22196494983
1610612747,2.29038142125
1610612748,2.04129652856
1610612749,2.20074508766
1610612750,2.26458653526
1610612751,2.13925714318
1610612752,2.23510529743
1610612753,2.22055311477
1610612754,2.22929711488
1610612755,2.27832338292
1610612756,2.33374976689
1610612757,2.25966781131
1610612758,2.37721733635
1610612759,2.14761364545
1610612760,2.36329756954
1610612761,2.18903408497
1610612762,2.03809381968
1610612763,2.10945201972
1610612764,2.31066391138
1610612765,2.21005489472
1610612766,2.09952374557
