,PPM
1610612737,2.23527071406
1610612738,2.38473599621
1610612739,2.15933771117
1610612740,2.17132543661
1610612741,2.27929580641
1610612742,2.25800058054
1610612743,2.27081031615
1610612744,2.43331246945
1610612745,2.3412841362
1610612746,2.21556153195
1610612747,2.27423481304
1610612748,2.08918847619
1610612749,2.12654875381
1610612750,2.27747002238
1610612751,2.18045131028
1610612752,2.23190679021
1610612753,2.22902672281
1610612754,2.228280146
1610612755,2.31041055042
1610612756,2.34037715928
1610612757,2.23059727626
1610612758,2.38437612924
1610612759,2.11737615943
1610612760,2.38035659491
1610612761,2.18544445194
1610612762,2.08599139767
1610612763,2.09435358757
1610612764,2.29724687346
1610612765,2.20454818923
1610612766,2.12846889822
