,PPM
1610612737,2.2278961639
1610612738,2.37147378644
1610612739,2.13451001221
1610612740,2.22310183534
1610612741,2.28452129954
1610612742,2.22428624031
1610612743,2.24496277457
1610612744,2.39131444393
1610612745,2.33091453977
1610612746,2.22927371629
1610612747,2.2599788071
1610612748,2.08069246321
1610612749,2.136890482
1610612750,2.23425007441
1610612751,2.20541219714
1610612752,2.21362506572
1610612753,2.21860669348
1610612754,2.290036995
1610612755,2.30506587424
1610612756,2.3495673903
1610612757,2.23789169913
1610612758,2.38061190457
1610612759,2.1029887395
1610612760,2.37037452284
1610612761,2.13097157781
1610612762,2.07759596029
1610612763,2.11112556833
1610612764,2.29477687357
1610612765,2.22631093689
1610612766,2.15110436363
