,PPM
1610612737,2.27135115198
1610612738,2.394041843
1610612739,2.181567268
1610612740,2.16517220143
1610612741,2.27467948651
1610612742,2.25446959767
1610612743,2.29588836479
1610612744,2.46088034788
1610612745,2.31184225611
1610612746,2.23401908011
1610612747,2.25148294003
1610612748,2.01233344368
1610612749,2.21895280969
1610612750,2.26882925106
1610612751,2.11813148265
1610612752,2.24827844958
1610612753,2.24605221204
1610612754,2.2321482227
1610612755,2.26749028673
1610612756,2.33085046838
1610612757,2.26419368146
1610612758,2.39288562986
1610612759,2.16080461414
1610612760,2.3820003357
1610612761,2.2193645643
1610612762,1.99385008685
1610612763,2.12159524935
1610612764,2.26823517849
1610612765,2.18770507256
1610612766,2.09209303733
