,PPM
1610612737,2.23496525213
1610612738,2.38249280135
1610612739,2.14191785516
1610612740,2.20945036719
1610612741,2.27358970716
1610612742,2.2461521186
1610612743,2.25671864329
1610612744,2.40528484474
1610612745,2.3088356499
1610612746,2.20751987206
1610612747,2.24522142293
1610612748,2.10041078001
1610612749,2.12959579193
1610612750,2.24075687452
1610612751,2.21781753442
1610612752,2.20024632936
1610612753,2.22079385215
1610612754,2.28106168831
1610612755,2.30544934363
1610612756,2.3641096913
1610612757,2.22827229817
1610612758,2.38484637406
1610612759,2.09500382585
1610612760,2.37384231053
1610612761,2.1457836447
1610612762,2.07253094163
1610612763,2.10691528995
1610612764,2.29119052869
1610612765,2.20712234795
1610612766,2.13928832963
