,PPM
1610612737,2.2691901403
1610612738,2.40526547416
1610612739,2.18084235436
1610612740,2.1942103433
1610612741,2.2880515339
1610612742,2.25833632996
1610612743,2.27576742308
1610612744,2.45316189055
1610612745,2.3413034555
1610612746,2.21469695642
1610612747,2.27502019639
1610612748,2.03063320827
1610612749,2.14686289687
1610612750,2.27901918007
1610612751,2.16926222954
1610612752,2.25115669285
1610612753,2.21126379144
1610612754,2.22254646422
1610612755,2.27931560129
1610612756,2.33685067566
1610612757,2.2511936364
1610612758,2.37236266698
1610612759,2.13905120983
1610612760,2.36362381365
1610612761,2.21054602267
1610612762,2.06788998866
1610612763,2.0965276164
1610612764,2.32096956089
1610612765,2.20215293889
1610612766,2.10349131651
