,PPM
1610612737,2.20950402018
1610612738,2.3078436162
1610612739,2.19524372326
1610612740,2.15827466131
1610612741,2.24710695523
1610612742,2.26108643705
1610612743,2.30251358798
1610612744,2.44568166329
1610612745,2.32504059297
1610612746,2.20371138903
1610612747,2.20022926338
1610612748,2.01073067002
1610612749,2.28753225283
1610612750,2.26840201858
1610612751,2.16869072279
1610612752,2.14856760932
1610612753,2.21401101415
1610612754,2.18429830139
1610612755,2.31701827536
1610612756,2.3069505238
1610612757,2.21436518878
1610612758,2.28546178312
1610612759,2.15467476232
1610612760,2.34323083012
1610612761,2.21313748753
1610612762,1.98122976166
1610612763,2.1151724188
1610612764,2.21562934419
1610612765,2.19507703894
1610612766,2.08666117655
