,PPM
1610612737,2.23537297793
1610612738,2.38741434789
1610612739,2.14345683972
1610612740,2.20783267177
1610612741,2.27578684828
1610612742,2.24636392469
1610612743,2.25345832898
1610612744,2.4069454169
1610612745,2.32522870101
1610612746,2.2169391107
1610612747,2.2317160256
1610612748,2.09967896298
1610612749,2.14436049206
1610612750,2.25276940688
1610612751,2.19821243104
1610612752,2.21137542363
1610612753,2.22169312499
1610612754,2.26736543941
1610612755,2.28894190058
1610612756,2.36641061388
1610612757,2.22918216395
1610612758,2.38418918863
1610612759,2.09624359318
1610612760,2.37534674333
1610612761,2.14753860153
1610612762,2.07512553762
1610612763,2.09160795968
1610612764,2.2894324595
1610612765,2.18886147134
1610612766,2.15075161519
