,PPM
1610612737,2.23410098842
1610612738,2.37985010842
1610612739,2.13843153904
1610612740,2.19023542549
1610612741,2.26707942667
1610612742,2.26868453264
1610612743,2.27792071529
1610612744,2.40515459417
1610612745,2.33240724334
1610612746,2.19873840059
1610612747,2.23475602263
1610612748,2.10273846958
1610612749,2.14940183994
1610612750,2.26675118101
1610612751,2.18264655723
1610612752,2.22204543749
1610612753,2.22036444025
1610612754,2.25632588442
1610612755,2.29782917938
1610612756,2.35599194093
1610612757,2.23775109429
1610612758,2.41165956244
1610612759,2.09912449758
1610612760,2.37629249099
1610612761,2.16432083235
1610612762,2.07587986369
1610612763,2.10146413945
1610612764,2.2802544021
1610612765,2.19481860765
1610612766,2.14110994487
