,PPM
1610612737,2.28278963058
1610612738,2.35344151422
1610612739,2.1898721886
1610612740,2.14546976617
1610612741,2.25812159371
1610612742,2.27239568559
1610612743,2.30426218377
1610612744,2.42378926991
1610612745,2.30249117248
1610612746,2.20865053245
1610612747,2.2752084329
1610612748,2.00688871791
1610612749,2.27160302201
1610612750,2.25384958112
1610612751,2.15826128811
1610612752,2.19698012664
1610612753,2.24641275236
1610612754,2.19428121575
1610612755,2.286588429
1610612756,2.34517051744
1610612757,2.25710999884
1610612758,2.35750157743
1610612759,2.14055202201
1610612760,2.37676081804
1610612761,2.25099825041
1610612762,1.95913922838
1610612763,2.13144162299
1610612764,2.20229939164
1610612765,2.1955486726
1610612766,2.10173844102
