,PPM
1610612737,2.26816775546
1610612738,2.40567764409
1610612739,2.17749011802
1610612740,2.19629402461
1610612741,2.28936222454
1610612742,2.25539023707
1610612743,2.27576412695
1610612744,2.44410447749
1610612745,2.33934851135
1610612746,2.22505552222
1610612747,2.27430463633
1610612748,2.05202522847
1610612749,2.14671204948
1610612750,2.26767468419
1610612751,2.16915593552
1610612752,2.25148561245
1610612753,2.21139268146
1610612754,2.21947351179
1610612755,2.27770910124
1610612756,2.34761631119
1610612757,2.24844396533
1610612758,2.37065612146
1610612759,2.13921841339
1610612760,2.36260174381
1610612761,2.20934262138
1610612762,2.0902367699
1610612763,2.09589033337
1610612764,2.32069945766
1610612765,2.20060940375
1610612766,2.10260049281
