,PPM
1610612737,2.29348607046
1610612738,2.40487185503
1610612739,2.17004460999
1610612740,2.20027981527
1610612741,2.28325151886
1610612742,2.26810704421
1610612743,2.30860441727
1610612744,2.43937182233
1610612745,2.29127464611
1610612746,2.22595496638
1610612747,2.26233783887
1610612748,2.05617916107
1610612749,2.20664623577
1610612750,2.26075082457
1610612751,2.10520331825
1610612752,2.23940088503
1610612753,2.25961491573
1610612754,2.26224286678
1610612755,2.24611591505
1610612756,2.30312106389
1610612757,2.2945205121
1610612758,2.36248987458
1610612759,2.16077640316
1610612760,2.36916069152
1610612761,2.21296559667
1610612762,2.0217224981
1610612763,2.11532871729
1610612764,2.26502271603
1610612765,2.20330708976
1610612766,2.09027932839
