,PPM
1610612737,2.27227448368
1610612738,2.4115728926
1610612739,2.17927984985
1610612740,2.19301346562
1610612741,2.2881741047
1610612742,2.26490525938
1610612743,2.29579612486
1610612744,2.45998621551
1610612745,2.32049412119
1610612746,2.22090135123
1610612747,2.27914909128
1610612748,2.03071332987
1610612749,2.16745649972
1610612750,2.27503306929
1610612751,2.14690462981
1610612752,2.25319969342
1610612753,2.21777054002
1610612754,2.22817093427
1610612755,2.27862862959
1610612756,2.33310692403
1610612757,2.25590042778
1610612758,2.37835676093
1610612759,2.14652526213
1610612760,2.362481958
1610612761,2.20833709963
1610612762,2.06324235855
1610612763,2.10510094352
1610612764,2.31644172134
1610612765,2.20897300777
1610612766,2.10832776968
