,PPM
1610612737,2.23401419193
1610612738,2.38550928921
1610612739,2.14562478243
1610612740,2.17246144398
1610612741,2.28006899745
1610612742,2.25942536427
1610612743,2.27243023114
1610612744,2.42299453784
1610612745,2.34166401446
1610612746,2.20351355142
1610612747,2.27276899421
1610612748,2.09594851869
1610612749,2.11308509975
1610612750,2.2774431458
1610612751,2.18259808348
1610612752,2.2354265655
1610612753,2.22875165547
1610612754,2.22832265397
1610612755,2.31289563188
1610612756,2.34152456472
1610612757,2.23022058366
1610612758,2.39110519421
1610612759,2.11646212414
1610612760,2.37980719092
1610612761,2.18570320907
1610612762,2.08620630204
1610612763,2.09684454191
1610612764,2.29932830529
1610612765,2.20672773504
1610612766,2.12768659237
