,PPM
1610612737,2.23822037258
1610612738,2.37713325087
1610612739,2.14238400139
1610612740,2.21180205141
1610612741,2.27461965637
1610612742,2.24027863487
1610612743,2.24958739104
1610612744,2.40021626671
1610612745,2.31792482251
1610612746,2.22725761383
1610612747,2.24108854408
1610612748,2.09324349007
1610612749,2.12407644905
1610612750,2.23840747117
1610612751,2.2040523395
1610612752,2.20037384105
1610612753,2.21995829696
1610612754,2.28268700011
1610612755,2.30174017422
1610612756,2.34707501284
1610612757,2.24641953775
1610612758,2.37991957373
1610612759,2.09638147405
1610612760,2.37696651619
1610612761,2.14774316816
1610612762,2.0650105647
1610612763,2.10657212282
1610612764,2.29025035224
1610612765,2.21623341339
1610612766,2.14014917606
