,PPM
1610612737,2.23228560655
1610612738,2.37761754693
1610612739,2.12860473881
1610612740,2.19636400956
1610612741,2.26663822005
1610612742,2.26159799264
1610612743,2.27837883633
1610612744,2.40595104101
1610612745,2.32740721394
1610612746,2.19939317722
1610612747,2.23630401235
1610612748,2.10452020437
1610612749,2.14074518279
1610612750,2.26528384335
1610612751,2.18746896678
1610612752,2.22047779936
1610612753,2.21754986392
1610612754,2.25835882733
1610612755,2.29712513445
1610612756,2.361016541
1610612757,2.23826644282
1610612758,2.40342247488
1610612759,2.09131462552
1610612760,2.37979591972
1610612761,2.15441204878
1610612762,2.0760734654
1610612763,2.09737608701
1610612764,2.286939408
1610612765,2.19562755832
1610612766,2.14652065323
