,PPM
1610612737,2.24234143781
1610612738,2.39268469469
1610612739,2.15311501415
1610612740,2.17112244594
1610612741,2.26603859211
1610612742,2.25673554955
1610612743,2.2727030845
1610612744,2.41214626698
1610612745,2.3324140557
1610612746,2.21547418918
1610612747,2.25738817118
1610612748,2.09704452551
1610612749,2.13482389233
1610612750,2.27409217688
1610612751,2.1898157519
1610612752,2.21961441617
1610612753,2.2330724127
1610612754,2.2490317029
1610612755,2.3032589904
1610612756,2.3403298591
1610612757,2.24184665126
1610612758,2.39224520969
1610612759,2.10534930269
1610612760,2.38015339751
1610612761,2.16941147006
1610612762,2.08071426387
1610612763,2.09056717052
1610612764,2.27255139624
1610612765,2.18028312273
1610612766,2.12251324484
