NBA_ID,First Name,Last Name,FPPG,Played,Game,Team,Opp,Status,Injury Details,Actual_FD,Actual_DK,Actual_MIN,AST,BLK,FG3A,FTA,OREB,DREB,STL,TOV,REB,FGM,FG3M,FGA,FTM,PTS,MIN,DD,TD,FD,DK,FD_std,DK_std,fd_Pos,fd_Salary
201939,Stephen,Curry,51.9,7,DET@GS,GS,DET,,,36.5,40.75,0,7.28917781416,0.278185950419,10.7070254763,6.23836039324,0.597452874755,3.50793405162,2.51290475971,3.40088452186,4.10538692638,10.3802000278,4.99962597074,20.1284896925,5.60081217594,31.3608382022,37.0,0.20956376868,0.0019819832776,49.4023661335,54.128182329,20.8029217105,23.0172212719,PG,10900
202326,DeMarcus,Cousins,38.0,3,SA@SAC,SAC,SA,GTD,Achilles,41.9,46.0,0,3.14427388925,1.42816865175,1.72232887856,10.0431867253,3.16804360255,5.63900332395,1.20887682879,4.02710539398,8.8070469265,7.78367956787,0.488351237746,18.307255723,7.61638763975,23.6720980132,32.0,0.382896616237,0.000593314211441,40.203950726,43.4781562552,18.7107345146,18.4736933644,C,10300
201933,Blake,Griffin,47.4,6,MEM@LAC,LAC,MEM,,,43.4,46.5,0,4.70474254931,0.595484839198,0.440804289029,7.57479828861,2.01646872122,6.10359337198,0.774777354002,2.18018659354,8.1200620932,10.9693523722,0.0630025089206,19.8460145012,5.89691627136,27.8986235246,38.0,0.320121208296,0.00665287697033,45.2601496533,47.2878877525,21.360496937,20.7982305869,PF,10200
101108,Chris,Paul,34.5,5,MEM@LAC,LAC,MEM,GTD,Groin,22.8,25.5,0,8.57248741623,0.0752962049348,3.85235498939,4.60480067514,0.363309305632,2.42314594856,1.66557126956,2.67198657404,2.78645525419,6.12233972452,1.27314289597,13.0876530827,3.86789458428,17.3857169293,33.0,0.338220663393,0.000218263230819,34.3979427336,37.0178160161,12.7822392093,12.9794406015,PG,9400
203083,Andre,Drummond,46.7,5,DET@GS,DET,GS,,,40.5,44.75,0,0.585978097934,1.88243822067,0.0117025750245,6.1094652214,6.17452791532,9.63324734356,1.5252336908,2.0581068146,15.8077752589,7.50115708456,0.000126782196313,13.7915801239,2.27809688001,17.2805378313,35.0,0.905034923595,2.97896956462e-05,41.8860722972,45.063219613,15.7121556733,15.190275926,C,9300
203081,Damian,Lillard,40.1,6,POR@DEN,POR,DEN,,,45.1,47.25,0,7.18046908521,0.264173678264,8.4930100224,5.18466299852,0.640854136906,1.98876659354,1.19169981375,3.53043443632,2.62962073045,9.16067695268,3.42315890713,20.0704694456,4.60197273235,26.3464855448,38.0,0.188006766911,7.69780043636e-05,39.6540465969,43.5445653895,19.0632555721,20.4901410629,PG,8900
202331,Paul,George,40.1,6,ORL@IND,IND,ORL,,,38.3,43.0,0,4.04799446494,0.286203133119,6.56343290572,6.33725583898,1.70910294598,3.91656547162,1.75267832707,3.62635440964,5.6256684176,7.30280626026,2.39944851994,17.7671926987,5.37383016939,22.3788912099,36.0,0.0685864932024,0.000527186641556,35.6530935191,39.0517397045,16.5723461031,17.5048757481,SF,8500
202695,Kawhi,Leonard,38.0,6,SA@SAC,SA,SAC,,,38.6,40.25,0,1.68149775795,1.12477702293,3.19308433737,3.03755675219,1.11672932173,4.2841315931,2.08211263677,1.59639158696,5.40086091483,7.81067954518,1.1677541913,15.243526156,2.56259296331,19.351706245,32.0,0.0474120152917,3.59128220419e-06,33.1723737121,34.8956184438,14.8759488683,14.7720204763,SF,8200
200746,LaMarcus,Aldridge,29.1,6,SA@SAC,SA,SAC,,,30.3,31.75,0,1.56603390872,0.661102528781,0.732189899992,3.47323975617,1.92896993547,4.2699114579,0.361974751041,1.47194004797,6.19888139337,5.94381382384,0.157397601393,12.8965190347,2.93521953451,14.9802447836,26.0,0.0884124027927,5.2546646811e-07,25.3421678304,26.5994009053,13.7555405426,13.3857559428,PF,8200
200794,Paul,Millsap,37.9,8,MIN@ATL,ATL,MIN,,,42.0,45.25,0,3.99899752483,1.1731588242,3.63408248484,5.26440943814,1.9507371647,5.07411907696,2.29678289352,2.25525953316,7.02485624166,6.06730875407,1.3715980087,12.7011760851,3.77717910593,17.2833946228,35.0,0.170321273876,0.00134335094217,36.3963423023,38.8205258489,12.700093009,12.9001726205,PF,8100
203506,Victor,Oladipo,35.8,7,ORL@IND,ORL,IND,,,28.4,31.25,0,4.25374241999,0.669359844635,4.65203740105,3.07014701553,0.579318172988,4.80353831477,1.74224192375,2.25863804227,5.38285648776,6.4976334896,1.31288890242,16.3006553338,2.61232155846,16.9204774401,38.0,0.0560837285185,0.000540659727081,32.3250843499,34.4657382186,14.8281069452,15.1411144974,SG,8000
202704,Reggie,Jackson,32.6,5,DET@GS,DET,GS,,,27.9,31.5,0,5.55769445942,0.22230677367,3.4551437875,4.22471805835,0.580860764236,1.92669022407,0.96663778938,3.37013187934,2.5075509883,7.10061240102,1.18924821299,16.0713282814,3.33851105928,18.7289840743,30.0,0.0551143291674,1.55752548586e-05,29.0823441962,31.5701300113,15.3402734649,15.3919130063,PG,8000
201599,DeAndre,Jordan,34.3,6,MEM@LAC,LAC,MEM,,,35.9,38.5,0,1.07606598155,3.5055790677,0.0200060090539,6.02599905521,3.95406717107,8.93005574424,0.614746482774,1.61208255349,12.8841229153,4.71550896634,0.00500105630223,6.47676786821,2.19952383597,11.635542825,36.0,0.613989312253,0.00204731424696,35.3391578431,37.7190317049,8.78851449057,8.00438977559,C,8000
202710,Jimmy,Butler,35.6,7,CHI@PHI,CHI,PHI,,,20.7,23.0,0,2.19780018559,0.530858402567,2.65229074941,4.6705290171,0.64982580013,2.70161594762,1.36296418824,1.0204633266,3.35144174775,4.36770275554,1.12837104825,9.86888686248,3.7168305132,13.5806070725,26.0,0.00213320272167,2.08750705743e-07,23.6662193032,24.9114090084,10.1935016341,10.3604134165,SG,7900
202696,Nikola,Vucevic,33.2,5,ORL@IND,ORL,IND,GTD,Knee,0.0,0.0,0,0.0,0.0,0.0,0.0,0.0,0.0,0.0,0.0,0.0,0.0,0.0,0.0,0.0,0.0,0.0,,,0.0,,0.902864604156,,C,7800
2200,Pau,Gasol,31.9,7,CHI@PHI,CHI,PHI,,,39.3,40.25,0,2.2477984445,1.75574945515,0.44815076665,3.37900035265,2.26230752462,5.50445139193,0.610313238568,1.50063869018,7.76675891656,6.55776833165,0.0561399095095,13.5126162071,2.62115787822,15.792834451,30.0,0.234973250218,3.18450951299e-05,31.7161295149,33.2354121712,14.6916014787,14.2672262429,PF,7800
203110,Draymond,Green,30.7,7,DET@GS,GS,DET,,,42.5,43.5,0,5.50493122698,1.19069612989,3.71058357026,2.54895599002,1.60543881695,4.17706278507,1.57309550537,2.1169391063,5.78250160202,4.10274275346,1.49183976201,9.42830459975,1.69317426253,11.3904995315,33.0,0.0872295390158,0.00262160572607,29.9975424586,32.2297660985,9.74907930237,10.2984313622,PF,7600
201143,Al,Horford,34.3,8,MIN@ATL,ATL,MIN,,,26.7,28.5,0,2.89546662032,1.48588208196,2.32270602369,1.98089552733,2.30842852812,4.51711407887,0.845727784239,1.67289227636,6.82554260699,7.36317137796,0.611669274581,14.5412006362,1.70343689877,17.0414489293,33.0,0.143802280774,0.000121834220227,32.5656274442,34.2652542738,14.4048314966,14.0794672112,C,7600
200752,Rudy,Gay,29.5,7,SA@SAC,SAC,SA,,,22.0,23.25,0,2.9381062139,0.374943855476,3.02479685837,3.53339934169,1.7720192797,3.26619202566,1.08446373727,2.2215291183,5.03821130536,6.8956096335,1.03573952351,16.5161666149,2.84537502222,17.6723338127,32.0,0.0324911550734,2.987262996e-05,28.8226327672,30.7520040039,15.679598214,15.6770179159,SF,7600
201937,Ricky,Rubio,35.8,5,MIN@ATL,MIN,ATL,,,27.2,28.25,0,7.69823480888,0.0263342219278,1.67208664866,3.67853147205,0.50756397538,2.11917237967,1.81438743057,2.1116637291,2.62673635505,3.24528384167,0.395494618673,8.60190895133,3.18093549309,10.0669977951,27.0,0.152287850169,6.49174883058e-05,26.3362132104,27.9497557297,8.75188718286,8.66477562067,PG,7500
203457,Nerlens,Noel,30.1,6,CHI@PHI,PHI,CHI,,,0.0,0.0,0,0.0,0.0,0.0,0.0,0.0,0.0,0.0,0.0,0.0,0.0,0.0,0.0,0.0,0.0,0.0,,,0.0,,0.994841212526,,PF,7400
201952,Jeff,Teague,32.0,8,MIN@ATL,ATL,MIN,,,41.9,45.5,0,7.77958715349,0.691958562269,3.46629547019,5.85165294412,0.522284302596,2.04873848219,1.76299410702,3.37207720398,2.57102278479,6.81452476449,1.1100920715,15.3510400121,5.07175930317,19.8109009036,35.0,0.251316051338,9.05694227786e-05,36.1033371102,38.8502186725,14.7760520919,14.8273088917,PG,7400
201188,Marc,Gasol,24.9,7,MEM@LAC,MEM,LAC,,,26.9,29.25,0,4.09009889293,1.26685158897,0.185282738181,6.17918706997,1.55907419793,4.34075758866,0.387001886212,2.4409566551,5.89983178659,6.31354409778,0.0163248653152,14.1882964917,4.85606061531,17.4994736762,37.0,0.0832531748368,0.000697014154684,31.5811704547,33.231773609,15.5818110124,15.2208852985,C,7200
201565,Derrick,Rose,23.0,7,CHI@PHI,CHI,PHI,,,30.0,31.25,0,4.92268566813,0.196754348018,3.10545786655,2.85350696764,0.497437356014,1.91659873129,0.423379592747,2.7722708148,2.41403608731,5.08107193919,0.675090185169,13.1680171132,2.36254695192,13.1997810155,28.0,0.0240002992029,5.02719847857e-06,21.9486498891,23.8290477239,12.251689065,12.2434684274,PG,6900
203952,Andrew,Wiggins,22.9,5,MIN@ATL,MIN,ATL,,,44.0,47.25,0,2.06342511178,0.613233771989,2.48016827619,6.90668253373,1.96697569187,2.09914091687,0.82437054971,2.64271026941,4.06611660873,7.54937334188,0.879950725516,18.1902267056,4.95784704408,20.9365444534,38.0,0.00897755830606,5.35612938839e-07,29.1435204255,31.1216246977,17.7453116518,17.6348442033,SF,6900
202702,Kenneth,Faried,28.5,6,POR@DEN,DEN,POR,,,28.1,29.5,0,1.29949244549,0.912977488461,0.0514785525745,4.12852500743,3.72103192576,5.63900439582,0.683125887926,1.84805428368,9.36003632157,6.11861926451,0.00627842054726,11.0069787631,2.64823956097,14.8917565105,31.0,0.41262303163,5.03467381549e-07,29.4171912337,31.4312954598,12.8033020382,12.2817985886,PF,6800
202691,Klay,Thompson,24.8,7,DET@GS,GS,DET,,,31.1,34.25,0,2.7197334924,0.767037026419,6.63902733058,2.20338623286,0.242214960239,2.59861558534,0.921833120217,1.8811793011,2.84083054558,7.4728701303,2.82238579531,16.0176657668,2.02724743833,19.7953734942,32.0,0.00122199429907,3.76486603896e-07,28.7805313797,31.2761895761,15.5274524718,16.6141277134,SG,6800
1495,Tim,Duncan,26.7,6,SA@SAC,SA,SAC,,,28.8,32.0,0,2.44461815345,1.09855225597,0.097368783511,3.2217616454,1.57635572844,4.3061157048,0.485462009064,1.73114468808,5.88247143324,3.73870064674,0.00881127523798,7.26955275429,2.51439431386,10.0006068826,23.0,0.0468474790365,1.08869777246e-05,22.1633836746,23.3977891074,8.90917972871,8.46883683571,C,6800
202699,Tobias,Harris,28.2,7,ORL@IND,ORL,IND,,,19.0,20.5,0,1.83440384672,0.393491676847,2.59767011796,3.39518622047,1.82010354785,3.55852298048,0.623324148551,1.86400402578,5.37862652834,5.42322192283,0.919850424204,11.7458350447,2.48547640244,14.2517706723,29.0,0.0411327913506,9.34102719748e-07,23.6273559014,25.3499164421,11.7507073454,11.7166658396,SF,6700
2216,Zach,Randolph,23.7,7,MEM@LAC,MEM,LAC,GTD,Calf,48.8,49.25,0,2.31136991134,0.0976252057752,0.232000890033,3.77165518859,3.38048059746,6.59725505861,1.04327667295,2.61768803923,9.97773565607,7.96351255619,0.0451970458713,16.1085787907,2.90505146982,18.8772736281,40.0,0.524213604187,7.85362134218e-05,33.9817270006,36.5986123408,17.4959498837,17.0595770913,PF,6700
201568,Danilo,Gallinari,29.2,6,POR@DEN,DEN,POR,,,14.5,16.75,0,1.91136275435,0.725758790498,5.0605092598,5.95434965093,1.19060301345,2.40352105336,0.817402454554,1.19854171982,3.59412406682,5.34759505302,1.66964244715,13.3696547865,5.29940409318,17.6642366464,35.0,0.00382063436332,1.21323862646e-07,26.7320104284,28.3515400307,12.8292338046,13.4869939555,SF,6700
1626157,Karl-Anthony,Towns,33.3,5,MIN@ATL,MIN,ATL,,,36.9,40.0,0,1.48749260499,2.72901413249,0.784727028848,3.25249648056,2.54346502978,7.45762946972,0.625638488721,1.82810389542,10.0010944995,6.49876671386,0.227671721672,13.4944388047,2.69267534908,15.9178804985,32.0,0.50091681899,0.000273997497378,35.0316341524,37.3117739069,14.4010983452,14.0259501188,C,6700
203468,C.J.,McCollum,32.8,6,POR@DEN,POR,DEN,,,21.6,23.25,0,2.90644660211,0.190130732267,5.88344743326,2.645742587,0.68650387447,2.38167028941,1.07045117986,2.01592467866,3.06817416388,7.4689794072,2.39788291775,16.4486641264,2.08649823729,19.4223399694,36.0,0.00209314192209,1.09290712549e-06,27.9690580149,30.3325135129,15.5570523327,16.346726342,SG,6600
203901,Elfrid,Payton,22.3,7,ORL@IND,ORL,IND,,,25.9,28.0,0,7.54535486306,0.40474626899,1.49029603722,2.38611989484,1.47802975854,2.26078692928,1.84887587007,3.15643303476,3.73881668782,4.52671589212,0.446213743797,11.155381951,1.73651050897,11.236156037,37.0,0.164397988003,0.000838245209042,28.3915796003,30.6289555416,11.2415015473,11.0774413255,PG,6500
201588,George,Hill,26.1,6,ORL@IND,IND,ORL,,,40.4,42.75,0,4.20024765362,0.361890121832,5.22972631044,3.83876105719,0.551249134625,2.3463609183,1.48071155504,1.93706943964,2.89761005292,5.48767314151,2.2383301936,11.9126259771,2.87985265757,16.0935291342,35.0,0.0108705707954,8.64796174049e-06,27.6191665922,29.8680787116,12.2738430947,13.1664832444,PG,6500
200765,Rajon,Rondo,31.7,7,SA@SAC,SAC,SA,,,30.2,35.0,0,12.1791176047,0.0636916591705,2.70005096492,2.37920918856,1.57992424615,5.49349633502,2.68188059503,5.05317067047,7.07342058116,7.51585381938,0.611366721217,17.7758765321,0.903927183982,16.547001544,48.0,0.889206714734,0.127021090527,43.7417564864,48.642569555,16.9201550149,16.7612304266,PG,6400
201144,Mike,Conley,26.1,7,MEM@LAC,MEM,LAC,,,30.7,32.5,0,6.44058972943,0.0858925390962,4.53337461161,4.02373625336,0.696508667462,1.98085363594,1.15557868252,2.24174528371,2.67736230341,5.60887001857,1.51316506679,13.694691268,3.54582404138,16.2767291453,35.0,0.108773905211,5.09871685655e-05,29.3916456631,31.5662827728,12.9389225806,13.4179720789,PG,6400
101145,Monta,Ellis,22.2,6,ORL@IND,IND,ORL,,,14.8,16.0,0,4.52215453793,0.271230399717,3.09097334875,2.59476180228,0.392242114028,2.03920311414,1.61879906499,2.57023321997,2.43144522817,5.57952532195,0.761286801686,14.1958168208,2.01183124973,13.9321686953,33.0,0.0151385106014,3.45488645201e-06,24.8429604855,26.6530108883,13.2482560061,13.2429776665,SG,6300
201163,Wilson,Chandler,24.6,78,POR@DEN,DEN,POR,O,Hip,0.0,0.0,0,0.0,0.0,0.0,0.0,0.0,0.0,0.0,0.0,0.0,0.0,0.0,0.0,0.0,0.0,0.0,,,0.0,,0.647602079227,,SF,6200
1626143,Jahlil,Okafor,28.3,6,CHI@PHI,PHI,CHI,,,43.5,46.25,0,1.32628202915,1.08235897131,0.205137841504,4.54581686523,2.11513141898,4.06408516611,0.58810502669,2.23227783419,6.17921658509,7.16602150142,0.0564968132466,14.8081412304,2.95434375778,17.3428835739,31.0,0.092268132094,1.5019605812e-07,27.8560166815,29.4477674832,16.2571393469,15.8372711378,C,5900
202694,Marcus,Morris,29.7,5,DET@GS,DET,GS,,,28.5,29.75,0,2.31066834713,0.357137279766,4.94973844931,4.043968981,1.72428439113,3.24083743228,1.52603396999,2.05629954208,4.96512182341,6.73517132728,1.82755181839,15.1958267149,2.70690058725,18.0047950602,43.0,0.0291859236833,4.47536256884e-06,29.1389867264,31.3729608094,14.4384091283,14.9529638772,SF,5800
202329,Al-Farouq,Aminu,27.6,6,POR@DEN,POR,DEN,,,22.8,24.5,0,1.75579872087,1.02730673189,3.59726507396,3.13827326371,1.84762928406,5.36688628283,1.04739570146,1.94048245703,7.21451556689,4.31246234561,1.16026400838,10.0432240682,2.19033776041,11.97552646,34.0,0.1422404198,2.28170503695e-06,25.4755656313,27.6000321171,10.0590796115,10.4037161564,SF,5800
203496,Robert,Covington,10.4,1,CHI@PHI,PHI,CHI,O,Knee,0.0,0.0,0,0.0,0.0,0.0,0.0,0.0,0.0,0.0,0.0,0.0,0.0,0.0,0.0,0.0,0.0,0.0,,,0.0,,0.752592088016,,SF,5800
1626144,Emmanuel,Mudiay,23.8,6,POR@DEN,DEN,POR,,,34.7,36.5,0,4.86670712507,0.75320900073,3.50473061534,3.30626887323,0.757354762986,3.38913109154,0.977702288254,3.43447490446,4.14648585452,4.63331013788,1.21620010141,12.1547125665,2.24859147944,12.7314118566,28.0,0.0294950083645,0.000219313395922,25.0346032432,27.6121654916,11.497390238,11.8229144136,PG,5600
202703,Nikola,Mirotic,20.2,7,CHI@PHI,CHI,PHI,,,32.0,37.5,0,1.08695833749,0.663781481998,6.08176738967,4.25655376097,0.906261011432,3.43602054071,0.996551269023,2.095418498,4.34228155214,4.12635943341,1.92782648727,10.7483642518,3.48772257753,13.6682679316,28.0,0.0113463451349,3.94459366113e-09,21.7346903045,23.9804464043,11.4392626059,12.6092594454,SF,5600
203486,Mason,Plumlee,25.0,6,POR@DEN,POR,DEN,,,33.4,34.25,0,2.43800284119,1.13086362716,0.0266688193172,5.33786520178,2.88118928581,5.31976435331,1.31395479258,2.60359150851,8.20095363913,5.32131425111,0.00173458884648,8.81801395568,2.24747079931,12.8918338904,33.0,0.251241388455,5.76432928015e-05,28.6760278501,30.7657735933,10.8690099029,10.2791465622,C,5500
201954,Darren,Collison,24.7,6,SA@SAC,SAC,SA,O,Hamstring,0.0,0.0,0,0.0,0.0,0.0,0.0,0.0,0.0,0.0,0.0,0.0,0.0,0.0,0.0,0.0,0.0,0.0,,,0.0,,0.801121203869,,PG,5500
2594,Kyle,Korver,21.7,6,MIN@ATL,ATL,MIN,,,8.9,9.5,0,2.85135102397,0.341034727563,4.82674216495,0.89257202786,0.0939967304316,2.20938510158,0.783137469016,1.10834384908,2.30338183201,4.16688428772,2.25106708194,7.97744795954,0.82133356526,11.4061692226,32.0,0.00061578287394,7.5203062295e-08,19.5872545011,21.3830529581,9.77686945831,10.8199446488,SG,5400
203095,Evan,Fournier,27.8,7,ORL@IND,ORL,IND,,,26.9,30.0,0,2.55928484378,0.0213559778323,6.11204472636,3.37169463356,0.414729901605,2.71836495541,1.19295609456,1.9978581013,3.13309485702,7.00848388523,2.35045802253,15.1310787478,2.52577013365,18.8931959266,40.0,0.00176938282408,4.83279701824e-07,26.9226030642,29.256071393,14.6740385156,15.5580967842,SG,5400
101106,Andrew,Bogut,29.5,1,DET@GS,GS,DET,GTD,Concussion,20.8,21.75,0,2.06546290362,1.21211826448,0.000240444010919,0.470630174351,2.05163027692,1.94878852716,0.423018249361,1.2235723672,4.00041880408,2.5732025978,0.000157964927618,4.53036038656,0.236920035522,5.38348319605,19.0,0.00121915094682,7.39787228752e-08,15.3288807769,16.1425958315,6.12623002819,5.62722207777,C,5400
203897,Zach,LaVine,14.3,5,MIN@ATL,MIN,ATL,,,30.6,31.75,0,2.81358448181,0.0528123391383,1.36895533554,1.5395576991,0.321367004693,0.951017082171,0.509624597219,1.71171072205,1.27238408686,2.56735680248,0.460203321283,6.00566093356,1.39357613692,6.98849306317,16.0,0.000215820354736,2.090213941e-10,12.1488938408,13.298793798,6.62118759976,6.54175612229,SG,5300
203084,Harrison,Barnes,24.8,7,DET@GS,GS,DET,,,14.4,17.0,0,1.99645312702,0.178002717076,2.7436128283,2.41921033695,0.987202125784,2.74982447524,0.632411040153,0.919562602615,3.73702660102,4.27136991823,0.914951964553,8.94000081755,2.11583653621,11.5735283372,28.0,0.00375915111444,1.70756829359e-07,19.7539048608,20.8636527134,9.24003597635,9.3014714785,SF,5300
201945,Gerald,Henderson,20.5,80,POR@DEN,POR,DEN,O,Hip,0.0,0.0,0,0.0,0.0,0.0,0.0,0.0,0.0,0.0,0.0,0.0,0.0,0.0,0.0,0.0,0.0,0.0,,,0.0,,0.645321836294,,SG,5100
203477,Isaiah,Canaan,20.0,6,CHI@PHI,PHI,CHI,,,10.1,10.75,0,1.74166709953,0.17075975412,5.04945195165,2.00875219783,0.330644347118,1.33672301804,0.666758407619,1.2786940894,1.66736736516,2.91557921043,1.87718315334,7.76729160045,1.67930920666,9.38765078086,21.0,1.33563972853e-05,8.02356341977e-11,14.3973345024,16.0586615269,9.27141626047,10.4781042272,PG,5000
203484,Kentavious,Caldwell-Pope,23.0,5,DET@GS,DET,GS,,,26.1,26.75,0,1.62471837498,0.304183835597,5.05604134082,2.4918215536,0.574665369452,2.23791028782,1.54334159722,1.33057246749,2.81257565727,5.3353899425,1.48402550337,12.8853946906,2.11405847559,14.268863864,38.0,0.00059338068656,7.82501137772e-09,22.4455106133,23.9943284761,12.1932845661,12.7723681235,SG,5000
203115,Will,Barton,25.0,6,POR@DEN,DEN,POR,,,15.1,16.25,0,1.59679749009,0.474776607605,2.21705613684,2.62136105272,0.595234655453,2.00639072633,1.10081832946,0.961532420602,2.60162538178,3.84169942141,0.653423004149,8.86085653375,2.26405215827,10.6008740052,23.0,0.000251019093557,1.79567902537e-09,18.3076781521,19.2456136675,9.04024272055,9.00184396392,SG,5000
203145,Kent,Bazemore,24.9,8,MIN@ATL,ATL,MIN,,,27.7,31.0,0,2.58043384532,0.689503491001,3.72137596752,2.28030089496,0.354041011434,2.95166168234,1.97192083587,1.67660435224,3.30570269377,4.36798985409,1.70602196948,9.25755252393,1.70561611201,12.1476177897,31.0,0.0019397456483,6.62509542408e-07,23.6313560917,25.4908659932,9.80277488951,10.376428633,SG,5000
2755,Kevin,Martin,21.0,4,MIN@ATL,MIN,ATL,,,14.5,15.5,0,1.12483355999,0.013199102656,3.35470104095,5.04897958611,0.195084743603,0.904319899125,0.422818969982,1.31229347405,1.09940464273,4.68438779795,1.15378903086,10.8394095222,4.34303606975,14.8656006965,24.0,5.20901743054e-07,7.54806839655e-14,17.431879279,18.719891545,10.8430567474,11.0850195601,SG,5000
200755,J.J.,Redick,19.9,6,MEM@LAC,LAC,MEM,,,16.5,19.0,0,1.81703850711,0.123980725434,5.14305082219,2.81321393953,0.28048479128,0.523158940441,0.543596544548,1.32698629196,0.803643731721,5.40467291766,2.20513120889,10.9029631094,2.62361770525,15.6380947495,30.0,1.87541342463e-05,2.87242966714e-13,19.3361932362,21.1424623044,11.5869411826,12.4635455653,SG,4900
2225,Tony,Parker,17.5,6,SA@SAC,SA,SAC,,,15.2,16.75,0,3.11677371767,0.0126529946239,0.56309816663,1.66204327498,0.137504394668,0.808191214264,0.402570739676,1.65417697219,0.945695608932,4.13415221194,0.308893472722,8.07533093677,1.23246070037,9.80965859697,21.0,0.000854214030702,5.72078337981e-11,14.7959244006,15.8260257247,9.23646007142,8.87289732376,PG,4900
1626161,Willie,Cauley-Stein,18.6,7,SA@SAC,SAC,SA,,,13.2,13.5,0,0.684871540018,0.881981806333,0.192300407716,2.11335002508,2.04301920109,3.49253223343,0.901970114979,0.952173032221,5.53555143451,2.31914442563,0.052961268103,4.29264747949,1.30058563944,5.99183575881,22.0,0.0117381318511,9.63097465242e-10,16.2775356007,17.0744875232,5.86528524715,5.44171280702,C,4800
202334,Ed,Davis,18.7,6,POR@DEN,POR,DEN,,,13.5,14.25,0,0.68277048381,0.617428352938,6.06653692588e-06,1.84433584567,1.63440982334,2.90204490516,0.419100603997,0.512337816929,4.53645472851,1.86854081549,7.51095047966e-07,3.14681758946,0.870263623018,4.6073460051,15.0,0.0017491638326,7.98633836722e-12,12.635967502,13.1215832682,4.90231416643,4.42831534527,PF,4800
201593,Nikola,Pekovic,23.5,31,MIN@ATL,MIN,ATL,O,Achilles,0.0,0.0,0,0.0,0.0,0.0,0.0,0.0,0.0,0.0,0.0,0.0,0.0,0.0,0.0,0.0,0.0,0.0,,,0.0,,0.771302157252,,C,4800
201941,Jordan,Hill,20.5,5,ORL@IND,IND,ORL,,,18.4,20.75,0,1.04564692914,0.35927963005,0.0559961858249,1.69408937538,2.4855763145,3.11112792674,0.624471771999,1.19925976738,5.59670424124,3.57240534559,0.0150058715318,8.43554332971,1.25348705712,8.41330361983,21.0,0.0268787362927,4.52938420343e-09,17.4660621397,18.3933482893,9.56945267086,9.2538056093,C,4700
201155,Rodney,Stuckey,17.8,6,ORL@IND,IND,ORL,O,Ankle,20.4,20.5,0,1.90523193195,0.162856603893,1.07240471804,1.88400261248,0.291607849476,1.31377709459,0.614914757284,1.09342931974,1.60538494406,3.2905099356,0.316034741501,7.31480598365,1.57522936129,8.47228397399,18.0,1.78083743369e-05,1.059269688e-10,13.7187072074,14.5037351981,8.0066289864,7.75926604934,SG,4700
101141,Ersan,Ilyasova,15.9,5,DET@GS,DET,GS,,,6.9,7.5,0,0.725138971038,0.179170070579,2.36047248763,0.807559271185,1.11617027936,1.00717156083,0.473419709297,0.593605898292,2.12334184019,2.61521535124,0.868074657581,6.03648322094,0.555910647492,6.65441600756,17.0,2.21299871933e-05,1.29276783577e-13,11.0017083338,11.8387488987,6.66502227527,6.93698830098,PF,4700
2738,Andre,Iguodala,23.0,7,DET@GS,GS,DET,,,22.0,23.75,0,3.77503950962,0.314800956792,2.83896223777,1.44808975651,1.00227913225,2.28497815746,1.60424377213,1.04094184542,3.28725728971,3.45249022247,0.94047898733,7.2730216416,0.837213919646,8.68267335192,29.0,0.00369859505805,5.71482067743e-06,21.0870889764,22.2477272943,7.85444935456,8.05323406162,SF,4700
101139,C.J.,Miles,19.1,4,ORL@IND,IND,ORL,O,Ankle,13.4,15.5,0,1.13993882974,0.295338311029,6.24542254094,2.41378581281,0.330597496304,0.774243191545,1.37781277408,1.47205031134,1.10484068785,4.20244699868,2.28405153445,10.7627837871,1.90947556156,12.5984210934,27.0,1.97150643882e-06,1.0251328725e-12,17.5083900223,19.4416859368,11.6701633714,13.0279382439,SF,4700
1938,Manu,Ginobili,22.4,6,SA@SAC,SA,SAC,,,18.1,19.75,0,3.39125240752,0.179927823623,3.17569940348,1.77651446893,0.291249078259,1.29228389637,1.1210471748,1.70337179899,1.58353297463,3.21493225449,1.19551745245,6.93836016554,1.32469587278,8.95007783422,18.0,0.00134086638345,9.16149809588e-09,16.8357742129,18.3664068144,7.83693529891,8.28277706305,SG,4700
204456,T.J.,McConnell,24.2,6,CHI@PHI,PHI,CHI,,,26.0,27.25,0,7.01629844806,0.692909773337,1.4076904352,0.444306533663,0.935081743438,3.87052962297,1.18117035338,2.13481559846,4.80561136641,2.71965171574,0.428905517034,6.17822109813,0.327340778737,6.19554972725,29.0,0.0512829705095,0.0010587305166,24.100075694,25.7023174674,6.73827063027,6.62168678956,PG,4600
203471,Dennis,Schroder,20.6,8,MIN@ATL,ATL,MIN,,,21.2,22.25,0,4.20971554677,0.0277421175534,2.825860759,1.77276182047,0.332524007506,1.06631888485,0.810964554555,2.06700914092,1.39884289236,4.42705338792,0.952467900846,10.2212241064,1.47941848289,11.2859931596,23.0,0.00785214186483,1.76524900807e-08,18.8895821539,20.4810410851,10.1094218674,10.2236360917,PG,4600
101133,Ian,Mahinmi,18.2,5,ORL@IND,IND,ORL,,,24.3,25.75,0,1.00495298824,1.56344891014,0.00168667666801,1.87959451663,2.1946485973,3.82008419482,0.825429439011,1.18140127126,6.01473279213,3.42554353516,1.33697432193e-05,6.10499029188,0.571664889282,7.42276532935,28.0,0.0294223359566,1.76320476055e-07,19.7442295893,20.6798075823,7.75736770348,7.24881309756,C,4500
2037,Jamal,Crawford,15.1,6,MEM@LAC,LAC,MEM,,,13.7,15.25,0,1.76576481028,0.0846325380993,3.48120593986,2.98514022359,0.245445946417,0.696762058344,0.618636144631,0.903047563625,0.942208004762,3.5489423272,1.00219494367,9.25854952288,2.69608231181,10.7961619099,20.0,1.09972670991e-05,7.23188355819e-13,15.0789485329,16.0786966826,9.10467766908,9.47143595861,SG,4500
2754,Tony,Allen,16.6,7,MEM@LAC,MEM,LAC,,,13.1,14.25,0,1.3490214335,0.449558764185,0.689916875086,1.42488845659,1.90653004756,2.50873889286,2.01832921638,1.19508781951,4.41526894042,3.23021136089,0.152925064727,7.33093314698,0.76200514797,7.37535293447,26.0,0.00533614163492,2.75142149117e-07,18.4378959548,19.3406708819,8.12704263375,7.81711138823,SG,4500
2749,Jameer,Nelson,17.6,6,POR@DEN,DEN,POR,,,0.0,0.0,0,0.0,0.0,0.0,0.0,0.0,0.0,0.0,0.0,0.0,0.0,0.0,0.0,0.0,0.0,0.0,,,0.0,,0.894081724433,,PG,4500
203476,Gorgui,Dieng,15.1,5,MIN@ATL,MIN,ATL,,,13.1,14.25,0,0.772712503093,0.757835374671,0.025420172336,1.30963038407,1.34778937614,2.03652187978,0.699120352891,1.04732801878,3.38431125592,2.12627718435,0.00530519761997,4.17538913772,1.01983660144,5.27769616777,16.0,0.000386824818338,8.94447399498e-12,12.3645218659,13.0606342741,5.67808613169,5.28204326714,C,4400
203105,Festus,Ezeli,23.3,7,DET@GS,GS,DET,,,16.4,17.0,0,0.783682607083,1.9117767322,0.00451913846185,3.60055289226,2.58995251568,3.74069371278,0.346141000686,1.35130067637,6.33064622846,3.46920614011,0.00124460793844,6.35443255796,2.11343230012,9.05308918828,23.0,0.0568373861561,1.82140168755e-06,20.9899233625,22.0679898595,8.22301060413,7.75604497229,C,4400
203086,Meyers,Leonard,15.1,6,POR@DEN,POR,DEN,,,25.8,27.75,0,1.72710264745,0.697174811516,4.27698129674,1.45072860594,1.34377185846,3.47170190089,0.376442687062,1.40114202468,4.81547375935,4.54795668699,1.30324020451,9.91882732986,1.2889755831,11.6881291616,34.0,0.0183619976702,2.51277765908e-07,20.8034446165,22.4239531694,10.0073537175,10.4661681811,C,4400
201149,Joakim,Noah,17.1,7,CHI@PHI,CHI,PHI,,,0.0,0.0,0,0.0,0.0,0.0,0.0,0.0,0.0,0.0,0.0,0.0,0.0,0.0,0.0,0.0,0.0,0.0,,,0.0,,1.04092513441,,C,4400
201585,Kosta,Koufos,22.3,7,SA@SAC,SAC,SA,,,17.7,18.5,0,0.60031808083,1.32122176086,8.18158188274e-05,1.02357798292,2.96767817976,3.38510901488,0.67256997288,1.08230861949,6.35278719464,3.99005381526,2.35762094752e-06,7.16650336069,0.550960688602,8.53107067673,26.0,0.0502788437269,6.81901563741e-08,19.9601672795,20.894380598,8.78096997679,8.26591931481,C,4300
201980,Danny,Green,17.6,6,SA@SAC,SA,SAC,,,14.2,15.75,0,2.04414915279,0.913206298832,4.83650604752,1.26393858629,0.733999512526,2.10036687973,1.06108893313,1.33033377794,2.83436639225,2.90843060353,1.53725481286,7.98317130146,1.02703005055,8.38114607048,27.0,0.00035140288971,1.8223176102e-08,17.4668661564,19.0429059304,8.88975476133,9.9042336043,SG,4300
203917,Nik,Stauskas,22.8,5,CHI@PHI,PHI,CHI,,,19.0,20.25,0,2.40717719892,0.321289905962,6.61312934324,2.18449815438,0.255807630353,2.49095183566,0.76060026535,1.5868565988,2.74675946601,3.91651971741,1.95649728732,10.8549379765,1.85667828182,11.646215004,33.0,0.000549346466118,8.32629131587e-08,19.1300159054,21.0398550912,11.4841367857,12.8143056288,SG,4300
201574,Jason,Thompson,7.3,4,DET@GS,GS,DET,,,0.0,0.0,0,0.0,0.0,0.0,0.0,0.0,0.0,0.0,0.0,0.0,0.0,0.0,0.0,0.0,0.0,0.0,,,0.0,,0.788520890903,,PF,4300
2746,Josh,Smith,13.0,6,MEM@LAC,LAC,MEM,,,18.2,18.5,0,1.63733059322,1.0357710593,1.35519604251,1.62341985026,0.943564964084,1.70823362048,0.385142683075,1.37375433233,2.65179858456,2.17819012839,0.433882117041,5.45235974211,0.866497451215,5.65675982503,14.0,8.65763237177e-05,7.51409626706e-10,12.7629871687,13.7995251894,6.03565154328,6.00980161584,PF,4200
201959,Taj,Gibson,14.2,7,CHI@PHI,CHI,PHI,,,24.9,25.75,0,1.25656840963,0.99481047571,0.00312510047387,2.38523973211,2.05626412267,2.57860671934,0.480322758008,1.17254582469,4.63487084201,3.13792439448,5.22305071679e-07,6.05537659868,1.5623468792,7.83819619046,23.0,0.00813095483081,7.92172518421e-09,17.0626144581,17.8928276297,7.69465933173,7.25979860856,PF,4200
2399,Mike,Dunleavy,17.8,63,CHI@PHI,CHI,PHI,O,Back,0.0,0.0,0,0.0,0.0,0.0,0.0,0.0,0.0,0.0,0.0,0.0,0.0,0.0,0.0,0.0,0.0,0.0,,,0.0,,0.594152155376,,SF,4200
2561,David,West,9.9,6,SA@SAC,SA,SAC,,,18.2,19.5,0,2.23116345927,0.293084779295,0.186760397748,1.12618966626,0.994587211208,2.11786681105,0.429222194907,1.41685651601,3.11245402225,3.08287104989,0.0236530389437,5.97457212756,0.803247553557,6.99264269229,19.0,0.000479490377393,5.02108552543e-08,14.1020901403,14.9786870051,7.35739522121,6.90781772159,PF,4200
203473,Dewayne,Dedmon,19.2,6,ORL@IND,ORL,IND,,,17.8,19.25,0,0.287064580356,1.63667949333,0.0205164841793,2.08388368771,2.49358658703,3.97944257342,0.660254475464,1.0822843699,6.47302916045,2.37730517912,0.00435982243056,4.69696193343,1.44666396221,6.20563414288,23.0,0.0276018748713,2.39333742243e-07,17.9154495737,18.8238266581,6.28177682964,5.89222601948,C,4100
203924,Jerami,Grant,19.8,6,CHI@PHI,PHI,CHI,,,23.1,23.75,0,1.56780958489,1.70126813121,2.74505156014,3.97104809722,0.920893498841,2.79444623888,0.751274484015,1.44753225375,3.71533973772,3.25825167162,0.652826809993,8.46057403937,2.69005318093,9.85938333415,29.0,0.00296210971487,5.33338092504e-08,20.1270583735,21.3674482168,8.51959191668,8.62428805338,PF,4100
203932,Aaron,Gordon,18.8,7,ORL@IND,ORL,IND,,,8.4,10.0,0,0.824067696919,0.628744718079,1.20821699344,2.13049082544,1.45274894498,1.76914061787,0.464430395511,0.979826520239,3.22188956285,2.40655622263,0.314317672604,5.22379141668,1.49820439855,6.62563451641,17.0,0.000511663198856,1.04632913427e-11,12.9345272441,13.7434613135,6.10947268038,5.90601315991,PF,4100
201145,Jeff,Green,14.0,7,MEM@LAC,MEM,LAC,,,8.6,9.75,0,1.07110536802,0.209865352412,1.88693544267,1.61897863828,0.350868295988,1.24124668641,0.318157970404,0.898115481839,1.59211498239,2.42556526441,0.562599005876,6.13343584751,1.26392051838,6.67765005308,17.0,2.02123346772e-06,4.07482438606e-13,10.3527772478,11.1627432726,6.51292761959,6.58565306387,SF,4100
1626169,Stanley,Johnson,13.0,5,DET@GS,DET,GS,,,28.4,29.75,0,1.61080337348,0.194688189987,3.45109591759,3.37152817005,1.79589060334,4.50637153632,0.837013336647,1.7137627532,6.30226213966,4.96594641507,0.858618178356,12.1818666627,2.13702161762,12.9275326261,32.0,0.0851011288712,6.45665688181e-07,23.256092554,24.9850497571,11.5427040601,11.6485601991,SF,4000
201956,Omri,Casspi,19.0,7,SA@SAC,SAC,SA,,,28.0,29.25,0,1.4665285819,0.078538726148,2.0476987289,2.65924596211,0.96566908574,2.96370747041,0.861508918623,1.61950409002,3.92937655615,3.83450028192,1.03745752639,7.5961592686,1.72905581553,10.4355139058,24.0,0.00457341210532,1.55328182285e-08,17.6111498455,19.1429596463,8.38547901317,8.45185583953,SF,4000
1718,Paul,Pierce,14.9,6,MEM@LAC,LAC,MEM,,,2.9,3.5,0,1.80385626174,0.166250734962,4.06957947567,2.60323822038,0.377399174673,2.71118557911,0.653256429545,1.13827245051,3.08858475378,2.89200026789,1.20143549431,7.3877677692,2.04475405734,9.03019008743,25.0,0.000706246054742,1.37431410552e-08,15.9430180631,17.2683606835,8.16966850258,8.85350780659,SF,4000
201166,Aaron,Brooks,14.6,7,CHI@PHI,CHI,PHI,,,25.6,26.0,0,2.72264029551,0.226534948874,3.83811600937,1.27884545283,0.472510888717,1.15771860695,0.530223154541,1.06140351396,1.63022949567,3.79437143493,1.40050660966,8.83644354713,1.11320423724,10.1024537168,19.0,0.000324768582401,2.68026576633e-09,16.5948022477,17.9077559452,9.18633185479,9.76825544039,PG,4000
202357,Nemanja,Bjelica,22.1,5,MIN@ATL,MIN,ATL,,,21.0,23.75,0,2.88420879893,0.404693477773,3.69751152814,2.3362796343,0.953531958764,6.27992894036,0.828075454192,1.60674530204,7.23346089913,2.69879004413,1.37132835862,6.34642510832,1.57410055776,8.34300900463,30.0,0.0871974742515,7.147240742e-05,22.2082678439,24.1899883478,7.71974096401,8.48096349912,SF,4000
201584,Courtney,Lee,17.8,7,MEM@LAC,MEM,LAC,,,20.9,21.5,0,1.67850194639,0.144097188137,3.26716634156,2.32461867147,0.565552214064,1.32056963135,1.21765123802,0.781843863667,1.88612184541,3.61451236533,0.914009968837,9.07131569933,2.08197577951,10.225010479,30.0,2.47279624824e-05,2.06042787397e-10,16.9477626017,17.8900327028,8.94136805173,9.2125496821,SG,4000
203994,Jusuf,Nurkic,18.0,62,POR@DEN,DEN,POR,O,Knee,0.0,0.0,0,0.0,0.0,0.0,0.0,0.0,0.0,0.0,0.0,0.0,0.0,0.0,0.0,0.0,0.0,0.0,,,0.0,,0.959889227623,,C,4000
201168,Tiago,Splitter,14.8,7,MIN@ATL,ATL,MIN,O,Rest,9.6,10.25,0,1.09659925435,0.364690784863,0.0548274429308,1.76054958415,1.27781974074,1.9019286646,0.555511391342,0.893052873312,3.17974840534,2.40109046025,4.47167726497e-06,4.6215711375,1.42907863012,6.2312640223,16.0,0.000390450598142,1.00449970551e-10,12.6392124693,13.2453142383,6.1711323761,5.74599983993,C,4000
203530,Joffrey,Lauvergne,21.9,3,POR@DEN,DEN,POR,GTD,Back,0.0,0.0,0,0.0,0.0,0.0,0.0,0.0,0.0,0.0,0.0,0.0,0.0,0.0,0.0,0.0,0.0,0.0,,,0.0,,0.887919704646,,PF,4000
203501,Tim,Hardaway Jr.,16.7,70,MIN@ATL,ATL,MIN,,,0.0,0.0,0,0.0,0.0,0.0,0.0,0.0,0.0,0.0,0.0,0.0,0.0,0.0,0.0,0.0,0.0,0.0,,,0.0,,0.561033765165,,SG,3900
203914,Gary,Harris,16.4,6,POR@DEN,DEN,POR,,,14.1,15.25,0,1.61084108317,0.27072788992,2.76690143773,1.22774262171,0.499861241533,1.82421652814,1.11074353745,1.36604948018,2.32407776968,2.83040980431,0.859128197409,7.11590870513,0.881453902313,7.40140170834,25.0,5.91000069675e-05,4.42834215891e-10,14.0034500313,15.2323314099,7.37783567452,7.67775240896,SG,3900
203090,Maurice,Harkless,17.8,6,POR@DEN,POR,DEN,,,9.1,10.75,0,0.617053996722,0.306180092285,1.24383262961,0.915549288981,0.956354242487,1.26508094811,0.458747071574,0.716250883035,2.2214351906,1.62715575227,0.434884616779,3.5931160721,0.518678465083,4.2078745864,14.0,9.99447971581e-06,1.33595534496e-14,8.61278125489,9.29943575604,4.59449185171,4.60725910578,SF,3900
2564,Boris,Diaw,15.0,6,SA@SAC,SA,SAC,,,14.9,15.5,0,3.03545173629,0.400645121248,1.38021109723,0.984470453896,0.563681815845,1.17123978022,0.404922869369,1.16480229855,1.73492159606,2.82175361831,0.496281968029,5.61825098454,0.664972529537,6.8047617342,20.0,0.000365974435312,5.1433494384e-09,13.8861789366,14.8040161268,6.49417286937,6.33060786182,PF,3900
201581,J.J.,Hickson,14.7,4,POR@DEN,DEN,POR,,,42.1,44.25,0,1.27281802362,1.30332901327,0.0328482409031,5.35763499073,2.77753759201,4.75983138625,0.611831800328,2.02393695096,7.53736897825,5.50314077186,0.0,10.1088680422,2.52885825249,13.5351397962,30.0,,,26.2955942818,,12.0481653517,,PF,3900
2549,Chris,Kaman,0.0,1,POR@DEN,POR,DEN,,,0.0,0.0,0,0.0,0.0,0.0,0.0,0.0,0.0,0.0,0.0,0.0,0.0,0.0,0.0,0.0,0.0,0.0,,,0.0,,0.826404979685,,C,3900
202325,Wesley,Johnson,8.7,6,MEM@LAC,LAC,MEM,,,0.0,0.0,0,0.0413398951393,0.0224817184801,0.119960410611,0.0454694286233,0.0285100246909,0.0620088984158,0.0265769852453,0.0261996525788,0.0905189231067,0.13601881206,0.0358852082905,0.294847512442,0.0347971884477,0.342720020858,1.0,1.68873977976e-22,6.62609938329e-43,0.585270326167,0.620838702757,1.22102077054,1.17449238607,SF,3900
200757,Thabo,Sefolosha,17.2,5,MIN@ATL,ATL,MIN,,,16.7,17.75,0,1.18272866063,0.343242915708,1.27201096947,0.994259580025,0.804082177296,1.48805769421,1.14405195926,0.790153948588,2.2921398715,2.00593131132,0.537802673934,4.14641130171,0.668262360821,5.2179276574,17.0,2.29299466388e-05,2.01310055619e-11,11.9270242955,12.7056439953,5.21128663563,5.21257353061,SF,3900
203088,Kendall,Marshall,10.3,28,CHI@PHI,PHI,CHI,O,Knee,0.0,0.0,0,0.0,0.0,0.0,0.0,0.0,0.0,0.0,0.0,0.0,0.0,0.0,0.0,0.0,0.0,0.0,,,0.0,,0.899244200232,,PG,3900
203498,Shabazz,Muhammad,11.6,5,MIN@ATL,MIN,ATL,,,5.2,6.25,0,0.364121055812,0.08351255724,0.527505759842,1.61064859746,0.602927865233,0.859790174182,0.179846051464,0.515604912821,1.46271803941,1.89333787175,0.167280014639,3.95808344397,1.20991448914,5.16387024728,10.0,4.69473687851e-07,3.81232745275e-18,7.47642578289,7.8910048528,5.13210464238,4.85628031234,SF,3900
201158,Marco,Belinelli,18.1,7,SA@SAC,SAC,SA,,,22.7,25.75,0,3.00835015167,0.0315614302172,5.52329185807,3.18605122012,0.407078326333,1.14450640661,0.720104650875,1.50955270983,1.55158473294,4.45913088297,2.07946400068,11.2984779915,2.62861065272,13.6263364193,32.0,0.000925863369875,5.0595831878e-09,19.9945427787,21.8680191809,11.5518422239,12.6304420132,SG,3900
203138,Hollis,Thompson,17.1,6,CHI@PHI,PHI,CHI,,,7.6,8.75,0,1.25071730154,0.189378615079,3.3088634252,1.09780203872,0.634266053208,1.67159099473,0.415740481471,0.980246919801,2.30585704793,2.25827143823,1.22061924433,5.96639807649,0.789621684682,6.52678380547,21.0,4.20003061699e-05,3.47783273542e-11,11.3998794886,12.6156684236,6.92155334598,7.64963447865,SF,3800
201229,Anthony,Tolliver,10.1,4,DET@GS,DET,GS,,,1.2,1.25,0,0.421160563733,0.138851725364,2.58037291629,0.617655980415,0.327862474613,1.04991514323,0.277989685458,0.322191467102,1.37777761784,1.23141567652,0.886405058603,3.38371115361,0.34403136624,3.69326777788,14.0,1.62657841748e-07,5.46605009497e-18,6.48983311943,7.16302050717,4.9886312726,5.66121683629,PF,3800
203515,Phil (Flip),Pressey,6.2,3,CHI@PHI,PHI,CHI,,,15.5,18.0,0,2.76017073033,0.0988632967417,1.50790159244,1.09781346452,0.231384499286,0.529641597561,0.623923426632,1.11321163379,0.761026096848,1.44673537729,0.463231890457,3.80297211646,0.660093894094,4.01679653912,13.0,4.75256720328e-05,4.94626517691e-13,9.4026457638,10.2289901193,4.59598283261,4.73904342274,PG,3800
201148,Brandan,Wright,14.1,7,MEM@LAC,MEM,LAC,GTD,Knee,0.0,0.0,0,0.0,0.0,0.0,0.0,0.0,0.0,0.0,0.0,0.0,0.0,0.0,0.0,0.0,0.0,0.0,,,0.0,,0.863752431736,,C,3700
201988,Patrick,Mills,14.7,6,SA@SAC,SA,SAC,,,29.2,30.25,0,2.81457199733,0.0390737678065,4.64235425937,0.776230601283,0.460685246117,1.08624275213,1.01883501182,1.04219970107,1.54692799824,3.78369512205,1.83730101987,8.54109631432,0.602467113785,10.0071583778,23.0,0.000404434588641,2.19829830331e-09,17.1589478298,18.6766512487,9.5446565455,10.483779409,PG,3700
708,Kevin,Garnett,11.3,5,MIN@ATL,MIN,ATL,,,16.1,17.0,0,1.41302737637,0.376447331263,0.0798221670676,0.963867436592,0.666487888151,2.59841504326,0.82130526898,0.662272090008,3.26490293141,2.17856783449,0.0107777552711,5.02799717375,0.584936313189,4.95284973745,18.0,0.000250523707751,6.14612888153e-10,12.7235074302,13.2236532868,6.18305866272,5.87060670304,PF,3700
201228,C.J.,Watson,14.0,7,ORL@IND,ORL,IND,,,8.0,8.5,0,2.56038005353,0.0565667725643,1.93313640232,1.36610314487,0.326710749857,0.747665337103,0.784987780462,0.919616540213,1.07437608696,1.86040382845,0.696242739156,4.58861436009,1.08468221525,5.50173261131,17.0,6.1927494603e-05,1.39578748612e-11,11.3950465618,12.2567878971,5.45264703649,5.72003632834,PG,3700
1626171,Bobby,Portis,11.4,1,CHI@PHI,CHI,PHI,,,6.5,7.0,0,0.704260729544,0.288696725727,0.442078529214,0.612776455442,0.473963579572,1.07811487418,0.333883291908,0.623399089101,1.55207845375,1.85605080087,0.12175241741,3.94902640103,0.451460212529,4.28531423168,10.0,4.6733889575e-07,2.04175989976e-15,7.82596041667,8.27614079362,5.03283868016,4.73217773472,PF,3700
203926,Doug,McDermott,13.4,7,CHI@PHI,CHI,PHI,,,20.4,22.0,0,0.872299448965,0.081049678998,4.56070585377,1.01949198211,0.575411466047,1.34709268139,0.409141808996,1.33031953371,1.92250414743,4.59458319418,2.11637910176,9.95083176364,0.770269391432,12.0758148816,28.0,2.44103120163e-05,7.78358443311e-13,15.3413324742,17.1608436148,10.4971427793,11.370845525,SF,3700
1626167,Myles,Turner,14.0,5,ORL@IND,IND,ORL,,,12.8,14.0,0,0.43198848329,0.916566540082,0.235858462883,1.65601685511,0.827590975831,2.81814068668,0.574001939593,1.04075994554,3.64573166251,3.02849104467,0.064957549677,6.09650371189,1.1924659538,7.31440559282,20.0,0.00150757657912,7.68072199323e-11,14.2776433266,15.0150500224,7.43519561122,7.03717074348,PF,3600
203503,Tony,Snell,13.5,7,CHI@PHI,CHI,PHI,,,20.0,21.75,0,0.943950088983,0.266324181667,2.75760310058,0.756270102861,0.277739654632,1.92479990166,0.35429790302,0.713534767505,2.20253955629,2.17280837344,1.18735786849,5.29268827041,0.675459470684,6.20843408605,20.0,2.61994620694e-05,1.72379609051e-12,10.7951160889,11.8557286839,6.34060419735,6.9696578262,SG,3600
203463,Ben,McLemore,9.1,7,SA@SAC,SAC,SA,,,8.2,8.75,0,0.702175932953,0.0494246001191,1.73994927196,0.93475074291,0.214802523473,0.562659641735,0.412153085994,0.916302930078,0.777462165208,1.62180772266,0.573833092996,4.09147354131,0.726636379963,4.54408491827,13.0,1.75065907354e-09,5.40146336102e-18,6.5371558581,7.32109698052,4.89993040213,5.11227383427,SG,3600
201975,Jodie,Meeks,1.7,2,DET@GS,DET,GS,O,Foot,0.0,0.0,0,0.0,0.0,0.0,0.0,0.0,0.0,0.0,0.0,0.0,0.0,0.0,0.0,0.0,0.0,0.0,,,0.0,,0.592046369819,,SG,3600
201978,Chase,Budinger,6.7,6,ORL@IND,IND,ORL,,,14.6,15.75,0,0.952138960926,0.073461888489,2.15733680231,1.02642295397,0.372531698447,1.06850224959,0.504029930679,0.549426743375,1.44103394804,1.84093406923,0.770710690674,4.47000792587,0.685594117958,5.1381729471,17.0,4.80391457931e-07,3.3488019439e-14,8.9011790211,9.63330015611,5.42870690987,5.78394335389,SF,3600
202332,Cole,Aldrich,0.5,2,MEM@LAC,LAC,MEM,,,0.0,0.0,0,0.0,0.0,0.0,0.0,0.0,0.0,0.0,0.0,0.0,0.0,0.0,0.0,0.0,0.0,0.0,,,0.0,,0.945372680048,,C,3600
202730,Lavoy,Allen,10.9,6,ORL@IND,IND,ORL,,,0.0,0.0,0,0.0,0.0,0.0,0.0,0.0,0.0,0.0,0.0,0.0,0.0,0.0,0.0,0.0,0.0,0.0,,,0.0,,0.859323358242,,PF,3600
202362,Lance,Stephenson,14.0,6,MEM@LAC,LAC,MEM,,,4.1,6.75,0,2.80482401268,0.0539844563661,1.6326167034,1.24409147255,0.55183969436,1.55779529116,0.464961961744,1.56485145097,2.10963498552,2.41765445962,0.548879579752,6.31500483006,0.827034247057,6.21122274604,21.0,0.000182052470931,1.18155586111e-08,12.4230621329,13.5856825117,6.60109745222,6.65319789214,SG,3600
2440,Matt,Barnes,15.2,7,MEM@LAC,MEM,LAC,,,23.7,25.0,0,1.33454368578,0.886632438147,4.75159817547,1.53100640843,0.675936485916,2.14260330855,1.06326667447,0.946664346285,2.81853979447,2.83489701123,1.35639488207,8.06357440136,1.33525625428,8.36144515879,26.0,0.000312249704225,5.32416992944e-10,16.6986423198,17.9915672998,8.67505443292,9.59054053665,SF,3600
2757,Beno,Udrih,12.7,7,MEM@LAC,MEM,LAC,,,5.1,6.25,0,2.31332362383,0.0853680462775,0.985671856478,0.63706021771,0.194217815171,0.418379300939,0.370631738831,0.955764455208,0.61259711611,2.11057491749,0.320183658471,4.57826822265,0.562008979654,5.1033424731,13.0,2.24055419585e-05,2.65822585812e-14,9.26467956318,9.93331708414,5.45186177755,5.27613247241,PG,3600
201578,Marreese,Speights,13.0,7,DET@GS,GS,DET,,,5.6,5.75,0,0.215740991116,0.126131230472,0.0764713208424,0.55353877502,0.360056338599,0.564851837937,0.0746747615649,0.262547174767,0.924908176536,0.928771036224,0.0123114848803,2.09992197643,0.442642012756,2.31249557008,4.0,4.46759654159e-10,2.22195162218e-23,3.88506167791,4.06873641723,3.27331986187,3.01263536165,PF,3600
101112,Channing,Frye,6.3,2,ORL@IND,ORL,IND,,,21.6,25.0,0,1.00257129642,0.384932160212,4.86436942148,0.588791739025,0.504717812256,1.49559086145,0.45243164339,1.07471434099,2.00030867371,2.66696956069,1.85038436493,6.54930753507,0.433049395869,7.61737288217,23.0,1.8185433896e-05,2.07058927122e-12,12.1216135015,13.6842055663,8.6861136463,9.89850120843,PF,3600
2571,Leandro,Barbosa,11.1,7,DET@GS,GS,DET,,,18.5,19.5,0,1.50639910402,0.128683422296,1.63123870602,0.929616724551,0.448109520659,0.448109520659,0.700506070439,0.668797355078,0.896219041319,2.60516244025,0.66811407144,5.50445753346,0.673037182196,6.55147613414,14.0,1.2018964875e-06,5.36378987833e-14,10.8761192701,11.5893877383,6.3161698862,6.34458152685,SG,3600
203893,Russ,Smith,3.9,4,MEM@LAC,MEM,LAC,,,0.0,0.0,0,0.0,0.0,0.0,0.0,0.0,0.0,0.0,0.0,0.0,0.0,0.0,0.0,0.0,0.0,0.0,,,0.0,,0.826115480007,,PG,3500
203963,Shayne,Whittington,-2.0,1,ORL@IND,IND,ORL,,,0.0,0.0,0,0.0,0.0,0.0,0.0,0.0,0.0,0.0,0.0,0.0,0.0,0.0,0.0,0.0,0.0,0.0,,,0.0,,0.827925034471,,C,3500
1626209,Mario,Hezonja,6.2,7,ORL@IND,ORL,IND,,,5.4,6.5,0,0.801646626279,0.0851760831195,1.81822404613,0.504503902786,0.244865314504,1.29117480591,0.366193334783,1.09961297546,1.53604012042,1.88927471549,0.617553905524,4.67909892122,0.390596661795,4.7866999983,14.0,6.82351951281e-07,9.94407131084e-15,7.63554394257,8.57093041261,5.34721140235,5.5410134043,SF,3500
201202,Joel,Anthony,6.5,49,DET@GS,DET,GS,,,0.0,0.0,0,0.0,0.0,0.0,0.0,0.0,0.0,0.0,0.0,0.0,0.0,0.0,0.0,0.0,0.0,0.0,,,0.0,,0.883784498561,,C,3500
2406,Caron,Butler,4.8,5,SA@SAC,SAC,SA,,,0.0,0.0,0,0.0,0.0,0.0,0.0,0.0,0.0,0.0,0.0,0.0,0.0,0.0,0.0,0.0,0.0,0.0,,,0.0,,0.554977635611,,SF,3500
2034,Mike,Miller,3.5,6,POR@DEN,DEN,POR,,,0.0,0.0,0,0.0,0.0,0.0,0.0,0.0,0.0,0.0,0.0,0.0,0.0,0.0,0.0,0.0,0.0,0.0,,,0.0,,0.597483202867,,SF,3500
200751,Randy,Foye,7.6,6,POR@DEN,DEN,POR,,,16.7,19.25,0,2.02747996627,0.20048548651,4.95814964313,0.926668509726,0.108827474125,0.810535483346,0.511106218569,1.1601274661,0.919362957471,2.49685252381,1.58842273849,7.30777372201,0.812528544605,7.39465633071,20.0,1.9032343319e-05,9.86900962485e-13,11.8021677731,13.2224395718,8.61069997213,9.76010198461,SG,3500
203382,Aron,Baynes,8.2,5,DET@GS,DET,GS,,,6.3,7.5,0,0.509107931069,0.26572004956,0.0316616109593,1.14641653121,1.14964016086,1.45105815594,0.167833503337,0.671089371593,2.6006983168,1.68796484496,0.00787904761816,3.19907393684,0.939318106144,4.32312684368,12.0,2.96820884819e-05,6.04009666936e-15,8.40364445465,8.87320810322,4.70050851554,4.30592697125,C,3500
203200,Justin,Holiday,10.6,5,MIN@ATL,ATL,MIN,,,2.5,3.0,0,0.445219828472,0.174372256024,0.920453278211,0.272679478068,0.10835060265,0.212744887737,0.285302083921,0.281525911762,0.321095490387,0.775636025607,0.257396587806,2.01887988287,0.217463591265,2.02613223029,6.0,6.1162298218e-13,1.85151494037e-24,3.71709932959,4.00261535389,2.98883489458,3.05248846354,SG,3500
1626183,Branden,Dawson,0.0,0,MEM@LAC,LAC,MEM,,,0.0,0.0,0,0.0,0.0,0.0,0.0,0.0,0.0,0.0,0.0,0.0,0.0,0.0,0.0,0.0,0.0,0.0,,,0.0,,0.845620626624,,PF,3500
1626199,Darrun,Hilliard,0.0,0,DET@GS,DET,GS,,,0.0,0.0,0,0.0,0.0,0.0,0.0,0.0,0.0,0.0,0.0,0.0,0.0,0.0,0.0,0.0,0.0,0.0,,,0.0,,0.845620626624,,SG,3500
203940,Adreian,Payne,6.6,3,MIN@ATL,MIN,ATL,,,0.0,0.0,0,0.0,0.0,0.0,0.0,0.0,0.0,0.0,0.0,0.0,0.0,0.0,0.0,0.0,0.0,0.0,,,0.0,,0.734427546806,,PF,3500
204014,Damjan,Rudez,1.1,2,MIN@ATL,MIN,ATL,,,0.0,0.0,0,0.0,0.0,0.0,0.0,0.0,0.0,0.0,0.0,0.0,0.0,0.0,0.0,0.0,0.0,0.0,,,0.0,,0.537522261663,,SF,3500
201601,Luc Richard,Mbah a Moute,0.4,4,MEM@LAC,LAC,MEM,,,0.0,0.0,0,0.0,0.0,0.0,0.0,0.0,0.0,0.0,0.0,0.0,0.0,0.0,0.0,0.0,0.0,0.0,,,0.0,,0.707667257319,,SF,3500
203118,Mike,Scott,8.2,8,MIN@ATL,ATL,MIN,,,8.2,8.75,0,0.846066204142,0.0204747445993,1.49718899435,0.816893135847,0.483524982737,0.765141097031,0.151656926386,0.417053932764,1.24866607977,1.77507183643,0.50705049194,4.00023730062,0.712397307874,4.76959147267,11.0,1.08317189151e-07,2.5322032535e-15,7.46429948381,7.98878516263,4.92051764007,4.9906982976,SF,3500
203475,Erick,Green,0.9,3,POR@DEN,DEN,POR,,,0.0,0.0,0,0.0,0.0,0.0,0.0,0.0,0.0,0.0,0.0,0.0,0.0,0.0,0.0,0.0,0.0,0.0,,,0.0,,0.673447419146,,SG,3500
1626158,Richaun,Holmes,8.9,6,CHI@PHI,PHI,CHI,,,19.1,19.75,0,1.38865523175,1.31038218373,2.05824494178,3.72564694441,2.38912546601,2.32646227476,0.682359817479,1.24287405074,4.71558774076,3.34435600793,0.446030568301,7.70962134141,2.46234030822,9.59708289239,28.0,0.0129237607789,4.33539866901e-08,20.0813809806,21.1809984484,8.13623134465,8.00345596788,PF,3500
203912,C.J.,Wilcox,2.8,21,MEM@LAC,LAC,MEM,,,0.0,0.0,0,0.0,0.0,0.0,0.0,0.0,0.0,0.0,0.0,0.0,0.0,0.0,0.0,0.0,0.0,0.0,,,0.0,,0.729975285981,,SG,3500
203960,Jakarr,Sampson,7.2,6,CHI@PHI,PHI,CHI,,,12.4,13.75,0,0.602292964657,0.185148199882,1.05441623673,1.24395418254,0.461311581337,1.16251516505,0.425202376552,1.04466260212,1.62382674639,1.65148410655,0.272647304249,3.71760231546,0.870141181028,4.44575669837,13.0,7.91413582775e-07,8.21929360428e-16,7.47382679177,8.2136742694,4.64481716517,4.50029769834,SF,3500
203946,Cameron,Bairstow,3.2,1,CHI@PHI,CHI,PHI,,,2.4,2.5,0,0.127720649082,0.0641769125404,0.156634437862,0.29888241491,0.307691873232,0.462646108565,0.120771468219,0.199063272126,0.770337981798,0.41599236259,0.0351540607417,1.03489148598,0.225744423319,1.09288320924,4.0,5.24449779488e-12,2.34298464741e-27,2.37970325041,2.53532881595,2.03042452104,1.89115038017,PF,3500
1626251,Duje,Dukan,0.0,0,SA@SAC,SAC,SA,,,0.0,0.0,0,0.0,0.0,0.0,0.0,0.0,0.0,0.0,0.0,0.0,0.0,0.0,0.0,0.0,0.0,0.0,,,0.0,,0.845620626624,,PF,3500
203950,Jarnell,Stokes,1.2,2,MEM@LAC,MEM,LAC,,,0.0,0.0,0,0.0,0.0,0.0,0.0,0.0,0.0,0.0,0.0,0.0,0.0,0.0,0.0,0.0,0.0,0.0,,,0.0,,0.875565325727,,PF,3500
1626176,Rakeem,Christmas,0.0,0,ORL@IND,IND,ORL,,,0.0,0.0,0,0.0,0.0,0.0,0.0,0.0,0.0,0.0,0.0,0.0,0.0,0.0,0.0,0.0,0.0,0.0,,,0.0,,0.845620626624,,PF,3500
1626146,Cliff,Alexander,0.0,0,POR@DEN,POR,DEN,GTD,Knee,0.0,0.0,0,0.0,0.0,0.0,0.0,0.0,0.0,0.0,0.0,0.0,0.0,0.0,0.0,0.0,0.0,0.0,,,0.0,,0.845620626624,,PF,3500
203906,Roy Devyn,Marble,7.0,16,ORL@IND,ORL,IND,,,0.0,0.0,0,0.0,0.0,0.0,0.0,0.0,0.0,0.0,0.0,0.0,0.0,0.0,0.0,0.0,0.0,0.0,,,0.0,,0.728847424875,,SG,3500
1626145,Tyus,Jones,0.0,0,MIN@ATL,MIN,ATL,,,0.0,0.0,0,0.0,0.0,0.0,0.0,0.0,0.0,0.0,0.0,0.0,0.0,0.0,0.0,0.0,0.0,0.0,,,0.0,,0.845620626624,,PG,3500
203915,Spencer,Dinwiddie,1.2,1,DET@GS,DET,GS,,,0.0,0.0,0,0.0,0.0,0.0,0.0,0.0,0.0,0.0,0.0,0.0,0.0,0.0,0.0,0.0,0.0,0.0,,,0.0,,0.896480383919,,PG,3500
2550,Kirk,Hinrich,1.5,1,CHI@PHI,CHI,PHI,GTD,Toe,0.0,0.0,0,0.0,0.0,0.0,0.0,0.0,0.0,0.0,0.0,0.0,0.0,0.0,0.0,0.0,0.0,0.0,,,0.0,,0.67264711861,,SG,3500
202734,E'Twaun,Moore,8.5,7,CHI@PHI,CHI,PHI,,,17.3,18.5,0,1.52565028105,0.297052885926,1.73232036174,0.573820870592,0.39157617658,1.15827732876,0.695086140451,0.848510586654,1.54985350534,2.7325623245,0.614994059977,6.29178492072,0.370224817587,6.45034352656,23.0,2.76595205754e-06,7.01341660587e-12,11.7344106206,12.5436597682,6.76079061599,6.78136918175,PG,3500
203123,Kostas,Papanikolaou,0.6,2,POR@DEN,DEN,POR,,,12.1,12.75,0,1.32639563643,0.195810313916,1.63377730846,0.306358150974,0.651587151986,0.856396012258,0.489114904883,0.801749983023,1.50798316424,1.20739984169,0.526833372557,3.10901303856,0.223042837002,3.16467589294,13.0,2.6225591216e-07,2.7681868703e-13,7.53194959926,8.27164082865,4.12821382839,4.40020190347,SF,3500
203961,Eric,Moreland,2.5,3,SA@SAC,SAC,SA,,,0.0,0.0,0,0.0,0.0,0.0,0.0,0.0,0.0,0.0,0.0,0.0,0.0,0.0,0.0,0.0,0.0,0.0,,,0.0,,0.838381179146,,PF,3500
202341,James,Anderson,7.3,6,SA@SAC,SAC,SA,,,0.0,0.0,0,0.468377870211,0.0869985754509,1.19428537718,0.437156132087,0.157321772643,0.274653389224,0.269963023916,0.401327199545,0.431975161867,0.844069265546,0.38481491357,2.22263232948,0.347167956807,2.42012140147,7.0,2.65066309156e-12,7.73905144622e-23,3.95365440021,4.36832421487,3.29374964267,3.50085076273,SG,3500
2419,Tayshaun,Prince,8.3,5,MIN@ATL,MIN,ATL,,,5.4,6.0,0,1.09819739918,0.225456674506,0.84409482452,1.13516331371,0.693590805257,1.2400716275,0.582368998528,0.557526370692,1.93366243276,2.25144574038,0.274260560046,5.4371085148,0.748736497305,5.52588853811,24.0,6.37334433934e-06,1.65094678412e-12,10.5517045316,11.0642906786,6.10663434768,5.93954400127,SF,3500
203488,Mike,Muscala,3.9,3,MIN@ATL,ATL,MIN,,,0.0,0.0,0,0.0,0.0,0.0,0.0,0.0,0.0,0.0,0.0,0.0,0.0,0.0,0.0,0.0,0.0,0.0,,,0.0,,0.821515407829,,PF,3500
1626246,Boban,Marjanovic,5.2,3,SA@SAC,SA,SAC,,,2.0,2.0,0,0.248768517861,0.048645879347,0.162378649832,0.431377009083,0.340844539232,0.411730534441,0.0891752849342,0.196709254867,0.752575073674,0.594249660095,0.0447205458901,1.32089004246,0.319239993828,1.55245985991,3.0,1.65680938189e-11,3.30633682029e-24,2.9076357988,3.06597945289,2.48624403623,2.29842305466,C,3500
202714,Shelvin,Mack,0.4,1,MIN@ATL,ATL,MIN,,,0.0,0.0,0,0.0,0.0,0.0,0.0,0.0,0.0,0.0,0.0,0.0,0.0,0.0,0.0,0.0,0.0,0.0,,,0.0,,0.808965645111,,PG,3500
203459,Allen,Crabbe,10.3,6,POR@DEN,POR,DEN,,,16.1,16.75,0,1.25724003663,0.30283309057,2.74583820545,0.785174961187,0.266373948269,1.03294681805,0.76187276885,0.701857054331,1.29932076632,2.71663522544,0.844771860589,6.41525775874,0.572928317921,6.85097062938,23.0,6.34471206961e-07,3.21007004905e-13,11.7235702684,12.5618517159,6.92367786536,7.21572685547,SG,3500
203492,Ray,McCallum,2.1,3,SA@SAC,SA,SAC,,,0.5,1.0,0,0.380473047722,0.0220748331312,0.211619920975,0.160025674329,0.0964095787624,0.114241260359,0.118124995138,0.193240023165,0.210650839121,0.410507662876,0.06587908901,0.960395411397,0.109601184434,0.996495599196,3.0,7.50784826492e-15,2.94011648919e-28,1.9071458111,2.04723790914,2.0005926705,1.89037139403,PG,3500
2446,Rasual,Butler,6.2,5,SA@SAC,SA,SAC,,,15.4,15.5,0,0.697163342948,0.411863115658,2.24105527369,0.585316230168,0.187481416388,0.620828193789,0.388404259304,0.400544159739,0.808309610177,2.00926939176,0.710477345898,4.71505517897,0.478946744467,5.20796287388,14.0,3.31335858316e-09,1.06304744275e-17,8.4236700107,9.01959624899,5.58493613941,5.85602419856,SF,3500
203934,Lamar,Patterson,5.7,7,MIN@ATL,ATL,MIN,,,0.0,0.0,0,0.0,0.0,0.0,0.0,0.0,0.0,0.0,0.0,0.0,0.0,0.0,0.0,0.0,0.0,0.0,,,0.0,,0.772013044387,,SG,3500
201575,Brandon,Rush,5.6,5,DET@GS,GS,DET,,,0.0,0.0,0,0.0,0.0,0.0,0.0,0.0,0.0,0.0,0.0,0.0,0.0,0.0,0.0,0.0,0.0,0.0,,,0.0,,0.676150498112,,SG,3500
204025,Tim,Frazier,1.6,3,POR@DEN,POR,DEN,,,0.0,0.0,0,0.0,0.0,0.0,0.0,0.0,0.0,0.0,0.0,0.0,0.0,0.0,0.0,0.0,0.0,0.0,,,0.0,,0.92454094432,,PG,3500
203085,Austin,Rivers,10.6,6,MEM@LAC,LAC,MEM,,,13.5,14.0,0,1.59398015323,0.32613497211,2.17912999205,2.27738414271,0.211990517942,0.505272788807,0.888076247307,0.963998790651,0.717263306749,2.91075810416,0.524973131579,7.26656106288,1.56887472788,7.91536406778,23.0,2.83091258185e-06,1.20495982007e-13,12.6314739139,13.4118272867,7.44817109127,7.44988243274,PG,3500
203552,Seth,Curry,6.8,4,SA@SAC,SAC,SA,GTD,Ankle,0.0,0.0,0,0.0,0.0,0.0,0.0,0.0,0.0,0.0,0.0,0.0,0.0,0.0,0.0,0.0,0.0,0.0,,,0.0,,0.796947461917,,SG,3500
1626245,Cristiano,Felicio,0.0,0,CHI@PHI,CHI,PHI,,,1.5,1.5,0,0.119174837696,0.0200266026871,0.0879547425642,0.0892149286306,0.0448002587403,0.129828723837,0.0315340918211,0.0557153346028,0.174628982577,0.136980102251,0.0242235300341,0.323627826716,0.0657286850412,0.363912419578,1.0,7.51947856418e-20,1.05038027673e-35,0.799635509628,0.848336391075,1.34275896275,1.28474113531,C,3500
1626242,Luis,Montero,1.6,2,POR@DEN,POR,DEN,,,0.0,0.0,0,0.0,0.0,0.0,0.0,0.0,0.0,0.0,0.0,0.0,0.0,0.0,0.0,0.0,0.0,0.0,,,0.0,,0.817576197931,,SF,3500
201589,Darrell,Arthur,13.3,6,POR@DEN,DEN,POR,,,10.1,10.75,0,1.18216615718,0.788578275368,1.71203821232,0.813269998757,1.27031978592,1.86189414151,0.799061868643,0.752338460936,3.13221392743,2.45470390945,0.423397995125,7.01636004952,0.668521533742,6.00132734777,20.0,0.000340630907433,1.80739420663e-10,13.9561751235,14.7011649948,6.93042472953,6.93254750894,PF,3500
203894,Shabazz,Napier,5.7,6,ORL@IND,ORL,IND,,,2.4,2.5,0,0.28305382044,0.00699575662891,0.237904163802,0.12163973327,0.0358038749496,0.0889994308722,0.0669766824782,0.152395232754,0.124803305822,0.180190162412,0.0805355115937,0.470123335254,0.0935839018403,0.534499738258,2.0,9.39483886598e-17,2.12277223196e-32,1.10439408136,1.22709961883,1.47988312394,1.50745375171,PG,3500
203524,Solomon,Hill,0.0,1,ORL@IND,IND,ORL,,,0.0,0.0,0,0.0,0.0,0.0,0.0,0.0,0.0,0.0,0.0,0.0,0.0,0.0,0.0,0.0,0.0,0.0,,,0.0,,0.666823594838,,SG,3500
1626202,Joseph,Young,-0.5,2,ORL@IND,IND,ORL,,,0.0,0.0,0,0.0,0.0,0.0,0.0,0.0,0.0,0.0,0.0,0.0,0.0,0.0,0.0,0.0,0.0,0.0,,,0.0,,0.815939319454,,SG,3500
203546,Ian,Clark,7.5,4,DET@GS,GS,DET,,,0.0,0.0,0,0.0,0.0,0.0,0.0,0.0,0.0,0.0,0.0,0.0,0.0,0.0,0.0,0.0,0.0,0.0,,,0.0,,0.742704991217,,SG,3500
203943,Noah,Vonleh,5.7,6,POR@DEN,POR,DEN,,,2.4,2.5,0,0.317809497473,0.401956435218,0.70790560443,1.0810240671,1.04195581286,1.64442040572,0.208690574094,0.690000859385,2.68637621858,1.32485524581,0.163821123451,3.45491689422,0.754482680631,3.5680142957,13.0,2.27968041665e-05,5.30527016749e-16,7.79967316344,8.36093716099,4.22415303524,4.08512727646,PF,3500
203613,Jonathon,Simmons,0.0,0,SA@SAC,SA,SAC,,,0.0,0.0,0,0.0,0.0,0.0,0.0,0.0,0.0,0.0,0.0,0.0,0.0,0.0,0.0,0.0,0.0,0.0,,,0.0,,0.845620626624,,SG,3500
203922,Glenn,Robinson III,12.2,2,ORL@IND,IND,ORL,,,1.5,1.5,0,0.194269330494,0.0199464580593,0.259110946648,0.404225564315,0.206056220136,0.280721427001,0.101344226154,0.179043192583,0.486777647137,0.438010101571,0.0614173487815,1.03294229085,0.281443462615,1.21888101454,4.0,1.23029883741e-13,2.17918215364e-27,2.15795636269,2.30252551573,2.0655387465,1.93746330788,SF,3500
203210,JaMychal,Green,13.1,7,MEM@LAC,MEM,LAC,,,7.7,7.75,0,0.483319817997,0.386422224046,0.740829021617,1.40719927307,1.70960893881,2.39665219468,0.477385689897,1.0223898613,4.10626113349,2.39286751019,0.198142110629,5.02395436866,1.04751919438,6.03139632539,16.0,0.00212121519773,5.25814957957e-13,12.3891153792,13.2078762446,6.04184481593,5.74344680973,PF,3500
1713,Vince,Carter,5.2,1,MEM@LAC,MEM,LAC,,,0.0,0.0,0,0.0,0.0,0.0,0.0,0.0,0.0,0.0,0.0,0.0,0.0,0.0,0.0,0.0,0.0,0.0,,,0.0,,0.698363826671,,SF,3500
1626185,Jarell,Martin,0.0,0,MEM@LAC,MEM,LAC,O,Foot,0.0,0.0,0,0.0,0.0,0.0,0.0,0.0,0.0,0.0,0.0,0.0,0.0,0.0,0.0,0.0,0.0,0.0,,,0.0,,0.845620626624,,PF,3500
2733,Shaun,Livingston,10.4,7,DET@GS,GS,DET,,,10.4,11.0,0,2.83637864658,0.280807388995,0.0817241526917,1.16373980272,0.582449084556,0.97337086443,0.636312893532,1.32252558404,1.55581994899,2.09723153245,0.000520316889013,4.46453736785,0.908130058894,5.10311344069,19.0,9.80372730027e-05,5.46522133926e-10,11.7363803304,12.4758413358,5.78221840252,5.42048973125,PG,3500
203999,Nikola,Jokic,11.2,5,POR@DEN,DEN,POR,,,16.9,17.5,0,0.683192610223,0.328852045824,0.234548056877,1.59425153539,1.27658433168,2.13702281526,0.503057091854,1.01203054382,3.41360714694,2.3621854106,0.0645966520343,4.82130016342,1.14798993252,5.93695740574,16.0,0.000576798425503,2.00156273632e-12,11.7098626289,12.4197217819,6.15200726507,5.78525600975,C,3500
204002,Walter,Tavares,1.1,2,MIN@ATL,ATL,MIN,,,0.0,0.0,0,0.0,0.0,0.0,0.0,0.0,0.0,0.0,0.0,0.0,0.0,0.0,0.0,0.0,0.0,0.0,,,0.0,,0.849452254747,,C,3500
1889,Andre,Miller,3.5,1,MIN@ATL,MIN,ATL,,,2.5,3.0,0,1.11923656344,0.0249436245398,0.126328544418,0.302687857076,0.139638112268,0.139638112268,0.182096605048,0.411525934846,0.279276224536,0.547835203007,0.0295205628495,1.13419332215,0.229636715541,1.3548276844,5.0,3.5654226586e-10,2.23399156895e-22,3.37136852334,3.60585558395,2.35037871723,2.12330132897,PG,3500
2581,Steve,Blake,9.4,5,DET@GS,DET,GS,,,5.9,9.0,0,3.54790240856,0.110736616044,2.65404993603,0.315661358684,0.261608748867,0.752999301687,0.393511240789,1.49547329853,1.01460805055,1.43528020216,0.873004666736,4.20913550729,0.225282351257,3.96884742232,18.0,0.000344338728843,4.37800109356e-11,10.021253111,11.2567390043,5.30202526231,5.92741008172,PG,3500
203949,James Michael,McAdoo,5.8,6,DET@GS,GS,DET,,,1.5,1.5,0,0.0408557954153,0.0443364519757,0.00869591774476,0.19253754637,0.0924291690723,0.126594365198,0.0328279057927,0.0464898911705,0.21902353427,0.157886265786,0.00239493424144,0.316704662152,0.0995493507304,0.417716816543,1.0,2.43043710133e-19,2.81884739068e-39,0.849667575156,0.885061164576,1.38700194778,1.26869407347,PF,3500
201160,Jason,Smith,10.3,6,ORL@IND,ORL,IND,,,0.0,0.0,0,0.0,0.0,0.0,0.0,0.0,0.0,0.0,0.0,0.0,0.0,0.0,0.0,0.0,0.0,0.0,,,0.0,,0.783172904788,,PF,3500
203112,Quincy,Acy,6.7,2,SA@SAC,SAC,SA,,,3.0,3.5,0,0.180734937022,0.0659255684822,0.129660082867,0.229572062088,0.17056585144,0.233303948588,0.0585230592373,0.136631555521,0.403869800028,0.333757601429,0.0495782357216,0.687817405824,0.169116138741,0.88620957732,3.0,6.76875019308e-15,5.88456378467e-29,1.7542214428,1.86751982843,1.79695877157,1.6753150429,PF,3500
203493,Reggie,Bullock,0.8,3,DET@GS,DET,GS,,,-1.0,-0.5,0,0.0241083530458,0.00843009681581,0.146563847664,0.0246064308354,0.0144133610055,0.0173283608101,0.0254054432097,0.0300101656644,0.0317417218156,0.0776207903876,0.0424440662366,0.231049665806,0.01741848418,0.215104131192,1.0,4.45551679668e-27,1.89889385978e-49,0.327017641326,0.364831843367,0.954383561607,0.992949888279,SF,3500
203937,Kyle,Anderson,5.5,6,SA@SAC,SA,SAC,,,6.8,7.0,0,0.718722533955,0.277979063099,0.340386765287,0.508658070033,0.260039365889,0.556853666087,0.376227559676,0.273975379337,0.816893031976,0.986611641713,0.0752946489299,2.60181368462,0.323881227083,2.37239915944,10.0,2.59595854649e-10,1.05444927164e-18,5.46519246495,5.68067213108,3.44168656699,3.2673018272,SF,3500
1626174,Christian,Wood,2.4,5,CHI@PHI,PHI,CHI,,,19.6,20.5,0,1.09958543782,0.252584781448,1.80335856844,2.68336355501,1.93623281901,2.87332162179,0.675200532259,1.07318170931,4.8095544408,3.53801773531,0.523205821866,8.31598431633,1.91444712062,9.51368841311,22.0,0.0142581802175,3.79471395659e-09,17.7169208169,18.7769795862,8.63659816618,8.53858406227,PF,3500
203919,Jordan,Adams,9.0,2,MEM@LAC,MEM,LAC,GTD,Knee,0.0,0.0,0,0.0,0.0,0.0,0.0,0.0,0.0,0.0,0.0,0.0,0.0,0.0,0.0,0.0,0.0,0.0,,,0.0,,0.836764843022,,SG,3500
203143,Pablo,Prigioni,3.4,2,MEM@LAC,LAC,MEM,,,0.0,0.0,0,0.0,0.0,0.0,0.0,0.0,0.0,0.0,0.0,0.0,0.0,0.0,0.0,0.0,0.0,0.0,,,0.0,,0.836654930964,,PG,3500
1626192,Pat,Connaughton,2.0,2,POR@DEN,POR,DEN,,,0.0,0.0,0,0.0,0.0,0.0,0.0,0.0,0.0,0.0,0.0,0.0,0.0,0.0,0.0,0.0,0.0,0.0,,,0.0,,0.793443753842,,SG,3500
203094,Andrew,Nicholson,0.2,1,ORL@IND,ORL,IND,,,0.0,0.0,0,0.0,0.0,0.0,0.0,0.0,0.0,0.0,0.0,0.0,0.0,0.0,0.0,0.0,0.0,0.0,,,0.0,,0.628909708163,,PF,3500
2588,Matt,Bonner,7.0,72,SA@SAC,SA,SAC,,,0.0,0.0,0,0.0,0.0,0.0,0.0,0.0,0.0,0.0,0.0,0.0,0.0,0.0,0.0,0.0,0.0,0.0,,,0.0,,0.559305633408,,C,3500
