NBA_ID,First Name,Last Name,FPPG,Played,Game,Team,Opp,Status,Injury Details,Actual_FD,Actual_DK,Actual_MIN,AST,BLK,FG3A,FTA,OREB,DREB,STL,TOV,REB,FGM,FG3M,FGA,FTM,PTS,MIN,DD,TD,FD,DK,FD_std,DK_std,fd_Pos,fd_Salary
201566,Russell,Westbrook,53.5,3,OKC@HOU,OKC,HOU,,,48.1,55.0,22,8.11904940701,0.208146283437,4.37036152862,7.38178950612,1.95505826141,3.01160727386,1.87943628792,4.48241973601,4.96666553528,9.45767138367,1.49102996492,20.0667783351,6.17365149018,26.5800242224,32.0,0.32778545449,0.00911411616459,44.411342382,48.1654210394,19.0065028097,19.08829694,PG,11200
201939,Stephen,Curry,60.1,3,MEM@GS,GS,MEM,,,43.1,46.75,22,6.22916308275,0.219774658067,7.84181638609,4.64020209129,0.4885378318,1.83203852587,1.98898000813,2.37613373762,2.32057635767,8.45970688411,3.7228197079,15.6060771473,4.32776787589,24.970001352,28.0,0.100174555941,1.98957278324e-05,39.1398132001,42.4556402619,16.3120405583,17.7934837254,PG,11000
2544,LeBron,James,38.5,3,CLE@PHI,CLE,PHI,,,58.3,61.75,22,6.70778140627,0.645774046768,3.76534859465,6.49282137869,0.81192384454,2.73415149996,1.91632064983,3.49041724273,3.5460753445,8.46348442953,0.973299982153,16.9619182897,4.48365085382,22.383919695,33.0,0.143551468238,0.000512366799149,38.3346543683,40.9606810507,16.2994241627,16.1516597828,SF,10600
201142,Kevin,Durant,42.5,3,OKC@HOU,OKC,HOU,,,32.8,37.5,22,3.06748160688,1.02637579409,6.31263203222,7.33899512388,0.54498366796,2.67984501224,0.619462148706,2.61761102873,3.2248286802,8.97765363471,2.57125838551,18.1081286502,6.4912231231,27.017788778,35.0,0.0031448889565,2.40517160836e-06,36.1628704614,38.9232711515,17.3190930591,18.0448649015,SF,10400
201935,James,Harden,37.3,3,OKC@HOU,HOU,OKC,,,55.5,58.75,22,6.2587115334,1.12344596784,9.04742969493,10.5381446639,0.857638356369,3.07854311396,2.10823857669,3.81563527949,3.93618147033,7.17513774338,2.21843290792,19.4306889962,9.0887576164,25.6574660111,38.0,0.105185674151,0.000725796314791,42.4166848851,45.7904839525,17.7881451687,19.0671263536,SG,10400
201933,Blake,Griffin,48.8,3,PHO@LAC,LAC,PHO,,,39.0,41.0,22,4.33788697464,0.50819767362,0.201113489771,7.43701161078,1.69468214167,4.57516368335,0.845810349768,2.12819538949,6.26984582503,9.80408999358,0.0781478600007,17.4732955394,5.47099508584,25.157322933,34.0,0.117058268645,0.00141043188934,39.7677890423,41.3642716569,19.2919407544,18.7290790241,PF,10300
2546,Carmelo,Anthony,40.7,3,SA@NY,NY,SA,,,31.4,32.75,22,3.29804185019,0.476319056219,4.81842696701,6.90324533297,1.80091139682,3.32480040336,1.13889357071,1.92724132657,5.12571180018,8.28775271783,1.56284500177,20.1298648164,5.90712984662,24.045480284,35.0,0.0385781500074,7.9570198504e-05,36.4465811468,38.5060158366,18.4932384813,18.7579661065,SF,9700
101108,Chris,Paul,34.1,3,PHO@LAC,LAC,PHO,,,25.1,28.25,22,8.4425642672,0.0864263972504,3.66952199228,3.88837895671,0.309544187208,2.13651808326,1.48189775329,2.42214202365,2.44606227047,5.63023876011,1.24639920605,12.3355275313,3.36495147283,15.8718281991,31.0,0.310415669933,7.37160748258e-05,32.1854556019,34.6078739834,12.0841865197,12.3067767641,PG,9300
203081,Damian,Lillard,37.3,3,POR@MIN,POR,MIN,,,50.9,54.0,22,7.37828080606,0.266039912514,7.82426435367,5.17470108597,0.44931436336,1.94405718636,1.38831692111,3.72527195573,2.39337154972,8.5623352331,2.69476878439,19.4617376681,4.43771928905,24.2571585396,38.0,0.208685137457,4.15504411196e-05,37.7800673199,41.422908625,18.1077681529,19.2365768338,PG,8900
202328,Greg,Monroe,40.0,3,MIL@BKN,MIL,BKN,,,42.1,45.25,22,3.09946834487,0.99177249819,0.000627751292076,6.02998195151,3.80945906733,5.64078221625,1.5503895694,2.24416634354,9.45024128358,8.34111554107,3.91773221599e-07,15.1811273868,4.66779394065,21.3500254146,39.0,0.468311460775,0.000655901048696,40.1796752638,42.4787055899,17.0810301099,16.5523937098,C,8300
200746,LaMarcus,Aldridge,33.7,3,SA@NY,SA,NY,,,24.2,25.5,22,2.00485362509,0.811813275757,0.922958574465,4.5431305066,2.57230509246,3.90323907532,0.455037344933,1.41409295633,6.47554416778,7.40767931024,0.246091578919,16.1709407243,3.70193442312,18.7633846225,32.0,0.11712521075,5.55531140298e-06,30.6609263466,31.9905003046,16.8793177509,16.5233902267,PF,8300
2730,Dwight,Howard,20.4,1,OKC@HOU,HOU,OKC,,,36.6,37.5,22,1.41814347774,1.93991311087,0.0465787440088,7.32577318687,3.30001966448,3.76338832019,1.07036136091,3.23601208077,7.06340798467,6.88892960658,0.0213638371705,12.7184807704,3.91726779924,17.7164908496,35.0,0.169237921351,6.57975243311e-06,31.1043325106,33.3400674901,14.8354022782,14.3368250744,C,8200
201599,DeAndre,Jordan,39.3,3,PHO@LAC,LAC,PHO,,,24.8,25.75,22,0.854429175944,3.24515391143,0.0244014814784,5.8612726579,3.33412157494,7.9146884591,0.749810958577,1.16467015385,11.248810034,4.03382957599,0.00609982642729,5.38045125841,2.11020509685,10.1839640753,32.0,0.432303040933,0.000838703090817,31.7894394662,33.5882356287,7.79810216985,7.02073559116,C,8100
202695,Kawhi,Leonard,37.4,3,SA@NY,SA,NY,,,46.3,50.0,22,2.05229185292,1.45581705814,3.35610246982,3.85798716721,1.32078255544,4.88375536922,2.53546776271,2.29211961353,6.20453792466,8.13002138922,1.02939192466,16.7941915292,3.38519153628,20.6746262394,36.0,0.0973505670664,3.59062473936e-05,36.8889595565,39.0060757912,16.1276095393,16.0122767511,SF,8000
202339,Eric,Bledsoe,36.4,3,PHO@LAC,PHO,LAC,,,34.3,36.5,22,5.23119076991,0.712530229834,3.21324828897,6.12283949078,0.552574848511,1.75394762275,1.66709482188,2.7939354825,2.30652247126,5.97792611223,0.875727062051,13.7123237073,4.91696795702,17.7485472435,32.0,0.0394586879829,6.18719327135e-06,30.3284749848,32.3378389742,13.359563294,13.3449459953,SG,7900
203110,Draymond,Green,30.6,3,MEM@GS,GS,MEM,,,37.8,40.75,22,3.95886516523,1.20301981875,3.36219534785,2.40817967693,0.991119488165,2.89851128827,1.16176618739,1.5385559314,3.88963077643,3.75707427431,1.58766237154,8.01668076776,1.42108578451,10.5228967047,27.0,0.0090754570786,3.2436541917e-05,24.3197674651,26.0910686507,8.81478926679,9.3791095614,PF,7800
201937,Ricky,Rubio,41.2,2,POR@MIN,MIN,POR,,,41.3,42.25,22,9.42947117918,0.0412939794794,2.3922266254,4.50467662265,0.681031424458,2.28921963319,1.81131580277,2.39231550464,2.97025105765,4.16989162015,0.62016424182,10.5019006762,3.839277267,12.7992247491,32.0,0.379649485245,0.000395757239506,31.8206368469,34.0460507726,10.3985287656,10.3918371426,PG,7700
201188,Marc,Gasol,23.6,3,MEM@GS,MEM,GS,,,28.3,29.75,22,2.81574664884,0.903587315105,0.186859953643,3.70696110005,1.10478538253,2.60097866938,0.390296231308,1.52661444434,3.70576405191,4.77758264153,0.0164638303923,10.2880546126,3.02715612479,12.5987852382,26.0,0.00448722421525,2.70855481358e-06,22.3304747223,23.2940410242,11.6483914701,11.2585382293,C,7700
201572,Brook,Lopez,29.7,3,MIL@BKN,BKN,MIL,,,30.3,32.75,22,1.28442258757,1.72918445802,0.202578015171,5.65820654688,2.72637688043,4.47837372489,0.384859799498,2.00570667219,7.20475060532,7.65286516233,0.00832700230662,14.6723463233,4.58274418021,19.8968015072,34.0,0.187589232024,2.79152029313e-06,32.6915179578,34.3401645479,16.3013654152,15.809386379,C,7700
201567,Kevin,Love,40.0,3,CLE@PHI,CLE,PHI,,,25.6,27.0,22,2.44040622663,0.397229443517,4.96939487334,3.72460883325,2.10592147292,4.07405907373,0.373104818748,1.49239578503,6.17998054666,5.40084019862,1.63927223381,12.0666068463,3.24648986052,15.6874424916,29.0,0.0877384379568,2.01100622288e-05,26.812301227,28.8188022509,11.9392952298,12.5622148612,PF,7600
203457,Nerlens,Noel,32.3,2,CLE@PHI,PHI,CLE,,,30.6,33.0,22,1.86546977422,2.08881015139,0.0141750030919,3.62222304612,2.84661110682,4.28944755464,1.61282702254,2.3839330678,7.13605866146,4.39408623499,0.00390393243173,10.4408215078,2.22843750001,11.0205139024,33.0,0.127790831819,1.27877334099e-05,27.4013302376,29.1437762817,11.7170330615,11.4074920652,PF,7500
1495,Tim,Duncan,23.9,3,SA@NY,SA,NY,,,42.0,44.5,22,3.57817055217,2.11371275824,0.187346244881,4.94840929685,2.15766564921,5.03392640675,0.934072308917,2.20538381561,7.19159205596,5.81799133761,0.0169536813435,11.736282765,3.83748093818,15.4904172947,35.0,0.177909929722,0.000685594679386,33.3777699088,35.1174399387,13.3210805455,12.8908252349,C,7200
201951,Ty,Lawson,20.0,3,OKC@HOU,HOU,OKC,,,40.5,44.25,22,8.30119156423,0.186896186612,2.46011772791,5.56431824464,0.546744017274,2.11843718777,1.27884678059,2.80538072595,2.66518120504,4.36920039555,0.874033949474,10.4402716133,3.64939220898,13.2618269496,37.0,0.265664952764,0.000120738208364,29.0379369504,31.4097629921,10.7065635187,10.7817097235,PG,7100
203487,Michael,Carter-Williams,32.1,3,MIL@BKN,MIL,BKN,,,23.9,25.0,22,4.79599755292,0.504137465614,1.81267402978,3.12202704163,0.63474590598,1.59899844115,1.22754644483,2.70485659088,2.23374434713,3.55320341993,0.461744792869,8.88615159892,2.34479394933,9.91294558206,23.0,0.0150383854174,1.71695093239e-06,20.545946358,22.2634969962,9.05406545198,8.94743706946,PG,7000
202688,Brandon,Knight,33.3,3,PHO@LAC,PHO,LAC,,,35.4,36.75,22,6.20490686986,0.380053261675,6.91778733545,3.90689164735,0.848451889273,2.73810520018,1.88311870925,3.4852589005,3.58655708945,7.66606459405,2.39340562216,18.4333592508,3.45199383947,21.1775286497,41.0,0.100769472123,0.000382893555558,35.8298425032,39.1008055079,16.9472065944,17.9074584402,PG,7000
201586,Serge,Ibaka,28.8,3,OKC@HOU,OKC,HOU,,,40.8,43.5,22,1.30347880077,2.88776143052,2.05958419548,1.579974901,2.95714028502,3.88466170127,0.496960492064,1.66813295636,6.8418019863,5.87513795275,0.643129416767,12.490334671,1.29501856292,13.6884238852,34.0,0.129196160048,0.000106991832633,28.9551153587,30.6469518602,12.5179490646,12.3083066789,PF,6900
203952,Andrew,Wiggins,15.3,2,POR@MIN,MIN,POR,,,26.7,28.5,22,1.24627228562,0.349210505638,1.22382328477,4.57107842756,1.16056214227,1.27800478816,0.535542211564,1.75820747836,2.43856693043,3.68061296931,0.199873607185,9.60189091864,3.6192688864,11.1803684322,23.0,0.000163256111732,1.3130755915e-10,15.9873551332,17.0885689071,9.95502382962,9.72567976276,SF,6900
202683,Enes,Kanter,23.6,3,OKC@HOU,OKC,HOU,,,24.9,26.5,22,0.745651702109,0.385553081215,0.285810097258,1.94413327972,3.31064377962,4.39546662525,0.242641363089,1.89406709333,7.70611040487,5.06393967695,0.10149182223,9.72359575279,1.50409396277,11.7334651389,22.0,0.182867712412,1.36467574294e-09,21.4615969732,23.1189835239,11.0973047667,10.649799121,C,6800
2216,Zach,Randolph,24.1,3,MEM@GS,MEM,GS,,,7.6,7.75,22,0.963652352804,0.0703856645003,0.167267630116,2.43816374751,1.73445806296,2.71837165644,0.400782232761,1.25478064843,4.4528297194,3.35201608685,0.0325860937433,7.60800342023,1.81336118632,8.54997945378,19.0,0.00756269641914,6.01466640316e-10,15.0264087924,15.9040776958,8.82148634892,8.48595629386,PF,6800
202691,Klay,Thompson,18.7,3,MEM@GS,GS,MEM,,,27.4,29.75,22,1.88557295378,0.74583254374,5.28116744587,2.55392641641,0.195041682266,1.51338589385,0.720969203896,1.48915994956,1.70842757611,6.00123414322,2.23451604579,12.8025147445,2.33220086184,16.5691851941,26.0,3.76575036402e-05,3.27581291263e-10,22.8921012618,24.8394171255,12.8044423967,13.6294122181,SG,6700
201144,Mike,Conley,30.3,3,MEM@GS,MEM,GS,,,21.9,22.0,22,5.26239473606,0.0938977274623,2.99022095659,3.27551186638,0.387011045399,1.13583556551,0.982469470766,1.60824845617,1.52284661091,4.16595258208,1.18617679152,9.63566238184,2.94026434557,12.4583463013,26.0,0.032783152352,1.56170014008e-07,22.7238402787,24.2463704302,9.77665617861,10.0538788561,PG,6600
1626157,Karl-Anthony,Towns,40.9,2,POR@MIN,MIN,POR,,,21.0,23.75,22,1.20155359776,1.71487988873,0.903775305171,2.58818118518,1.61115218399,6.07366141476,0.582564914584,1.87378747777,7.68481359874,5.25580550617,0.286477240489,10.5412647083,2.07519027008,12.8732785229,27.0,0.197731693105,2.66400613336e-06,26.6184873669,28.3794659377,11.4519174001,11.0789318525,C,6600
203507,Giannis,Antetokounmpo,38.3,2,MIL@BKN,MIL,BKN,,,35.1,38.0,22,3.12285537823,1.30111475766,1.59176347128,6.17922433832,1.92313969327,4.11955894844,1.19021814905,3.256067424,6.0426986417,7.58586954747,0.564908284259,14.2649115776,4.82923315177,20.565880531,42.0,0.0870549227433,0.000126625302428,34.2280003578,36.571585404,14.9906746808,14.5952884596,SG,6500
203468,C.J.,McCollum,34.3,3,POR@MIN,POR,MIN,,,31.2,34.5,22,2.66589706208,0.271474375413,6.1199578153,2.29402080254,0.637851796893,2.37382415474,1.40679906915,1.85340108678,3.01167595163,7.13199303463,2.39759628983,16.2981992693,1.83736039515,18.4989427542,36.0,0.00151378061435,4.94468501379e-07,27.6149452917,29.8932999319,15.3604025862,16.2451759372,SG,6400
202700,Donatas,Motiejunas,22.7,71,OKC@HOU,HOU,OKC,O,Back,0.0,0.0,22,0.0,0.0,0.0,0.0,0.0,0.0,0.0,0.0,0.0,0.0,0.0,0.0,0.0,0.0,0.0,,,0.0,,0.75313246111,,PF,6400
101127,Jarrett,Jack,29.9,2,MIL@BKN,BKN,MIL,,,19.6,22.75,22,6.31856047627,0.131871748827,2.39712488951,2.97542163939,0.322615238438,1.68051492208,0.853484490277,3.04427923866,2.00313016052,5.7589434627,0.803111707823,13.4474731173,2.57854234221,14.8995409754,35.0,0.0954527512341,4.49622948068e-06,25.707571122,27.8746157188,13.1364716592,13.0607551804,PG,6300
2207,Joe,Johnson,17.4,3,MIL@BKN,BKN,MIL,,,26.6,27.75,22,4.18301030666,0.111890285235,4.47256382016,2.43172487341,1.13850858354,2.13305984952,0.757596585292,1.38858537364,3.27156843306,5.61754394879,1.42767237502,14.4294525837,2.00517504875,14.6679353213,41.0,0.01120613175,1.94235197522e-05,25.2187212684,26.8072960326,13.2574809271,13.6925491187,SG,6200
203953,Jabari,Parker,22.5,25,MIL@BKN,MIL,BKN,O,Knee,0.0,0.0,22,0.0,0.0,0.0,0.0,0.0,0.0,0.0,0.0,0.0,0.0,0.0,0.0,0.0,0.0,0.0,,,0.0,,0.762899463918,,PF,6200
2199,Tyson,Chandler,23.8,3,PHO@LAC,PHO,LAC,,,35.9,38.25,22,1.30485871786,1.36944306623,0.13275489787,4.60508344653,4.79679219202,6.77629604257,0.7901790069,1.76155203073,11.5730882346,4.41656887856,0.0,7.25165356938,3.14066154212,11.9737992992,36.0,,,30.3764853731,,9.21628059922,,C,6100
203114,Khris,Middleton,16.6,3,MIL@BKN,MIL,BKN,,,31.5,32.75,22,2.60368679276,0.229382506061,4.52882280641,2.89318088184,0.679773844154,1.71323393705,1.29541316299,1.62903169155,2.3930077812,5.95666960248,1.724109506,14.1090016085,2.44531566954,16.0827643805,39.0,0.000525983556801,6.86810802784e-08,24.2804635537,26.0774737229,13.3402194284,13.8483985988,SF,5900
202693,Markieff,Morris,21.4,3,PHO@LAC,PHO,LAC,,,29.6,32.0,22,2.29366025854,0.751242525965,3.81218752338,2.98724591769,2.05061013839,3.41749454884,1.2537564923,2.53045343898,5.46810468723,7.04164608391,1.29402119679,17.7127836454,2.23758966209,17.6149030267,36.0,0.0494512524575,6.98713812712e-06,29.0966636367,31.3565040291,16.293584576,16.457289625,PF,5900
203496,Robert,Covington,23.0,70,CLE@PHI,PHI,CLE,,,10.4,11.5,22,1.02458957251,0.426042894788,5.02185178199,2.34279528701,0.653256661284,0.93986225921,1.1680075737,1.48506706315,1.59311892049,3.11083864193,1.6401246249,8.57253385147,1.95553830055,9.8173402093,22.0,4.2983155771e-06,2.37767016281e-12,14.9690011465,16.611259384,9.40819641954,10.4590668274,SF,5800
203093,Terrence,Jones,18.3,2,OKC@HOU,HOU,OKC,O,Eye,0.0,0.0,22,0.0,0.0,0.0,0.0,0.0,0.0,0.0,0.0,0.0,0.0,0.0,0.0,0.0,0.0,0.0,,,0.0,,0.84140420564,,PF,5700
1626143,Jahlil,Okafor,26.3,2,CLE@PHI,PHI,CLE,,,26.6,27.25,22,0.9048542126,0.540242766173,0.382517994684,3.18607499074,1.70152302065,2.77689050232,0.746629221701,2.16125253901,4.47841352297,5.8551388582,0.105348908571,12.0683931756,2.40103901809,14.2166656431,27.0,0.0144624378525,7.60298036625e-10,21.3605346263,22.7394496853,13.3012108774,12.8854799017,C,5700
202329,Al-Farouq,Aminu,25.8,3,POR@MIN,POR,MIN,,,31.3,32.75,22,1.45048599437,1.30867519249,3.1269299536,2.92538368179,2.11627983151,4.48864094312,1.01287151561,1.92080746982,6.60492077462,4.11308529504,1.16850072942,9.2112929988,2.26532210564,11.6599934251,32.0,0.0950291306216,4.21044232967e-07,24.4839132926,26.50135839,9.49116907396,9.7872790433,SF,5700
203897,Zach,LaVine,16.7,2,POR@MIN,MIN,POR,,,15.5,16.5,22,2.55517907595,0.066781083904,1.34604054312,1.71656151723,0.252144327606,0.663571349786,0.418620334321,1.6281214462,0.915715677392,2.54952270643,0.352986193106,5.97798781999,1.53246022348,6.98449182943,16.0,0.000102707833471,5.12176603934e-12,11.2588006465,12.2952943118,6.56975319496,6.41969666507,SG,5700
2590,Mo,Williams,21.9,3,CLE@PHI,CLE,PHI,,,26.7,28.75,22,5.30493014144,0.132232193777,4.78529635222,2.31587323464,0.227713997508,0.578560858504,0.685930874222,2.22941018336,0.806274856012,4.76903578184,1.70618063992,11.4392158335,2.09408843213,13.3383406357,28.0,0.0357764842117,6.73296778928e-10,21.6701816277,23.7319555105,11.3025062987,12.0311136958,PG,5500
2772,Trevor,Ariza,19.9,3,OKC@HOU,HOU,OKC,,,18.8,19.5,22,2.32473855902,0.23321854074,6.35899775925,1.79676013614,0.872616407009,2.32163102642,1.82857349361,1.64244201119,3.19424743343,3.72559127353,2.10600601894,10.7511911018,1.53081354745,11.0880021134,36.0,0.00127719128026,2.09401051598e-07,20.8893489296,22.9252017315,11.3525447568,12.7446132053,SF,5500
201152,Thaddeus,Young,20.7,3,MIL@BKN,BKN,MIL,,,28.7,29.5,22,1.70270282045,0.341777233765,0.937788770182,1.78059133853,1.43510316563,2.64424168725,1.04517543164,1.37567130999,4.07934485288,4.73237220016,0.339336913197,9.87961982438,0.990646859982,10.7947281735,25.0,0.00614021417186,7.54342320625e-08,19.6422302485,20.7129121503,10.6516348464,10.3237394453,PF,5500
2747,J.R.,Smith,17.9,3,CLE@PHI,CLE,PHI,,,-2.0,-1.0,22,0.496226653326,0.0602305527023,0.852732693681,0.132198357909,0.0974012827664,0.209750881931,0.162346541458,0.28100333477,0.307152164697,0.665107447472,0.306224718756,1.75230631707,0.0978146843515,1.73425429805,5.0,1.25483077561e-12,1.94017383343e-24,3.01132772923,3.32029936423,2.77377428915,2.93694204712,SG,5400
101106,Andrew,Bogut,29.5,1,MEM@GS,GS,MEM,O,Concussion,0.0,0.0,22,0.0,0.0,0.0,0.0,0.0,0.0,0.0,0.0,0.0,0.0,0.0,0.0,0.0,0.0,0.0,,,0.0,,0.97707945395,,C,5400
2225,Tony,Parker,13.9,3,SA@NY,SA,NY,,,21.7,21.75,22,4.22630169056,0.0224204553223,0.781704149476,1.75663262153,0.24365071107,0.999919593343,0.38921939826,1.9587707613,1.24357030441,5.81296720233,0.331266513811,11.5000721399,1.42758804593,13.3847889644,29.0,0.00956800382392,7.57184731828e-09,20.0810348114,21.3025839926,12.4378392547,12.0425616333,PG,5300
203477,Isaiah,Canaan,21.7,2,CLE@PHI,PHI,CLE,,,10.9,11.5,22,2.5765937812,0.106518895366,7.16592839982,2.97987866965,0.637579250137,1.79628679509,0.740507210074,2.12374172602,2.43386604523,4.06101371056,2.50274347277,11.2901183122,2.34900866637,12.9737795603,31.0,0.00044846959984,6.14427215866e-08,19.3296199712,21.7652287616,12.5080790585,14.1463802161,PG,5200
201945,Gerald,Henderson,20.5,80,POR@MIN,POR,MIN,O,Hip,0.0,0.0,22,0.0,0.0,0.0,0.0,0.0,0.0,0.0,0.0,0.0,0.0,0.0,0.0,0.0,0.0,0.0,,,0.0,,0.645321836294,,SG,5100
203486,Mason,Plumlee,23.7,3,POR@MIN,POR,MIN,,,12.8,16.0,22,1.91647951839,0.956880256182,0.0326038619125,4.29129903024,2.35190139633,3.41885266214,0.968889262991,2.11923132496,5.77075405848,4.69542490226,0.00212061488561,7.58797291228,1.89614677907,11.2891171985,28.0,0.0492557580844,1.61784163427e-06,22.8210490596,24.2441512231,9.56159152302,8.93550788859,C,5100
202684,Tristan,Thompson,19.6,3,CLE@PHI,CLE,PHI,,,26.3,26.75,22,0.666885301355,0.929047325921,0.000528777482915,2.71802877392,2.77405121432,4.56046577146,0.279347621782,0.90706837332,7.33451698578,3.54590967126,6.35523966021e-06,6.08737032382,1.54391794621,8.63574364397,26.0,0.0983663868706,5.85532083958e-09,19.947213501,20.9150263125,7.90742848173,7.38056195876,PF,5100
2755,Kevin,Martin,21.7,2,POR@MIN,MIN,POR,,,24.9,27.5,22,1.83229250012,0.0231203931135,4.91004331943,7.46373617401,0.341722924664,1.16995072333,0.74063677332,2.02262131882,1.51167364799,7.10116979249,1.74497478995,16.0882062763,6.36519828832,22.3125126633,35.0,2.6587951147e-05,9.7671109071e-11,26.3798528051,28.3392744241,15.346638528,15.7745396641,SG,5100
202334,Ed,Davis,18.4,3,POR@MIN,POR,MIN,,,25.7,26.25,22,0.792786164848,0.993842822533,1.05376660478e-05,2.33860698062,2.3671585442,3.54674943789,0.570705376202,0.654020739427,5.91390798209,2.69520826499,1.30466341544e-06,4.52239784507,1.19710351214,6.58752134679,20.0,0.0209646501584,2.4971472585e-09,17.3484658306,18.0026192345,6.35048089853,5.82764453965,PF,5000
2037,Jamal,Crawford,15.4,3,PHO@LAC,LAC,PHO,,,19.9,20.5,22,2.21362513299,0.135863127262,4.86397213801,3.86061992041,0.187018479732,0.704526451146,0.786111789843,0.932181105816,0.891544930878,4.97271137539,1.50535171713,12.2754847,3.50008826297,14.9508627309,26.0,9.37250108499e-05,4.79370978055e-12,20.2529230758,21.5164073214,11.8022520163,12.4139502073,SG,4900
200755,J.J.,Redick,20.4,3,PHO@LAC,LAC,PHO,,,15.6,17.75,22,1.56376317479,0.155002115107,5.21632518138,2.50579916281,0.249533986091,0.451796676731,0.477348002283,0.951094314648,0.701330662822,5.03775163411,2.25122368054,10.4959385293,2.36989508593,14.6966220347,28.0,5.04999477809e-06,2.17525959598e-14,18.1974695124,19.8337026181,11.3195453476,12.2978647133,SG,4900
204001,Kristaps,Porzingis,21.1,3,SA@NY,NY,SA,,,39.3,43.0,22,0.844050850529,0.830990057023,2.69018928623,3.84177955895,2.66936278091,4.43709366237,1.08945956319,1.75311758912,7.10645644328,3.9929982916,0.601065809538,10.0723918422,3.05268456461,11.6397469574,24.0,0.132370697405,3.78662095076e-08,23.5213526164,25.2523232976,9.84945378904,9.85150268474,PF,4800
2754,Tony,Allen,22.4,3,MEM@GS,MEM,GS,,,6.9,7.5,22,0.664498706311,0.237337823328,0.342018611769,0.712607037576,0.922555403878,1.16122351553,1.04118242929,0.614620889667,2.08377891941,1.57098558864,0.0492382815727,3.59850666317,0.43546440382,3.62667386267,12.0,3.06849236905e-06,4.99767137968e-13,9.06637624099,9.50249937532,4.63377245304,4.33787463776,SG,4800
201593,Nikola,Pekovic,23.5,31,POR@MIN,MIN,POR,O,Achilles,0.0,0.0,22,0.0,0.0,0.0,0.0,0.0,0.0,0.0,0.0,0.0,0.0,0.0,0.0,0.0,0.0,0.0,,,0.0,,0.771302157252,,C,4800
203084,Harrison,Barnes,22.2,3,MEM@GS,GS,MEM,,,18.6,19.25,22,1.34678115037,0.110983628327,1.57749173319,1.47403439848,0.829118658989,1.75210222593,0.440686465071,0.587275721092,2.58122088492,2.8306439945,0.49832065031,5.92839672112,1.22580128042,7.38540991972,20.0,0.000126723677999,2.01963125324e-10,13.0191111729,13.691160489,6.67039992864,6.54634252203,SF,4800
204038,Langston,Galloway,25.3,3,SA@NY,NY,SA,,,14.5,15.25,22,2.97627478886,0.258734862505,3.39079082295,2.37628280875,0.88727311842,2.26418545261,0.940134034891,0.965748291368,3.15145857103,3.87275888317,1.5995355553,8.98639763307,1.85654146303,11.2015947847,29.0,0.00178439605557,1.11835780413e-06,20.8797467566,22.3226415577,9.30520881376,9.8689197962,SG,4800
203079,Dion,Waiters,15.1,3,OKC@HOU,OKC,HOU,,,16.3,17.5,22,2.54067496154,0.301992476334,3.12283757796,2.39119521078,0.594142394298,2.03276549877,1.01383403294,1.85758378346,2.62690789307,4.64753375027,1.01236835666,11.9377042505,1.65655773178,11.963993589,32.0,0.000533740307234,9.46675534858e-08,19.7013647381,21.2684870972,11.2954302727,11.4800738058,SG,4700
203124,Kyle,O'Quinn,24.0,3,SA@NY,NY,SA,,,15.5,15.75,22,1.52190278198,0.969102604088,0.650961313258,1.28179527963,1.90238177952,1.75761469782,0.701359794371,1.31574330549,3.65999647733,3.03183581379,0.159819399078,6.1156910036,0.985794629096,7.20928565575,19.0,0.00150690890012,7.12387488206e-09,15.9093170929,16.8323586538,7.18414147952,6.80616204477,C,4700
203086,Meyers,Leonard,15.6,3,POR@MIN,POR,MIN,,,14.9,15.75,22,1.0835075825,0.504570400342,3.03600599099,1.14446577042,1.12346866124,2.18393259992,0.359844229381,1.09672968702,3.30740126115,2.8904861586,0.840682234184,6.89016483479,0.989795917789,7.61145046916,24.0,0.000846025706101,1.95126278222e-10,13.8376929287,14.9730379915,7.29130597216,7.58401503824,C,4600
201167,Arron,Afflalo,19.3,78,SA@NY,NY,SA,O,Hamstring,0.0,0.0,22,0.0,0.0,0.0,0.0,0.0,0.0,0.0,0.0,0.0,0.0,0.0,0.0,0.0,0.0,0.0,,,0.0,,0.525658574592,,SG,4600
201145,Jeff,Green,19.5,3,MEM@GS,MEM,GS,,,4.1,5.75,22,1.53739454314,0.253656032101,2.20174980643,2.40380014388,0.398413200298,1.10243442757,0.346685162399,1.02915497009,1.50084762787,2.97531326244,0.811468271788,7.11799097342,1.92053658433,8.682631381,20.0,4.41411034476e-06,1.00284985555e-11,12.9612677681,13.9566283916,7.55287738205,7.71432373836,SF,4600
2738,Andre,Iguodala,21.9,3,MEM@GS,GS,MEM,,,19.6,20.75,22,2.62557931034,0.264170157407,2.38400936819,0.998562025213,0.767411648173,1.30897846893,1.08411315537,0.810941615831,2.0763901171,2.6234687946,0.788092611042,5.57105040774,0.581566352,6.61659655224,22.0,0.000134770622253,7.39253503427e-09,14.932258668,15.8357974654,6.43549201305,6.61972976303,SF,4600
201574,Jason,Thompson,7.6,1,MEM@GS,GS,MEM,,,14.8,15.5,22,0.490196211018,0.316103429924,0.00429405496726,0.654915486992,0.752017349235,0.920363243312,0.262912746192,0.443430559449,1.67238059255,1.10548422862,0.0,2.31887508981,0.405934316369,2.61690277361,10.0,,,6.07365559398,,3.60756865834,,PF,4600
203476,Gorgui,Dieng,9.8,2,POR@MIN,MIN,POR,,,19.5,19.75,22,1.22352323711,1.19780287335,0.0434748545722,2.04355448823,1.8154664994,2.40641861948,0.611403326003,1.10745815175,4.22188511888,2.65784958968,0.00907321523852,5.28083289872,1.54830031852,6.87307271311,21.0,0.00341268028445,4.27543622252e-09,16.2855739584,17.0600529311,6.82622520808,6.42356144474,C,4500
201577,Robin,Lopez,18.9,3,SA@NY,NY,SA,,,23.0,23.75,22,1.60191350053,1.60542081324,0.011537153949,2.26240190288,3.36026103321,3.47940115267,0.310937170155,2.16485776403,6.83966218588,5.05721345898,1.19136244827e-07,9.73282931544,1.91607039562,12.0304974327,32.0,0.117140336305,1.70637287151e-06,24.3088205093,25.9089481838,11.3317502002,10.867072024,C,4500
2561,David,West,5.6,3,SA@NY,SA,NY,,,9.9,10.5,22,0.757063617365,0.138736466582,0.0551734128032,0.46663492725,0.437571427396,0.470804098809,0.169946664079,0.537761484569,0.908375526206,1.16023331443,0.0111965522566,2.39613655762,0.346997675721,2.67866085684,7.0,8.16847800903e-10,5.9134210201e-18,4.98391169109,5.30380948704,3.67525765094,3.35377659249,PF,4500
203991,Clint,Capela,21.2,3,OKC@HOU,HOU,OKC,,,8.2,8.75,22,0.317805735599,0.908726130029,0.106637297623,1.66212595336,1.12190892632,1.58428182723,0.319146069178,0.666823708465,2.70619075355,1.72679540838,0.0293688743372,3.32497071484,0.649901517123,4.13286120822,11.0,3.59808007899e-05,1.6716534096e-12,9.64591940583,10.1293792061,4.81831429036,4.44102183658,C,4500
202389,Timofey,Mozgov,14.3,3,CLE@PHI,CLE,PHI,,,21.9,23.25,22,0.527342664569,1.23817011795,0.154178739552,2.08385236686,2.04072073637,2.6212773928,0.252622102497,1.38849247136,4.66199812917,3.3807208787,0.01659635569,6.40326632948,1.61052110076,8.38855921386,22.0,0.00962819974196,7.33336149772e-09,16.3670629352,17.3171495768,7.9220039151,7.45489320964,C,4500
200782,P.J.,Tucker,8.9,3,PHO@LAC,PHO,LAC,,,14.6,15.25,22,1.21011243888,0.165793828161,2.53981517787,1.69910638803,1.27260206641,1.91800906498,1.09423988686,0.909352972786,3.1906111314,2.52819674482,0.72769236276,5.91593031008,1.09306862397,6.87715447637,27.0,0.000532219100861,4.64338659553e-10,14.1317709496,15.110622504,6.56159959288,6.77161648995,SF,4400
203080,Thomas,Robinson,16.1,3,MIL@BKN,BKN,MIL,,,2.9,3.5,22,0.399160842987,0.285510834082,0.0159572319172,1.08853444258,1.09282668196,1.43483608154,0.339347856455,0.69542526484,2.5276627635,1.32351455386,0.000389951897393,2.72509600903,0.555541648627,3.20296070825,9.0,8.45786551045e-06,2.07739467126e-16,7.38918940517,7.86349283851,4.11426810133,3.78419618481,PF,4400
2746,Josh,Smith,11.3,3,PHO@LAC,LAC,PHO,,,17.3,19.0,22,1.75721402196,1.16991488235,1.59851249658,2.03169632929,1.11948157607,1.70577646582,0.443489357855,1.69670047435,2.82525804189,2.40964092324,0.508886888463,6.21655683027,1.01607403475,6.34424276969,16.0,0.000184913955271,2.9473052471e-09,13.900481459,15.1448154222,6.63484820129,6.65510124685,PF,4400
202682,Derrick,Williams,19.0,3,SA@NY,NY,SA,,,9.4,10.0,22,0.362842570215,0.123745614288,1.23426145119,1.87597399589,0.421620047944,0.61146331885,0.281517036906,0.544388634618,1.03308336679,1.91168182372,0.346475179515,4.38873998046,1.30426833099,5.47410715795,11.0,2.5826781266e-08,2.19729862881e-19,7.5242077212,8.02129383534,5.25931511681,5.16274949382,PF,4400
203500,Steven,Adams,17.5,3,OKC@HOU,OKC,HOU,,,10.6,10.75,22,0.707517973359,0.905432811348,0.0131482916472,1.88448322848,1.92240234226,2.1360043837,0.468280687354,1.06468901211,4.05840672595,1.99258663703,0.0012854431599,3.57123845615,0.955456764328,4.94191548156,19.0,0.00108171098793,5.36400773862e-11,12.556018498,13.2935486286,5.24348917835,4.79866787046,C,4400
203089,John,Henson,7.7,1,MIL@BKN,MIL,BKN,O,Achilles,0.0,0.0,22,0.0,0.0,0.0,0.0,0.0,0.0,0.0,0.0,0.0,0.0,0.0,0.0,0.0,0.0,0.0,,,0.0,,0.984381545708,,PF,4400
1626170,Jerian,Grant,19.3,3,SA@NY,NY,SA,,,20.3,21.0,22,3.21783396593,0.159915068345,0.736467680213,1.79055483188,0.636414041668,2.91182331599,0.958493471918,1.45479390674,3.54823735766,3.04403706474,0.233444339018,6.40999867112,1.30440572733,7.62592419583,23.0,0.00207053970062,2.52053197361e-06,17.4925831477,18.5172275096,7.40871081876,7.10184054423,PG,4400
1938,Manu,Ginobili,26.5,3,SA@NY,SA,NY,,,9.5,11.0,22,3.26650032358,0.209724712052,2.74070700252,1.72753390168,0.270845353622,1.02584061728,0.894882227461,1.71091439685,1.2966859709,2.99234479618,1.05032106416,6.50875857288,1.26952796763,8.30453862415,17.0,0.000907321613266,1.07605688299e-09,15.2586117568,16.7054247715,7.35813050972,7.69792969685,SG,4400
203499,Shane,Larkin,14.7,3,MIL@BKN,BKN,MIL,,,15.1,16.25,22,2.70590822956,0.214015726738,0.952844669969,0.770867570641,0.20439931008,0.521384088079,0.932685420638,0.980476668898,0.725783398159,2.19397189481,0.242001581622,4.74418341919,0.493372833358,5.1233182046,18.0,7.52807871676e-05,4.8752745977e-12,11.3660462526,12.013687469,5.59030005777,5.34241615749,PG,4300
202349,Greivis,Vasquez,19.1,3,MIL@BKN,MIL,BKN,,,14.2,14.75,22,4.8832166644,0.0817296964724,4.39635144179,1.94168984558,0.394300024456,1.32777190087,0.590165587688,1.8541910259,1.72207192533,3.13618065907,1.32237905768,9.04556109775,1.80684137623,9.40158175204,27.0,0.0150753953722,2.0123922696e-07,18.2824926014,19.9794949363,9.0476883578,9.8249041513,PG,4300
202325,Wesley,Johnson,7.5,3,PHO@LAC,LAC,PHO,,,12.6,12.75,22,0.567676867212,0.279531067255,1.70498754342,0.566793480105,0.37164129751,0.947472519252,0.342105298756,0.400320723845,1.31911381676,1.82239228755,0.484331343629,4.18525306251,0.467706620863,4.59682253959,14.0,1.57644052129e-07,9.09765021387e-17,7.8742264287,8.38250838974,4.99800109348,5.05748466162,SF,4300
101181,Jose,Calderon,9.4,3,SA@NY,NY,SA,,,10.0,11.5,22,3.08550714208,0.0076761138668,2.95549836373,0.67252978122,0.227775013731,0.597418732111,0.664483376758,1.26343483655,0.825193745842,2.49400095366,1.14699993,6.61195608429,0.632062111041,6.76706394835,23.0,0.000412222576586,8.91731050792e-12,12.4664413012,13.7135367056,7.07045651613,7.6446041913,PG,4300
203521,Matthew,Dellavedova,21.8,3,CLE@PHI,CLE,PHI,,,28.5,30.75,22,6.44733484584,0.0406801113768,4.31261741076,1.21564310981,1.16367428516,1.58582972313,0.838105518293,1.44353447023,2.74950400829,3.41642252402,1.67704759014,8.20146145459,0.922370379549,9.43226301773,34.0,0.0642112831183,3.67539394247e-05,22.7167068855,24.5109003026,9.04319501441,9.92957168585,PG,4200
2549,Chris,Kaman,18.3,74,POR@MIN,POR,MIN,,,0.0,0.0,22,0.0,0.0,0.0,0.0,0.0,0.0,0.0,0.0,0.0,0.0,0.0,0.0,0.0,0.0,0.0,,,0.0,,0.836084764936,,C,4200
201980,Danny,Green,17.7,3,SA@NY,SA,NY,,,12.5,13.25,22,1.67620180127,0.795109747041,4.82341425723,1.05456916599,0.858396764963,2.14558455537,1.18602759515,1.14117557003,3.00398132033,3.10057897889,1.51008909724,8.13573714485,0.745555250575,8.4568023056,27.0,0.000514110736759,5.68058259093e-09,17.3969817063,18.8735842891,8.97798359738,9.93485394846,SG,4100
1718,Paul,Pierce,13.5,3,PHO@LAC,LAC,PHO,,,16.2,17.5,22,1.54951343394,0.195009073626,3.546392196,2.4871738615,0.442682334351,2.04741714751,0.577465521647,1.14638044983,2.49009948186,3.20347112759,1.22046954582,7.24977408843,2.02087447381,9.64828627481,23.0,0.000154985068918,8.24007883638e-10,15.3592445447,16.6674069967,8.11251411608,8.64489590912,SF,4100
2564,Boris,Diaw,19.8,3,SA@NY,SA,NY,,,9.3,11.5,22,2.6881094343,0.402410133945,1.50411948515,1.02609020039,0.599347991659,1.08860866285,0.489120824179,1.32546293396,1.68795665451,3.00077994674,0.599476748759,6.13413885319,0.721700669441,7.32273731169,20.0,0.000174359349656,1.92072793628e-09,13.8380484308,14.8851776497,6.91954747222,6.8242472843,PF,4100
201147,Corey,Brewer,19.4,3,OKC@HOU,HOU,OKC,,,23.9,24.5,22,1.76262101401,0.293100241127,2.33478124418,2.45145528547,0.588950910827,1.67869433375,1.32882993944,1.16334637023,2.26764524458,3.38370531344,0.569910580608,8.67197541655,1.74286272587,9.08018393336,22.0,7.60206852668e-05,1.19332739794e-09,16.5258037388,17.505928511,8.58749018863,8.59312532511,SF,4100
203458,Alex,Len,13.2,3,PHO@LAC,PHO,LAC,,,5.8,6.5,22,0.141344130106,0.41890860256,0.0117207009493,0.692232237559,0.692729874081,0.952224331787,0.179118106381,0.460651432001,1.64495420587,0.80879672226,0.0035333931216,1.86830175066,0.452162979678,2.07328981732,7.0,4.47137628401e-08,1.40238382589e-18,4.9946530454,5.30899323533,3.0640854516,2.8253400519,C,4000
708,Kevin,Garnett,16.3,2,POR@MIN,MIN,POR,,,4.7,4.75,22,1.27656494161,0.34496134132,0.0888733726558,0.924818109043,0.742062369768,1.63212822823,0.840262668383,0.66319637842,2.374190598,2.20308381816,0.0119998679038,5.00475524666,0.651263487972,5.0694309922,17.0,2.45811383886e-05,2.49582673881e-11,11.5405587632,11.996903288,6.17943785416,5.85738471385,PF,4000
201571,D.J.,Augustin,21.0,3,OKC@HOU,OKC,HOU,,,14.0,17.75,22,3.70085109303,0.0225076940767,2.97287729532,2.53721704448,0.328238771583,0.870418651382,0.730369235991,1.70515326115,1.19865742297,3.30303399018,1.28110478598,7.40111610182,2.15513068414,10.0423034505,22.0,0.00290344802128,1.67384783264e-09,16.8325695966,18.3899866683,8.11960703502,8.56724412442,PG,4000
202711,Bojan,Bogdanovic,14.6,3,MIL@BKN,BKN,MIL,,,18.9,21.5,22,0.930204563113,0.0772769919061,3.06644553412,1.99658542505,0.496107516486,1.19768315963,0.570591035507,1.38670734217,1.69379067611,3.84365906556,0.903857127579,8.2933183096,1.45973630978,10.0509115685,25.0,7.01412614993e-06,4.05924769674e-13,13.3877959371,14.617778227,8.57774748153,8.73045441483,SF,4000
2757,Beno,Udrih,15.4,3,MEM@GS,MEM,GS,,,11.9,12.0,22,2.68997545958,0.123130224773,1.16302478817,0.918860993323,0.150801876662,0.538783872245,0.469915386774,0.99056064808,0.689585748907,2.39754175785,0.397151820722,5.18084431409,0.810611171354,6.00284650778,15.0,0.000109201135071,4.01893079757e-13,11.0608431709,11.7893424944,6.00267204814,5.85524528934,PG,4000
203498,Shabazz,Muhammad,6.2,2,POR@MIN,MIN,POR,,,15.8,16.0,22,0.616514951555,0.101815109138,1.03364015283,2.8627079978,0.97027903337,1.43548796633,0.372986204539,0.718843930339,2.4057669997,3.31243572904,0.350240041353,7.05189045673,2.09704036131,9.07215186073,17.0,0.000107128422418,1.34987232848e-13,13.1146033847,13.7695944132,7.95862505172,7.70777272363,SF,4000
200745,Andrea,Bargnani,12.9,3,MIL@BKN,BKN,MIL,,,9.0,10.25,22,0.634654797507,0.47274562561,0.876657927431,2.10674582572,0.877052387193,1.00419493733,0.113428255392,0.92662526749,1.88124732452,3.05895214537,0.298908638943,6.94199633296,1.77061518809,8.18742811778,16.0,1.21698380465e-05,2.121245747e-14,11.642629598,12.3494771722,7.72193460117,7.4905358161,C,4000
203924,Jerami,Grant,21.1,2,CLE@PHI,PHI,CLE,,,10.9,12.0,22,1.19441876588,0.948426722647,2.14215147182,3.24640942328,0.754362785332,1.69931014628,0.749195342647,1.44644199812,2.45367293162,2.35707930162,0.644169761854,6.38295507275,2.18029155777,7.53861992286,23.0,8.83579015523e-05,5.54658851108e-11,14.2234577221,15.3915797857,6.82310495308,6.99878989789,PF,3900
203138,Hollis,Thompson,15.8,2,CLE@PHI,PHI,CLE,,,26.2,27.5,22,1.86221559807,0.271142520921,4.91165008955,1.90272551382,0.949424725754,1.7812199909,0.736144322942,1.18821566838,2.73064471665,3.46194398438,1.91858300669,9.07551997587,1.50507765749,10.3475486329,31.0,0.000350937375005,8.63481162984e-09,17.2440037094,18.9344617147,9.80420212352,10.8956569833,SF,3900
203960,Jakarr,Sampson,13.1,2,CLE@PHI,PHI,CLE,,,3.4,4.0,22,0.225192839712,0.0690407245443,0.355285063719,0.348070227256,0.114000383619,0.279209108742,0.13856912413,0.312885290128,0.393209492361,0.518113706259,0.0828449171778,1.174997761,0.247070006015,1.36614233571,4.0,2.89623484719e-14,2.19034765676e-27,2.27811739333,2.4956429716,2.26047630858,2.11688800296,SF,3900
201148,Brandan,Wright,11.9,3,MEM@GS,MEM,GS,,,19.7,20.0,22,0.488899181779,1.32980976771,0.0268492373118,1.80803221332,1.60228282304,2.11065143596,0.482733819987,0.601417777931,3.712934259,3.3777574083,2.54112967339e-06,5.35624184781,1.29794311519,8.05346047291,20.0,0.00208323615189,2.98261353058e-09,16.2659997538,16.7554814895,7.14967331389,6.52376079095,C,3900
201627,Anthony,Morrow,10.1,3,OKC@HOU,OKC,HOU,,,1.0,1.5,22,0.14815319827,0.0231275087652,0.901592932366,0.18645318879,0.0817776537393,0.172146688789,0.223002748826,0.127603206896,0.253924342528,0.723658798908,0.396633201141,1.58766845492,0.164543972385,2.00849477134,5.0,4.18408857991e-15,2.27865269358e-28,2.90009108807,3.17490550921,2.88165301576,3.09959083092,SG,3900
201584,Courtney,Lee,18.0,3,MEM@GS,MEM,GS,,,11.6,11.75,22,1.2736457294,0.170805784842,2.79878674524,1.95002492412,0.401889778576,0.58088194934,0.99586401362,0.65827135992,0.982771727916,2.85252945326,0.725438534937,7.351844333,1.75190394956,8.18240139103,25.0,5.10863080458e-07,9.00950549845e-14,12.9472642956,13.6882585957,7.46145087545,7.67654541999,SG,3900
203088,Kendall,Marshall,10.3,28,CLE@PHI,PHI,CLE,O,Knee,0.0,0.0,22,0.0,0.0,0.0,0.0,0.0,0.0,0.0,0.0,0.0,0.0,0.0,0.0,0.0,0.0,0.0,,,0.0,,0.899244200232,,PG,3900
201976,Patrick,Beverley,13.5,3,OKC@HOU,HOU,OKC,,,13.4,15.5,22,1.9513957915,0.186982262758,3.74468897878,0.512656594908,0.800430507915,1.73543544109,0.828279822527,1.42408216492,2.53586594901,2.5753401121,1.33547669654,6.54586884362,0.38900393618,6.87516085693,21.0,0.000109993603624,3.72221316797e-09,13.4517356886,14.9584734184,7.54688497859,8.33795489594,PG,3900
201988,Patrick,Mills,14.5,3,SA@NY,SA,NY,,,13.4,14.5,22,2.56574200333,0.0524561899683,5.01954256516,1.04208602187,0.525175997375,1.17840000755,0.80811102965,1.0259956563,1.70357600493,3.96022423498,2.09339744331,9.22737348828,0.808809336912,10.8226552502,25.0,0.000226315261686,2.66605035338e-09,17.410698244,19.055913075,10.1851516193,11.2744920668,PG,3800
201564,O.J.,Mayo,19.0,71,MIL@BKN,MIL,BKN,O,Hamstring,0.0,0.0,22,0.0,0.0,0.0,0.0,0.0,0.0,0.0,0.0,0.0,0.0,0.0,0.0,0.0,0.0,0.0,,,0.0,,0.744187689592,,SG,3800
203917,Nik,Stauskas,17.6,1,CLE@PHI,PHI,CLE,,,21.3,24.0,22,1.73894513102,0.336026160103,4.58752868123,2.54091967683,0.239055741105,1.30558010205,0.575130835222,1.2373602751,1.54463584316,3.15374726048,1.62808989143,8.06643857829,2.19281972108,10.1284041335,29.0,1.18890196671e-05,4.60119204986e-11,15.1753385573,16.6853132664,9.0582494914,10.0150240361,SG,3800
201578,Marreese,Speights,16.0,3,MEM@GS,GS,MEM,,,15.1,15.5,22,1.19406616832,0.610909944949,0.336056206282,2.54053536749,1.64404650236,2.25438520579,0.238921623353,1.19155172487,3.89843170815,4.70453223053,0.06814061094,9.87865783078,2.10113513817,11.5783402102,19.0,0.00504013041102,2.78382104367e-09,18.5556689242,19.3879968814,11.0916651317,10.6903981687,PF,3800
2571,Leandro,Barbosa,11.2,3,MEM@GS,GS,MEM,,,8.0,8.5,22,1.45106271949,0.168276475365,1.54945994199,0.956228208333,0.261719075649,0.391424623216,0.656625255173,0.615160466904,0.653143698865,2.62848022607,0.679119727596,5.70644401026,0.750410342956,6.68649052268,15.0,8.98278509862e-07,3.96351368052e-15,10.6815000347,11.3612986643,6.44558998205,6.48010849439,SG,3800
1626173,Rashad,Vaughn,5.2,2,MIL@BKN,MIL,BKN,,,0.0,0.0,22,0.0,0.0,0.0,0.0,0.0,0.0,0.0,0.0,0.0,0.0,0.0,0.0,0.0,0.0,0.0,,,0.0,,0.803750541555,,SG,3700
201977,Marcus,Thornton,24.4,1,OKC@HOU,HOU,OKC,,,22.9,24.75,22,1.76450581811,0.243772295921,7.49007738357,2.03617343475,1.1585847619,1.89228099671,1.13884771052,1.45787964446,3.0508657586,6.92706122734,2.99658289801,16.8074527726,1.66914924313,18.5198545958,37.0,0.00119663804922,1.97961982245e-08,26.1350126017,28.5165821773,16.0592191532,17.4570938984,SG,3700
2760,Anderson,Varejao,10.0,3,CLE@PHI,CLE,PHI,,,-2.0,-1.0,22,0.241793493815,0.0835448914484,0.029602996059,0.247846261718,0.393241829053,0.484209460941,0.108640932573,0.233388575854,0.877451289994,0.620745726993,1.27354606373e-07,1.20427641385,0.179333898794,1.42082548014,4.0,3.44704137679e-11,5.21109715842e-24,2.98744034104,3.14800725719,2.46262686416,2.17612806972,C,3700
202720,Jon,Leuer,20.2,3,PHO@LAC,PHO,LAC,,,12.6,13.25,22,0.73136613425,0.155676051719,0.723292316547,0.903718769692,0.767920874524,1.51348779289,0.242174592635,0.417153006933,2.28140866741,1.85430361595,0.291761030206,4.02780293428,0.591130270944,4.59149853306,12.0,1.49317630412e-05,9.28452203062e-14,8.80478641711,9.27333626669,5.02059212546,4.85856003159,PF,3700
203459,Allen,Crabbe,10.1,3,POR@MIN,POR,MIN,,,9.5,10.5,22,1.26437076151,0.346329760411,3.15076870591,0.673243841959,0.199758178434,0.847565945728,0.909482210681,0.828299702885,1.04732412416,2.51563293607,0.948331421697,6.60632405787,0.539605344499,6.51920263835,25.0,3.18054538829e-07,5.79036825584e-14,11.3558719689,12.2965542145,7.02162124445,7.50400868921,SG,3700
2756,Sasha,Vujacic,20.1,3,SA@NY,NY,SA,,,9.3,10.5,22,1.82594209188,0.113235798304,3.06336580478,0.920635446102,0.676349688871,1.10842871624,0.83744723761,1.04704060466,1.78477840511,2.51146185385,0.987167080067,6.87384126031,0.739963885241,6.750054673,20.0,1.20152689002e-05,1.18992448981e-10,12.4850273641,13.59138815,7.1593320673,7.65885358918,SG,3700
203933,T.J.,Warren,12.9,3,PHO@LAC,PHO,LAC,,,20.5,20.75,22,0.761007754489,0.209883442807,1.20128483695,1.00110394377,1.42868577583,1.85440406149,0.517714467062,0.821989539198,3.28308983733,3.88026386591,0.299817775789,8.294026902,0.632728290004,8.69307379762,21.0,0.00101350949072,9.36992388258e-12,14.4074995147,15.1340779283,8.85069911305,8.54108041371,SF,3700
202338,Kevin,Seraphin,12.6,79,SA@NY,NY,SA,O,Knee,4.4,4.5,22,0.220474553804,0.229060133977,0.00681596999285,0.313906896579,0.352299136434,0.40835734529,0.0387587512701,0.380402138064,0.760656481724,0.93962430687,5.64731191112e-06,1.8688112758,0.226404946992,2.10565920805,5.0,4.91109170436e-11,7.37689257138e-24,3.50439444925,3.7326311661,3.15859589183,2.8357861797,PF,3700
2733,Shaun,Livingston,9.8,3,MEM@GS,GS,MEM,,,11.4,11.5,22,1.53389169032,0.15140200364,0.0116335108254,0.817015843599,0.22594736187,0.40891454349,0.355246609777,0.608300513862,0.63486190536,1.10644922847,0.000365293978105,2.4025069779,0.637562317993,2.85082606891,10.0,8.67446999911e-08,1.43475171116e-16,6.31849460379,6.65457073309,3.68928592584,3.39519754031,PG,3700
201601,Luc Richard,Mbah a Moute,0.8,2,PHO@LAC,LAC,PHO,,,0.0,0.0,22,0.0,0.0,0.0,0.0,0.0,0.0,0.0,0.0,0.0,0.0,0.0,0.0,0.0,0.0,0.0,,,0.0,,0.707667257319,,SF,3600
201573,Jerryd,Bayless,13.8,3,MIL@BKN,MIL,BKN,,,30.6,34.75,22,5.17710727899,0.34419106214,4.89488933702,4.36048654981,0.663970823943,1.63523705276,1.39926223,3.44835885886,2.2992078767,5.70856627477,1.92043330668,13.7849670791,3.45486956151,16.7924354177,47.0,0.0360938380184,5.24254428479e-06,27.3556935137,30.2092064749,13.2187108829,13.896517484,PG,3600
202332,Cole,Aldrich,0.5,2,PHO@LAC,LAC,PHO,,,0.0,0.0,22,0.0,0.0,0.0,0.0,0.0,0.0,0.0,0.0,0.0,0.0,0.0,0.0,0.0,0.0,0.0,,,0.0,,0.945372680048,,C,3600
202357,Nemanja,Bjelica,16.6,2,POR@MIN,MIN,POR,,,20.8,22.25,22,2.11751944874,0.48207372953,2.74287840583,2.23955905851,1.24632110569,6.16537588459,1.03466782454,1.6655903754,7.41169699028,2.59616064067,0.941470358538,6.14019181991,1.29747090078,7.43126254067,31.0,0.0772791163855,5.73565954183e-06,20.8694708349,22.6595219329,6.95562299133,7.34017303594,SF,3600
203085,Austin,Rivers,9.9,3,PHO@LAC,LAC,PHO,,,9.5,10.0,22,1.50715142364,0.187076460702,1.73515257167,1.76120341336,0.22072203882,0.526078220867,0.695910415187,0.851168932631,0.746800259686,2.26825263115,0.470334864693,5.73591399971,1.17602320554,6.18286333252,18.0,1.02393556946e-06,1.1712339488e-14,10.2545555988,10.9526490463,6.18130640443,6.19743890475,PG,3600
1626149,Montrezl,Harrell,16.6,3,OKC@HOU,HOU,OKC,,,2.0,2.0,22,0.11095255486,0.0809191059533,0.063170001413,0.313164006687,0.172678556045,0.364088403782,0.0838705372875,0.128060875652,0.536766959827,0.453962441665,0.0173975885992,0.857644101334,0.211698576563,1.13702104849,3.0,1.67412716519e-13,1.30448229113e-29,2.1490886434,2.24865622352,2.08111202301,1.84945607411,PF,3600
203142,Chris,Copeland,9.8,3,MIL@BKN,MIL,BKN,,,0.0,0.0,22,0.0,0.0,0.0,0.0,0.0,0.0,0.0,0.0,0.0,0.0,0.0,0.0,0.0,0.0,0.0,,,0.0,,0.618164048057,,SF,3600
203893,Russ,Smith,6.4,1,MEM@GS,MEM,GS,,,5.2,6.25,22,0.601541827632,0.0486668116149,0.935587082168,1.01399941303,0.196788792094,0.449307014036,0.225245391832,0.631745599227,0.64609580613,0.963084540968,0.232770138926,2.54140599013,0.790875482914,2.94981470378,6.0,7.77309002949e-11,5.10195498814e-20,4.54352122025,5.00808387975,3.46562566847,3.4502759568,PG,3500
203948,Johnny,O'Bryant,9.4,3,MIL@BKN,MIL,BKN,,,13.9,14.0,22,0.810961569151,0.200671335831,0.0478664565483,1.37107469771,0.961865458193,1.39772677682,0.298389242349,0.769678367671,2.35959223501,1.85869495579,0.013182855047,4.60303885399,0.88827635599,4.61884912262,17.0,1.74063608357e-05,2.82995403645e-13,8.89524494705,9.4046812797,5.6820334412,5.41498929098,C,3500
2592,James,Jones,1.7,3,CLE@PHI,CLE,PHI,,,13.2,15.25,22,0.519386953748,0.196141843012,3.76362455324,0.804715454581,0.152777651317,0.275488899406,0.24454737791,0.310118012348,0.428266550723,1.821056199,1.59496859748,4.47293109209,0.652794573198,5.88987556868,15.0,7.14598190536e-11,2.40520752979e-21,7.75413628966,8.72809292222,6.9371426484,8.01553989972,SF,3500
203105,Festus,Ezeli,18.6,3,MEM@GS,GS,MEM,,,28.0,30.5,22,0.441354541775,1.6739784387,0.0052530932792,3.08899980689,2.30555735492,3.09581012104,0.323418040337,1.17910502662,5.40136747595,2.62791785266,0.00144674513779,5.03763331384,1.67521081714,6.93249326759,20.0,0.0147633861407,1.55030019253e-07,16.8918539828,17.7743437868,6.7984498035,6.38451752066,C,3500
1626183,Branden,Dawson,0.0,0,PHO@LAC,LAC,PHO,,,0.0,0.0,22,0.0,0.0,0.0,0.0,0.0,0.0,0.0,0.0,0.0,0.0,0.0,0.0,0.0,0.0,0.0,,,0.0,,0.845620626624,,PF,3500
203940,Adreian,Payne,0.0,1,POR@MIN,MIN,POR,,,0.0,0.0,22,0.0,0.0,0.0,0.0,0.0,0.0,0.0,0.0,0.0,0.0,0.0,0.0,0.0,0.0,0.0,,,0.0,,0.700743090711,,PF,3500
204014,Damjan,Rudez,3.2,1,POR@MIN,MIN,POR,,,0.0,0.0,22,0.0,0.0,0.0,0.0,0.0,0.0,0.0,0.0,0.0,0.0,0.0,0.0,0.0,0.0,0.0,,,0.0,,0.535345011538,,SF,3500
203925,Joe,Harris,3.5,2,CLE@PHI,CLE,PHI,,,1.5,1.5,22,0.314549910648,0.0261882420663,0.875894595768,0.164863610946,0.0772300563898,0.171966618781,0.0913865998511,0.260809138243,0.249196675171,0.496999896301,0.313216156032,1.26180104551,0.108961026322,1.41617697496,5.0,1.16869720741e-14,2.14971855613e-27,2.16137839672,2.46085087762,2.47255286743,2.70575942267,SG,3500
203462,Archie,Goodwin,10.9,2,PHO@LAC,PHO,LAC,,,0.0,0.0,22,0.0,0.0,0.0,0.0,0.0,0.0,0.0,0.0,0.0,0.0,0.0,0.0,0.0,0.0,0.0,,,0.0,,0.793108957186,,PG,3500
200779,Steve,Novak,3.0,35,OKC@HOU,OKC,HOU,,,0.0,0.0,22,0.0,0.0,0.0,0.0,0.0,0.0,0.0,0.0,0.0,0.0,0.0,0.0,0.0,0.0,0.0,,,0.0,,0.46501495496,,SF,3500
1626158,Richaun,Holmes,5.3,2,CLE@PHI,PHI,CLE,,,7.2,7.75,22,0.50523519213,0.605671517414,0.717866324157,1.33330965566,0.495428026138,1.45083203113,0.312058011476,0.519951267654,1.94626005727,1.25219284421,0.250754043251,2.8391311253,0.903641873488,3.65878160516,11.0,1.96618243052e-06,2.452900053e-15,8.06765425221,8.5503228598,3.96542344695,3.87496285249,PF,3500
203912,C.J.,Wilcox,2.8,21,PHO@LAC,LAC,PHO,,,0.0,0.0,22,0.0,0.0,0.0,0.0,0.0,0.0,0.0,0.0,0.0,0.0,0.0,0.0,0.0,0.0,0.0,,,0.0,,0.729975285981,,SG,3500
203962,Josh,Huestis,0.0,0,OKC@HOU,OKC,HOU,,,0.0,0.0,22,0.0,0.0,0.0,0.0,0.0,0.0,0.0,0.0,0.0,0.0,0.0,0.0,0.0,0.0,0.0,,,0.0,,0.845620626624,,SF,3500
203090,Maurice,Harkless,15.0,3,POR@MIN,POR,MIN,,,11.3,11.5,22,0.560383771703,0.307547553866,1.57240136345,0.917804805137,0.92141328239,1.35762153424,0.678332851611,0.72061784322,2.27903481663,1.87996524085,0.453107206067,4.36921295407,0.463871845353,4.67690953312,17.0,1.64314110274e-05,5.88355149235e-14,9.50346993836,10.204308851,5.1280162175,5.1468736801,SF,3500
203950,Jarnell,Stokes,6.1,19,MEM@GS,MEM,GS,,,0.0,0.0,22,0.0,0.0,0.0,0.0,0.0,0.0,0.0,0.0,0.0,0.0,0.0,0.0,0.0,0.0,0.0,,,0.0,,0.875089035305,,PF,3500
201961,Wayne,Ellington,6.7,3,MIL@BKN,BKN,MIL,,,0.0,0.0,22,0.370491223716,0.0410476195192,1.1245326664,0.206830268279,0.101925250827,0.199571808052,0.183881927943,0.164035223362,0.301497058878,0.923211101178,0.397512256496,2.45078037078,0.169921401634,2.41385586048,7.0,2.248439787e-13,2.59603468328e-25,3.61721303828,3.91306163115,3.36267239101,3.56271281785,SG,3500
1626146,Cliff,Alexander,0.0,0,POR@MIN,POR,MIN,O,Knee,0.0,0.0,22,0.0,0.0,0.0,0.0,0.0,0.0,0.0,0.0,0.0,0.0,0.0,0.0,0.0,0.0,0.0,,,0.0,,0.845620626624,,PF,3500
201603,Sonny,Weems,4.6,3,PHO@LAC,PHO,LAC,,,1.4,2.0,22,0.573587809356,0.019327827433,0.364557303759,0.444867542739,0.174401458799,0.47659905651,0.228722472795,0.599059987335,0.651000515309,1.05489680461,0.0691064281183,2.48435914104,0.345781453152,2.52468149049,8.0,3.80044259753e-11,1.84259491574e-20,4.06330443602,4.42993766957,3.45132499093,3.21289279381,SF,3500
1891,Jason,Terry,4.6,2,OKC@HOU,HOU,OKC,,,0.0,0.0,22,0.0,0.0,0.0,0.0,0.0,0.0,0.0,0.0,0.0,0.0,0.0,0.0,0.0,0.0,0.0,,,0.0,,0.695705569616,,PG,3500
1626145,Tyus,Jones,0.0,0,POR@MIN,MIN,POR,,,0.0,0.0,22,0.0,0.0,0.0,0.0,0.0,0.0,0.0,0.0,0.0,0.0,0.0,0.0,0.0,0.0,0.0,,,0.0,,0.845620626624,,PG,3500
203460,Andre,Roberson,10.5,3,OKC@HOU,OKC,HOU,,,14.6,15.25,22,1.06592469886,0.610942322921,1.39264218474,0.731350973126,0.951166327327,1.76676640297,0.806195918099,0.835065571672,2.7179327303,1.78695755643,0.407280488489,3.64856734386,0.37397810321,4.35517370457,22.0,5.34213726041e-05,1.1500000714e-11,11.2147909396,11.9719407383,4.70076036592,4.6191723753,SG,3500
203900,Markel,Brown,5.6,3,MIL@BKN,BKN,MIL,,,14.4,15.0,22,1.82874634383,0.41987619302,2.66806423652,1.89389989668,0.412574856152,0.873508728046,0.865033428665,0.958510293159,1.2860835842,2.66212410879,0.549064110028,7.35901414845,1.39676675094,7.27007907856,26.0,7.97867181355e-06,8.34015751171e-12,13.1678078456,13.9859111944,7.21224583938,7.33166376035,SG,3500
203909,K.J.,McDaniels,2.6,2,OKC@HOU,HOU,OKC,,,0.0,0.0,22,0.0,0.0,0.0,0.0,0.0,0.0,0.0,0.0,0.0,0.0,0.0,0.0,0.0,0.0,0.0,,,0.0,,0.825032501743,,SF,3500
1626166,Cameron,Payne,6.5,1,OKC@HOU,OKC,HOU,,,0.0,0.0,22,0.0,0.0,0.0,0.0,0.0,0.0,0.0,0.0,0.0,0.0,0.0,0.0,0.0,0.0,0.0,,,0.0,,0.948415894413,,PG,3500
203099,Jared,Cunningham,7.6,3,CLE@PHI,CLE,PHI,,,6.4,6.5,22,1.56618860896,0.119773638878,1.77785411567,2.61531279169,0.292294663372,0.730197770757,0.518731700363,0.892776234074,1.02249243413,2.3370770454,0.548263632736,5.74459839558,1.83803373416,7.0604514577,17.0,1.94977899305e-06,2.60427749373e-13,11.0209597365,11.7926072163,6.38205014936,6.43775430032,SG,3500
204456,T.J.,McConnell,13.8,2,CLE@PHI,PHI,CLE,,,34.4,34.75,22,4.95160631433,0.366112839948,0.649591328607,0.726698256377,0.948956770873,2.45263854957,1.02866605977,1.48540976008,3.40159532044,2.14837692595,0.160658302723,4.77537335644,0.535391571192,4.99280372581,23.0,0.00447015869781,1.09665084685e-05,17.8062756212,18.8061275562,5.70755104946,5.43164709275,PG,3500
2419,Tayshaun,Prince,9.3,2,POR@MIN,MIN,POR,,,6.0,6.0,22,1.21570907578,0.163159111382,0.847994109314,1.17020813409,0.594963173357,0.854230260562,0.644684896807,0.357916917551,1.44919343392,1.88740323876,0.303607580357,4.63614387844,0.82885440798,4.90726846586,20.0,4.83057792107e-07,2.58449507022e-13,9.72763529906,10.1308579443,5.35735069904,5.25089098833,SF,3500
202362,Lance,Stephenson,11.4,3,PHO@LAC,LAC,PHO,,,14.2,15.0,22,2.53633730482,0.0586293850567,1.33610010167,1.0598093814,0.453657881867,1.03634676922,0.359307821558,1.33533687464,1.49000465108,2.26150309208,0.304784132169,5.76589059648,0.679700814027,5.50749113035,18.0,5.64035611021e-05,2.15426630176e-10,10.6005402075,11.4951855494,6.14442451475,6.02191201763,SG,3500
1626246,Boban,Marjanovic,11.5,1,SA@NY,SA,NY,,,1.0,1.0,22,0.10081132107,0.01824024341,0.0697824282804,0.165357517962,0.108889077072,0.155501585501,0.0307542466113,0.0691525590537,0.264390662573,0.1838022206,0.0192187106462,0.417822921699,0.122372615837,0.509195767684,1.0,8.75300667504e-18,2.38600547357e-34,1.00651796536,1.06392313334,1.5074656506,1.41678444777,C,3500
202713,Kyle,Singler,7.8,2,OKC@HOU,OKC,HOU,,,1.4,2.0,22,0.584410422175,0.30337777644,2.04625663539,0.567577355534,0.340436857822,0.566139596715,0.48206193879,0.617788282102,0.906576454537,1.38525267833,0.738583678677,4.06203451158,0.40059345496,3.9096824903,16.0,3.95452368301e-09,3.40532249355e-18,6.82728101736,7.55079582641,4.81288384836,5.2774377313,SF,3500
203492,Ray,McCallum,5.0,1,SA@NY,SA,NY,,,0.0,0.0,22,0.126176325458,0.00765497965898,0.073393488714,0.0554947951141,0.0334340125332,0.0338541241396,0.0409395744381,0.0612731857233,0.0672881366728,0.142305783301,0.0228480199476,0.327298707818,0.0380082464887,0.345467833039,1.0,2.77118982561e-21,1.3739098629e-39,0.651394007705,0.696819017374,1.28764392682,1.21388359734,PG,3500
202498,Lance,Thomas,14.3,3,SA@NY,NY,SA,,,2.0,2.0,22,0.667536403224,0.0630760704263,0.325592608364,1.12729725122,0.563609783832,0.876232626141,0.314547823337,0.816833656312,1.43984240997,2.12213074633,0.167968919563,4.45836156987,0.856258829004,5.26848924124,16.0,4.4294833089e-07,1.17056631038e-15,7.93601886925,8.50041294211,5.63465845038,5.35331574702,SF,3500
2446,Rasual,Butler,5.7,2,SA@NY,SA,NY,,,0.0,0.0,22,0.03759585389,0.0240903099471,0.166715337756,0.0489514376187,0.015679532509,0.0260343491011,0.0169509797287,0.0283210860877,0.0417138816102,0.131798288606,0.0594189697216,0.332202775474,0.040055495604,0.363071042537,1.0,2.61888196433e-25,2.94234892877e-46,0.523282974568,0.569238696553,1.18861533262,1.21814657066,SF,3500
201575,Brandon,Rush,5.9,3,MEM@GS,GS,MEM,,,10.2,11.5,22,0.706990638797,0.408161304696,1.4550775013,0.571827499853,0.208018273575,0.642120705696,0.233916752659,0.599784546698,0.850138979271,0.8876259274,0.330683220426,2.98982326206,0.302028268152,2.40796334338,13.0,5.44300915143e-10,2.10067656451e-18,5.17298764471,5.68072847805,3.51863437809,3.71872180067,SG,3500
203101,Miles,Plumlee,8.7,3,MIL@BKN,MIL,BKN,,,2.9,4.5,22,0.166152647852,0.382533687438,0.000470596272079,0.264516026049,0.612158283257,0.55510801795,0.192644534986,0.39208950669,1.16726630121,0.750982910249,0.000129606202757,1.37851265358,0.160687691656,1.66278311836,6.0,9.10664616312e-10,1.1916257233e-20,4.07099858974,4.32547146261,2.73740369201,2.41498490813,C,3500
204025,Tim,Frazier,2.5,2,POR@MIN,POR,MIN,,,0.0,0.0,22,0.0,0.0,0.0,0.0,0.0,0.0,0.0,0.0,0.0,0.0,0.0,0.0,0.0,0.0,0.0,,,0.0,,0.934125311342,,PG,3500
101236,Chuck,Hayes,1.2,1,OKC@HOU,HOU,OKC,GTD,Foot,0.0,0.0,22,0.0,0.0,0.0,0.0,0.0,0.0,0.0,0.0,0.0,0.0,0.0,0.0,0.0,0.0,0.0,,,0.0,,0.791314543293,,C,3500
202388,Donald,Sloan,3.7,2,MIL@BKN,BKN,MIL,,,0.0,0.0,22,0.0,0.0,0.0,0.0,0.0,0.0,0.0,0.0,0.0,0.0,0.0,0.0,0.0,0.0,0.0,,,0.0,,0.742629874112,,PG,3500
1626242,Luis,Montero,0.2,1,POR@MIN,POR,MIN,,,0.0,0.0,22,0.0,0.0,0.0,0.0,0.0,0.0,0.0,0.0,0.0,0.0,0.0,0.0,0.0,0.0,0.0,,,0.0,,0.850069320469,,SF,3500
203956,Mitch,McGary,-2.0,1,OKC@HOU,OKC,HOU,,,0.0,0.0,22,0.0,0.0,0.0,0.0,0.0,0.0,0.0,0.0,0.0,0.0,0.0,0.0,0.0,0.0,0.0,,,0.0,,0.835045303448,,PF,3500
203546,Ian,Clark,2.5,2,MEM@GS,GS,MEM,,,20.1,20.75,22,0.950770929807,0.164792407367,1.9144270282,0.77738682018,0.282349675161,0.428667837537,0.477537010967,0.688452036353,0.711017512698,1.61225755172,0.654221294941,4.02123212263,0.672674819441,4.55141121783,12.0,8.86977360684e-09,4.05884036244e-17,7.42699542809,8.13388298268,4.95613337064,5.25267299886,SG,3500
203943,Noah,Vonleh,6.7,3,POR@MIN,POR,MIN,,,6.6,7.75,22,0.477048934198,0.544046472393,0.910562747339,1.73507946063,1.66771343919,2.39899527163,0.349185899568,0.906772990144,4.06670871083,2.0375227166,0.267952816517,5.0036170249,1.23717756205,5.58017581177,19.0,0.0016297391148,8.09470332591e-13,12.0554914198,12.8486343674,5.74453364821,5.60035965527,PF,3500
203613,Jonathon,Simmons,0.0,0,SA@NY,SA,NY,,,0.0,0.0,22,0.0,0.0,0.0,0.0,0.0,0.0,0.0,0.0,0.0,0.0,0.0,0.0,0.0,0.0,0.0,,,0.0,,0.845620626624,,SG,3500
203141,Mirza,Teletovic,4.5,3,PHO@LAC,PHO,LAC,,,0.0,0.0,22,0.238610419794,0.0759564604516,1.11730437356,0.239330203712,0.164089381934,0.237050363985,0.0955573825377,0.265224378686,0.401139745919,0.64882768438,0.339402861286,1.83773056565,0.154415635538,1.79147386558,5.0,1.89139479614e-13,2.49498902064e-26,2.70856049767,3.03093110495,2.87914929982,3.1127288447,PF,3500
203210,JaMychal,Green,10.9,3,MEM@GS,MEM,GS,,,14.3,14.5,22,0.603846544775,0.616784009028,0.930123109451,1.5769326402,2.31965704616,2.74783512067,0.607106272563,1.37564764833,5.06749216683,3.08211300423,0.181093990448,6.52693712495,1.1106109182,7.45593091711,21.0,0.0123482740559,4.15273772721e-11,15.5148242493,16.5650920883,7.35466153992,7.00810462681,PF,3500
2555,Nick,Collison,6.2,2,OKC@HOU,OKC,HOU,,,0.0,0.0,22,0.0,0.0,0.0,0.0,0.0,0.0,0.0,0.0,0.0,0.0,0.0,0.0,0.0,0.0,0.0,,,0.0,,0.84942265585,,PF,3500
1713,Vince,Carter,11.1,66,MEM@GS,MEM,GS,,,5.2,6.25,22,1.12330169512,0.197398191673,3.31854203928,0.854037114055,0.378453785218,0.463427647842,0.646035628882,0.6899191906,0.841881433059,1.97847125584,1.03059240686,5.85587619274,0.680192572441,5.66772749099,16.0,7.20321798452e-08,1.67481941234e-15,9.35988620385,10.2622361823,6.55876071491,7.25174344325,SF,3500
2440,Matt,Barnes,10.1,3,MEM@GS,MEM,GS,,,23.7,25.5,22,1.21371590534,0.697358311564,4.8979967285,0.949766358725,0.726445376022,1.37155825353,1.0509033925,1.10353062586,2.09800362955,3.08845621431,1.45918912862,8.11336209649,0.677114346911,8.31321590414,26.0,3.09147363379e-05,2.49942113759e-11,15.0443868999,16.4306933308,8.93554519503,9.87776551044,SF,3500
1626178,Rondae,Hollis-Jefferson,13.3,3,MIL@BKN,BKN,MIL,,,0.0,0.0,22,0.1400213503,0.137455694578,0.0792838007759,0.138119734564,0.104166013995,0.604910585172,0.124901478251,0.229688907401,0.709076599167,0.48250193474,0.0218354743965,0.99863448628,0.101759074075,1.08859841795,4.0,2.37505947738e-12,3.60034369583e-27,2.44454780066,2.60576382152,2.13968784726,1.92578181102,SF,3500
1626185,Jarell,Martin,0.0,0,MEM@GS,MEM,GS,O,Foot,0.0,0.0,22,0.0,0.0,0.0,0.0,0.0,0.0,0.0,0.0,0.0,0.0,0.0,0.0,0.0,0.0,0.0,,,0.0,,0.845620626624,,PF,3500
1889,Andre,Miller,11.6,81,POR@MIN,MIN,POR,,,0.0,0.0,22,0.0,0.0,0.0,0.0,0.0,0.0,0.0,0.0,0.0,0.0,0.0,0.0,0.0,0.0,0.0,,,0.0,,0.892664293777,,PG,3500
203996,Damien,Inglis,4.8,3,MIL@BKN,MIL,BKN,,,0.0,0.0,22,0.0,0.0,0.0,0.0,0.0,0.0,0.0,0.0,0.0,0.0,0.0,0.0,0.0,0.0,0.0,,,0.0,,0.836925519881,,SF,3500
203949,James Michael,McAdoo,2.2,3,MEM@GS,GS,MEM,,,18.9,19.25,22,0.524105185592,0.745668103332,0.147488831399,2.93418795707,1.40110442106,2.13079673329,0.496944151969,0.772336960262,3.53190115435,2.54516359946,0.0406197554893,5.02490363746,1.58514860002,6.71609555442,16.0,0.000991211736059,7.80976835999e-12,13.4534222684,14.0379825016,6.61914260438,6.22960045489,PF,3500
203928,Cory,Jefferson,8.5,50,PHO@LAC,PHO,LAC,,,0.0,0.0,22,0.0,0.0,0.0,0.0,0.0,0.0,0.0,0.0,0.0,0.0,0.0,0.0,0.0,0.0,0.0,,,0.0,,0.782773145959,,PF,3500
203937,Kyle,Anderson,4.5,3,SA@NY,SA,NY,,,2.7,2.75,22,0.431621323749,0.130538129618,0.202740355326,0.22723411768,0.0867626941399,0.261162715241,0.249666700243,0.18416166636,0.347925409381,0.575094348987,0.0496217180418,1.47659689928,0.155947876505,1.35575829252,6.0,6.96825531302e-14,3.3646844808e-25,2.99694876276,3.13123672543,2.39864933003,2.24867181262,SF,3500
1626174,Christian,Wood,2.7,2,CLE@PHI,PHI,CLE,,,6.5,7.0,22,0.385312015608,0.0773941978987,0.539287572671,0.680904336591,0.348544049664,0.493642905112,0.146524085624,0.248320399051,0.842186954775,0.743822189179,0.170942506135,1.77047075672,0.503902367613,2.16248925211,5.0,2.17130408484e-10,3.0405557279e-21,3.95059778924,4.2023385899,2.86518832522,2.80831429786,PF,3500
203919,Jordan,Adams,6.0,1,MEM@GS,MEM,GS,,,11.9,12.5,22,0.621053947214,0.198787982524,0.779163205748,0.892822916198,0.276452827538,0.4630635894,0.463607755625,0.48954524592,0.739516416938,1.16882041203,0.273026075985,2.80312625315,0.573779386807,3.18444628685,8.0,3.08936490479e-10,3.68429989345e-19,5.83869313837,6.25695462063,3.79070537745,3.75305615238,SG,3500
200811,Louis,Amundson,14.6,53,SA@NY,NY,SA,O,Back,0.0,0.0,22,0.0,0.0,0.0,0.0,0.0,0.0,0.0,0.0,0.0,0.0,0.0,0.0,0.0,0.0,0.0,,,0.0,,0.92468939966,,PF,3500
203143,Pablo,Prigioni,1.7,1,PHO@LAC,LAC,PHO,,,0.0,0.0,22,0.0,0.0,0.0,0.0,0.0,0.0,0.0,0.0,0.0,0.0,0.0,0.0,0.0,0.0,0.0,,,0.0,,0.845666030001,,PG,3500
1626164,Devin,Booker,9.3,2,PHO@LAC,PHO,LAC,,,0.0,0.0,22,0.0,0.0,0.0,0.0,0.0,0.0,0.0,0.0,0.0,0.0,0.0,0.0,0.0,0.0,0.0,,,0.0,,0.75902548694,,SG,3500
1626192,Pat,Connaughton,5.0,1,POR@MIN,POR,MIN,,,0.0,0.0,22,0.0,0.0,0.0,0.0,0.0,0.0,0.0,0.0,0.0,0.0,0.0,0.0,0.0,0.0,0.0,,,0.0,,0.819170011079,,SG,3500
203921,Cleanthony,Early,3.4,2,SA@NY,NY,SA,,,1.2,1.25,22,0.0595493903642,0.0176204148321,0.121166184468,0.0708781623566,0.0326532147869,0.0500923797319,0.0390329772344,0.0577715930112,0.0827455945188,0.120240528278,0.0318892516123,0.318053559619,0.0529701023183,0.325340410487,1.0,5.10853541797e-23,7.31165779444e-42,0.569494400578,0.618462102616,1.20599297912,1.17283092101,SF,3500
203508,Sergey,Karasev,1.0,1,MIL@BKN,BKN,MIL,,,0.0,0.0,22,0.0,0.0,0.0,0.0,0.0,0.0,0.0,0.0,0.0,0.0,0.0,0.0,0.0,0.0,0.0,,,0.0,,0.688187818782,,SF,3500
203898,Tyler,Ennis,8.4,33,MIL@BKN,MIL,BKN,O,Shoulder,0.0,0.0,22,0.0,0.0,0.0,0.0,0.0,0.0,0.0,0.0,0.0,0.0,0.0,0.0,0.0,0.0,0.0,,,0.0,,0.87000916445,,PG,3500
101179,Ronnie,Price,7.7,3,PHO@LAC,PHO,LAC,,,15.4,17.5,22,2.38722947024,0.053743391114,1.94454865186,0.882051584307,0.248453021462,0.580978202185,1.02587734181,0.892430034327,0.829431223647,1.42913255867,0.568265212314,3.76886401408,0.763674754061,4.19020508372,16.0,1.78627235451e-05,2.8660895134e-12,10.033178189,10.8050241676,4.70418317236,4.98574392907,PG,3500
1626155,Sam,Dekker,1.6,2,OKC@HOU,HOU,OKC,,,0.0,0.0,22,0.0,0.0,0.0,0.0,0.0,0.0,0.0,0.0,0.0,0.0,0.0,0.0,0.0,0.0,0.0,,,0.0,,0.824869165214,,SF,3500
201619,Sasha,Kaun,2.9,2,CLE@PHI,CLE,PHI,,,0.0,0.0,22,0.0,0.0,0.0,0.0,0.0,0.0,0.0,0.0,0.0,0.0,0.0,0.0,0.0,0.0,0.0,,,0.0,,0.905047090032,,C,3500
2588,Matt,Bonner,7.0,72,SA@NY,SA,NY,,,0.0,0.0,22,0.0,0.0,0.0,0.0,0.0,0.0,0.0,0.0,0.0,0.0,0.0,0.0,0.0,0.0,0.0,,,0.0,,0.559305633408,,C,3500
2210,Richard,Jefferson,10.7,3,CLE@PHI,CLE,PHI,,,8.2,8.75,22,0.799420845964,0.137253136016,2.75602430421,1.71184308866,0.298770252577,0.675424625588,0.503511095022,1.13822456189,0.974194878165,2.72242126677,1.31854101407,5.81343463145,1.26789564537,8.03127919298,22.0,4.2836957435e-08,5.3160048936e-16,10.5427482159,11.8198408121,6.96773161496,7.50883847444,SF,3500
