NBA_ID,First Name,Last Name,FPPG,Played,Game,Team,Opp,Status,Injury Details,Actual_FD,Actual_DK,Actual_MIN,AST,BLK,FG3A,FTA,OREB,DREB,STL,TOV,REB,FGM,FG3M,FGA,FTM,PTS,MIN,DD,TD,FD,DK,FD_std,DK_std,fd_Pos,fd_Salary
201566,Russell,Westbrook,53.6,13,DAL@OKC,OKC,DAL,,,58.5,64.75,13,10.2991995863,0.392605890053,5.7096077804,9.11756144766,2.16884441896,4.75990907616,2.5228207418,5.1497466311,6.92875349512,10.336925347,1.86513086003,22.6958995275,7.45957544842,29.9985570024,37.0,0.734903659806,0.0932717111735,54.4429672087,59.6790142522,21.0194785594,21.3401307156,PG,11900
201939,Stephen,Curry,50.2,14,GS@DEN,GS,DEN,,,36.3,40.0,13,5.0082886517,0.170166063958,8.41779230637,4.69945554844,0.316181704843,3.06425635717,2.00804176491,3.05823628037,3.38043806202,8.09656513213,3.70353791316,15.9900055475,4.36493637386,24.2616045513,28.0,0.0345052208135,8.45775437259e-05,37.1287425806,40.7306631443,16.7606681903,18.4258982287,PG,11100
203076,Anthony,Davis,41.3,10,PHO@NO,NO,PHO,,,65.3,69.75,13,2.31714023881,2.98056311038,1.63063616964,7.84236214746,2.46557594215,7.72594146416,1.44982792647,2.13897984177,10.1915174063,10.1501049482,0.633491012245,19.8810631433,6.12589386533,27.059594774,39.0,0.56538876989,0.000681083900206,49.4869282518,52.2328659556,20.4799402845,20.1057217229,PF,10800
201142,Kevin,Durant,43.1,8,DAL@OKC,OKC,DAL,O,Hamstring,0.0,0.0,13,0.0,0.0,0.0,0.0,0.0,0.0,0.0,0.0,0.0,0.0,0.0,0.0,0.0,0.0,0.0,,,0.0,,0.850243910824,,SF,10300
201933,Blake,Griffin,43.9,12,TOR@LAC,LAC,TOR,,,20.2,24.0,13,3.98745951098,0.405780336845,0.470177967857,5.23690925416,1.77101959173,4.3280429138,0.74013166891,1.90429872575,6.09906250553,8.2061498737,0.129214295281,15.325377281,3.88297684177,20.4244908844,29.0,0.0973609053285,0.000713144857184,34.1120804433,35.5819708717,16.745144676,16.2350728205,PF,9600
203081,Damian,Lillard,39.2,14,POR@LAL,POR,LAL,,,60.7,65.0,13,6.88790438384,0.263531870183,7.84130777585,5.00520497246,0.595591694221,2.90464620187,1.23898063714,3.43318397973,3.50023789609,8.607174893,2.85472460142,19.8703882976,4.34241844483,24.4114928322,37.0,0.160618386609,0.000521871964702,38.5154759182,42.0769352994,18.4466423896,19.6231429746,PG,9000
101108,Chris,Paul,33.7,9,TOR@LAC,LAC,TOR,,,36.5,40.25,13,8.88019858773,0.0551215100346,4.19100794966,4.39913397829,0.403049456318,2.45931582485,1.63055514328,2.64148265579,2.86236528116,6.1269469566,1.48035756536,13.5564252203,3.79113062693,17.5253821055,33.0,0.376762513899,0.000295900633096,35.0103889753,37.7804588227,13.1172547835,13.4601262346,PG,8900
200768,Kyle,Lowry,38.9,14,TOR@LAC,TOR,LAC,,,33.6,37.75,13,7.04777014734,0.486659069897,6.8062050592,6.40654382344,0.804395496408,3.38600368717,2.59083831889,3.26190913204,4.19039918358,6.38154366209,2.68148863426,15.8338079464,5.63962728425,21.0842032427,38.0,0.182363297039,0.0019447196549,39.5774231295,43.0380210764,15.3082518764,16.5299641865,PG,8700
202339,Eric,Bledsoe,37.8,12,PHO@NO,PHO,NO,,,43.4,48.25,13,5.80188257395,0.480629404581,4.30899650007,5.98029241913,0.567203070043,2.99175128276,1.87560074366,3.52866753757,3.55895435281,7.48424993983,1.63619373337,15.8189360962,4.85027106865,21.4549646817,34.0,0.0736998009898,0.000262414166124,35.6123265249,38.484041822,15.2660791146,15.5173911683,SG,8400
202688,Brandon,Knight,35.8,12,PHO@NO,PHO,NO,,,33.1,36.25,13,5.58646120367,0.469634076533,6.68497025947,4.26298447293,0.918509807962,2.96151440576,1.55939050732,3.53448593441,3.88002421373,7.8593252146,2.68788381158,18.0606748054,3.63985473723,22.046388978,37.0,0.0641037683458,0.000383522537791,35.6056730733,39.0081653771,16.9123440806,17.898487328,PG,8000
201572,Brook,Lopez,34.6,13,BOS@BKN,BKN,BOS,,,35.0,38.0,13,1.312126704,2.12181172571,0.204194453984,5.32814620603,3.19011447727,4.99453014447,0.398887324267,1.97786797745,8.18464462174,8.01167250768,0.00389824756765,16.3829804121,4.38723953855,20.4144828015,35.0,0.302160032418,2.31406466742e-05,35.2677765261,37.1212013402,17.8587384423,17.4228784289,C,8000
203110,Draymond,Green,34.8,14,GS@DEN,GS,DEN,,,25.4,29.25,13,5.74018347648,1.24005551457,3.55728928332,2.1387358421,1.24005488151,4.85940857769,1.22103039267,2.32415509718,6.0994634592,4.17964803963,1.46652584249,8.73820663881,1.58521594012,11.4110378619,31.0,0.112018333262,0.00425727935564,29.9386859449,32.3197989257,9.36305021042,9.84604383127,PF,7800
201942,DeMar,DeRozan,32.9,14,TOR@LAC,TOR,LAC,,,28.7,31.0,13,4.52663159831,0.222443669619,1.66154004879,9.85510914249,0.807452024713,3.38158662089,1.34588311265,2.8846582148,4.1890386456,7.34652263384,0.344199081147,17.8394921932,8.16096980029,23.1982141491,40.0,0.0279841550117,0.000189321866354,35.267003271,37.1334280494,18.0813517306,17.816450716,SG,7600
202738,Isaiah,Thomas,33.1,12,BOS@BKN,BOS,BKN,,,37.4,40.0,13,6.16709138509,0.0265022565848,6.71720993167,5.90653710545,0.450744271054,1.28277707634,1.35712567912,2.64013122642,1.73352134739,6.8698815922,2.21432945109,16.2654205154,5.00071399272,20.9548066282,31.0,0.0942143423828,1.49176662778e-06,32.4127939677,35.0680263627,15.4532593351,16.4152431189,PG,7500
201599,DeAndre,Jordan,31.8,12,TOR@LAC,LAC,TOR,,,43.5,46.25,13,1.1592514027,3.14278068879,0.0141467609959,6.91672220511,4.05742451636,10.0988782345,0.633871775125,1.60467204084,14.1563027508,4.92780750616,0.00353637489836,6.96991396388,2.61757321681,12.476724604,39.0,0.714076168665,0.00110276113331,37.1517978961,39.7381397779,9.41154330971,8.66760055553,C,7400
977,Kobe,Bryant,26.1,9,POR@LAL,LAL,POR,,,32.8,33.0,13,4.26003053834,0.132284700486,6.05921060309,5.10952238132,0.614311128315,2.42933933086,1.07432163957,2.69652869375,3.04365045918,5.97301916968,1.36171314257,16.9758341048,4.26653635047,17.5742878324,31.0,0.0127364410059,1.418363702e-05,27.3333981773,29.5338488308,14.8634224267,15.4376074186,SG,7200
201568,Danilo,Gallinari,29.7,13,GS@DEN,DEN,GS,,,27.2,30.0,13,2.38279330887,0.654476580391,5.04515552794,6.11949024791,1.46697581935,3.05332830059,0.65753242063,1.4189427205,4.52030411995,5.27325526727,1.8651117496,13.2364235849,5.50823413644,17.9198564206,34.0,0.0169627286987,3.19583394462e-06,28.1234866094,30.016982731,12.810059271,13.5567640403,SF,7000
1717,Dirk,Nowitzki,30.2,12,DAL@OKC,DAL,OKC,,,16.9,17.5,13,1.95839585981,0.58593163344,4.02884907876,3.53853420203,0.630039972132,4.95474944581,0.61724027366,1.24404912372,5.58478941794,7.73887922835,1.96445543667,15.027698977,3.138366202,20.5805800954,34.0,0.057057332159,2.23011807428e-06,31.3822158771,33.3513003168,14.6633399569,14.9186294521,PF,6700
201583,Ryan,Anderson,28.9,13,PHO@NO,NO,PHO,,,36.0,38.75,13,1.07432694061,0.441809292057,6.48061274431,2.71230977376,2.05781174395,4.28335812721,0.510040853089,1.50146394921,6.34116987117,7.1856678323,2.46324486253,15.4324526689,2.32013941683,19.154719944,33.0,0.105092119451,2.24567208762e-08,28.7778505413,31.2349016873,14.9572386628,15.9411974501,PF,6600
201586,Serge,Ibaka,28.3,13,DAL@OKC,OKC,DAL,,,27.3,29.25,13,1.08371593205,2.29099107785,1.67149698909,1.46045946122,2.32151913797,4.26012563149,0.371720282866,1.34620286372,6.58164476946,5.646133973,0.640101321629,12.1790839186,0.977961355576,12.9103306232,32.0,0.103286824616,1.44182386383e-05,26.4130981023,27.8903059251,12.3946634318,12.1867102723,PF,6600
101114,Deron,Williams,26.9,12,DAL@OKC,DAL,OKC,,,35.2,39.0,13,6.21189244257,0.190565062581,3.56090338789,3.5604872228,0.240607331983,2.09822801405,1.4539772972,2.13260340087,2.33883534603,5.0484019147,1.37766002816,11.8868680718,3.26573866528,14.7402025228,33.0,0.0872188415917,1.4586673132e-05,28.0211249206,30.0240704248,11.5756458469,11.9127778571,PG,6600
202702,Kenneth,Faried,26.5,13,GS@DEN,DEN,GS,,,0.0,0.0,13,0.0,0.0,0.0,0.0,0.0,0.0,0.0,0.0,0.0,0.0,0.0,0.0,0.0,0.0,0.0,,,0.0,,0.902163830626,,PF,6500
203468,C.J.,McCollum,28.9,14,POR@LAL,POR,LAL,,,36.3,39.5,13,2.76576112144,0.302240063026,4.95615973952,2.94299014628,0.549105170848,2.26495396336,1.06028623428,2.09421837249,2.81405913421,6.75028881845,1.89527471647,15.1061512158,2.46833769082,17.8641900442,33.0,0.00121798397841,3.90408128427e-07,26.0205369095,28.1578145579,14.3173430418,14.8551798484,SG,6400
201152,Thaddeus,Young,30.1,13,BOS@BKN,BKN,BOS,,,27.9,30.5,13,1.48627192507,0.411825163662,0.76351820573,1.90582655815,2.15675463989,4.24564645444,1.38802863697,1.41429702124,6.40240109433,6.07107413028,0.173205497133,11.8791622407,1.21777153282,13.5331252905,28.0,0.0953410191761,5.59603191499e-07,25.6308250714,26.8877095928,12.8255598688,12.3716190545,PF,6400
202683,Enes,Kanter,24.6,13,DAL@OKC,OKC,DAL,,,21.9,22.25,13,0.804785070144,0.409365754749,0.206125590452,2.8482780717,3.39887211133,4.68667015335,0.182476669793,1.53307391996,8.08554226468,5.54820992842,0.105131262291,9.83481724823,2.16140949783,13.362960617,23.0,0.245281283288,3.72119958665e-09,23.9233998689,25.5147015094,11.430351403,10.9147085955,C,6300
202691,Klay,Thompson,25.1,13,GS@DEN,GS,DEN,,,36.1,38.75,13,2.76923956694,0.761207961596,6.35245861158,2.49783163708,0.429234764025,2.41660408132,0.693510447772,1.79718016038,2.84583884535,6.71428795371,2.66855778697,14.7690701557,2.11039351928,18.2075272137,32.0,0.00127894340211,4.28080853848e-07,26.8886498368,29.2657304521,14.5147364703,15.6042606388,SG,6300
101127,Jarrett,Jack,29.7,12,BOS@BKN,BKN,BOS,,,32.8,34.0,13,6.72375561318,0.225264391854,2.93004219319,3.68214927638,0.304946137273,3.14121114212,0.753614217687,2.80330925053,3.4461572794,5.35547355685,1.01619784412,12.594798817,3.17600395309,14.9031489109,33.0,0.129189716351,0.000376527570804,28.2786190345,30.555594603,12.2405197486,12.3234055445,PG,6300
201163,Wilson,Chandler,24.6,78,GS@DEN,DEN,GS,O,Hip,0.0,0.0,13,0.0,0.0,0.0,0.0,0.0,0.0,0.0,0.0,0.0,0.0,0.0,0.0,0.0,0.0,0.0,,,0.0,,0.647602079227,,SF,6200
1626144,Emmanuel,Mudiay,26.5,13,GS@DEN,DEN,GS,,,32.4,34.5,13,6.74483970393,0.974079545161,3.92312255569,3.73585735315,0.907703941721,3.37139833455,1.18031842749,4.03274291004,4.27910227627,5.49600091178,1.07745502065,15.3480718883,2.62383746247,14.6932943067,33.0,0.137911726535,0.00158627323763,30.2215296294,33.2022101181,13.8638160923,14.1082410551,PG,6100
203096,Jared,Sullinger,28.1,12,BOS@BKN,BOS,BKN,,,23.5,25.5,13,2.82379410006,0.889222568113,3.03269975223,1.72084135242,3.51431188865,5.55386705905,1.20390075718,1.56568255574,9.06817894769,5.72176798493,1.01164464158,12.7508933534,1.319552956,13.7747335674,30.0,0.352371206782,0.000247630246773,31.5128035496,33.7841757966,12.3555636926,12.4086606165,PF,6000
201569,Eric,Gordon,27.4,13,PHO@NO,NO,PHO,,,31.8,36.0,13,3.63746029062,0.252470925795,8.10083472373,3.33164968941,0.506598208618,1.79616484488,1.23725509471,1.77290921048,2.3027630535,6.64871327457,3.01259531547,16.1747648989,2.8269088345,19.1369306991,39.0,0.00427887127137,6.04709952381e-07,28.5629796298,31.0772901665,15.9831086139,17.5642221863,SG,6000
202329,Al-Farouq,Aminu,26.3,14,POR@LAL,POR,LAL,,,20.2,22.0,13,1.70912462371,1.01898257616,3.90495781704,2.85063304901,1.52468045278,5.38154911863,0.838523496728,1.72655354813,6.90622957141,4.05658541535,1.34199996059,9.95171453322,2.12163395145,11.5768047427,32.0,0.114021518479,1.445975857e-06,24.4164257617,26.4670506102,9.96662740164,10.4981960802,SF,6000
2207,Joe,Johnson,23.1,13,BOS@BKN,BKN,BOS,,,26.8,30.0,13,4.38643005545,0.101248626683,4.27529753756,2.61205810094,0.73709309263,3.34261863127,0.698520439421,1.57313418953,4.0797117239,4.6184775935,1.30550752055,12.4929024273,2.10215635654,12.6446190641,36.0,0.0185828176145,0.000105012309461,24.1463221586,25.8178178632,11.5748583531,12.0623915335,SG,6000
2585,Zaza,Pachulia,26.6,13,DAL@OKC,DAL,OKC,,,36.0,40.5,13,2.93811529981,0.659810205951,0.0164605352614,5.6080602421,3.64586656753,7.01162359594,1.16791059673,2.31629763899,10.6574901635,4.05367512009,0.0,8.69441213624,4.334904707,12.4422549472,34.0,,,30.9775600594,,10.4667617413,,C,6000
203903,Jordan,Clarkson,23.0,12,POR@LAL,LAL,POR,,,22.3,25.5,13,2.9618653311,0.332770248993,3.67599396101,2.84543974932,0.931591873259,2.14647504141,1.08492885001,2.18769718587,3.07806691467,6.80175465092,1.55917904523,14.3440440134,2.2266109427,17.3892992898,35.0,0.00219356232709,1.25502674645e-06,26.1734785961,28.204114166,13.890020137,14.0850998204,PG,5900
201960,DeMarre,Carroll,23.2,11,TOR@LAC,TOR,LAC,,,34.0,35.75,13,1.56274551264,0.281484241163,5.47197135846,2.83886003427,1.73378540502,3.11703604312,2.0393163639,1.5489141829,4.85082144814,5.41714539352,2.08606043996,12.8996886537,1.86009630091,14.7804475279,39.0,0.0231239930309,1.39327439926e-06,26.0382385619,28.1329571151,12.6671214789,13.5739410138,SF,5900
202397,Ishmael,Smith,27.4,13,PHO@NO,NO,PHO,,,45.8,47.25,13,7.63647236056,0.409115940257,1.94416411194,1.76751126324,0.635727241267,2.704873302,1.14714708738,2.40705939037,3.34060054327,4.66270683465,0.563793147448,11.7892886851,1.35022276646,11.2394295832,30.0,0.168715059396,0.000399375794693,27.4083254409,29.3150524534,11.5085842034,11.412957229,PG,5900
202340,Avery,Bradley,22.6,10,BOS@BKN,BOS,BKN,,,37.3,42.0,13,2.76998950955,0.252523959311,6.8197754838,2.0057577832,0.852295593271,2.53967262846,1.80728238799,1.87823644065,3.39196822174,7.82535024721,2.79124269323,17.3828535831,1.46445373212,19.9063969198,40.0,0.0031799183341,1.62926186418e-06,30.3731193041,32.8822320474,16.4370746143,17.4979922852,SG,5800
203486,Mason,Plumlee,25.8,14,POR@LAL,POR,LAL,,,40.2,42.25,13,2.34689756258,1.1727368678,0.0666384233831,4.91346224083,2.70862636958,5.1067842673,1.2289975342,1.9346344905,7.81541063688,4.34336196878,0.0011904552012,7.41215230182,2.64259974,11.3305141328,30.0,0.188166863126,3.19874589943e-05,27.0981875544,28.7392168162,9.45467409314,8.91377225756,C,5700
202685,Jonas,Valanciunas,24.9,14,TOR@LAC,TOR,LAC,O,Hand,0.0,0.0,13,0.0,0.0,0.0,0.0,0.0,0.0,0.0,0.0,0.0,0.0,0.0,0.0,0.0,0.0,0.0,,,0.0,,0.835640272524,,C,5700
203944,Julius,Randle,25.3,12,POR@LAL,LAL,POR,,,30.1,32.25,13,2.55656543772,0.583378484017,0.367564657072,4.2142626445,1.62626803802,7.34241299423,0.776165948684,2.11574106723,8.96868103225,4.82949756029,0.0755062353523,10.9959695177,2.77783607507,12.512337431,32.0,0.325181838031,0.000107183304849,27.7129506244,29.7451026343,12.1529712822,11.8315489341,PF,5700
201950,Jrue,Holiday,21.0,9,PHO@NO,NO,PHO,,,13.0,13.5,13,4.96211571801,0.341449757637,2.50183605569,2.26751179057,0.243926001642,1.05975429807,0.944793059953,2.17457591248,1.30368029972,4.25199875418,0.897924505673,10.1099409779,1.77229847921,11.1742204932,23.0,0.0210145766672,2.66545380103e-08,20.5797201526,22.2126763216,10.0490088354,10.1315907544,PG,5600
203109,Jae,Crowder,25.3,12,BOS@BKN,BOS,BKN,,,8.4,10.0,13,1.50678936371,0.350729713056,3.25400721559,2.40495277884,1.16991905641,2.47646326981,1.92413391514,1.39742354261,3.64638232622,3.37604325366,1.03358767986,7.84355639072,1.98041319673,9.76608738392,26.0,0.0025559794497,9.65311956237e-08,19.5542339347,20.955892921,8.28984137158,8.64521409017,SF,5400
201579,Roy,Hibbert,23.5,12,POR@LAL,LAL,POR,,,23.6,24.5,13,1.42636109931,2.04874369306,0.107239472456,3.5518897917,1.87847825272,3.79612051333,0.273033903455,1.52863372477,5.67459876606,3.01774758446,0.000492244018173,6.39843237052,3.05434782064,9.09033523358,25.0,0.0335725843871,1.98842745591e-06,21.1543168701,22.2529746346,7.92699950539,7.55683513649,C,5400
203084,Harrison,Barnes,24.3,14,GS@DEN,GS,DEN,,,30.6,32.75,13,2.05368885938,0.23959902831,3.2592164319,2.74744920658,1.15743784237,3.42998757355,0.956232296832,1.10851425666,4.58742541592,5.41729907412,1.32687995128,10.623132656,2.36174705375,14.5232251533,33.0,0.0166761567492,9.6161386417e-07,24.3918173351,25.8639028298,10.8544512061,11.0183825837,SF,5400
203935,Marcus,Smart,21.7,9,BOS@BKN,BOS,BKN,O,Knee,0.0,0.0,13,0.0,0.0,0.0,0.0,0.0,0.0,0.0,0.0,0.0,0.0,0.0,0.0,0.0,0.0,0.0,,,0.0,,0.859345677586,,PG,5300
203115,Will,Barton,26.0,13,GS@DEN,DEN,GS,,,30.7,33.0,13,2.08441369041,0.602651289653,2.74882779268,2.81256370156,0.693980895268,3.22003491895,1.27150984044,1.16580167011,3.91401581422,4.95037618864,1.02918884425,10.4555459636,2.4445692551,13.3745104766,27.0,0.00585125722142,3.83586293279e-07,23.7804705794,25.0824446639,10.5961741439,10.6486513476,SG,5300
202323,Evan,Turner,19.8,12,BOS@BKN,BOS,BKN,,,27.9,29.25,13,4.85350772889,0.413057309302,2.00618969263,1.73729819439,0.716655698433,3.47299358004,1.29935510532,2.62220779648,4.18964927848,4.86352018389,0.420451075379,10.7571885743,1.37405036709,11.5215418103,32.0,0.0272320597569,0.00021118306498,24.6319995705,26.4042931092,10.7629416117,10.5055678512,SF,5300
202693,Markieff,Morris,20.7,10,PHO@NO,PHO,NO,,,34.1,35.5,13,2.25056048476,0.688289452862,3.3125968893,3.30973923688,1.78245815252,4.05081621128,1.31017197587,2.5529295404,5.8332743638,7.00892864483,0.92897597931,17.4652139935,2.37935372654,17.3261869955,36.0,0.0689697256906,8.42130039302e-06,29.1459502763,31.2820466068,16.2678517906,16.2641379309,PF,5300
2199,Tyson,Chandler,20.4,12,PHO@NO,PHO,NO,,,12.0,14.0,13,0.381327190056,0.525334802953,0.0322687991473,1.60051891393,1.87165851473,3.4113672728,0.448687331122,0.781031253221,5.28302578754,1.49054205476,0.0,2.75705828457,1.11625208906,4.09733619859,16.0,,,12.1759709436,,4.36585355977,,C,5100
1626156,D'Angelo,Russell,20.2,12,POR@LAL,LAL,POR,,,29.8,32.75,13,3.94548418263,0.462360279069,5.48105190942,1.76550360283,0.92461228883,5.217917107,1.22090169272,2.24337301966,6.14252939583,5.67392636635,1.81134495496,13.952712689,1.29738614129,14.4565838289,36.0,0.086583612408,0.000595954864051,28.8689963018,31.3351450421,13.1331242399,13.8953928256,PG,5100
101161,Amir,Johnson,19.7,12,BOS@BKN,BOS,BKN,,,4.5,5.0,13,1.15644310443,0.743321066114,0.620521349226,1.27698985465,1.2549675808,2.35254159727,0.574290197633,1.05881032624,3.60750917807,2.60563892684,0.178141946739,4.53508356145,0.764476099699,6.15389590011,18.0,0.000947184266277,3.99551850144e-10,13.7939837717,14.5942561447,5.86722457886,5.40560957898,C,5000
202718,Chandler,Parsons,12.7,9,DAL@OKC,DAL,OKC,,,15.6,16.75,13,1.43100771486,0.31288445544,3.34214355494,1.9187762371,0.613608897407,2.10087354282,0.642805428718,1.2854690317,2.71448244023,4.39801515515,1.24433098473,9.11705225283,1.00339212885,11.0437534239,24.0,0.000352695477691,9.55805760364e-10,17.0735546611,18.4747078374,9.47068125612,9.76253796841,SF,4900
101106,Andrew,Bogut,22.0,8,GS@DEN,GS,DEN,,,23.2,25.0,13,1.93863502712,1.36961664676,0.000129191148628,0.805441939837,1.76543136068,3.03634514102,0.558831453843,1.32051384297,4.8017765017,2.43247327641,8.48749376788e-05,4.03663009893,0.403583312547,5.2686147403,18.0,0.00364117045829,1.37496433597e-07,16.4750814412,17.3809317935,5.73539643826,5.19787047995,C,4800
2037,Jamal,Crawford,19.8,12,TOR@LAC,LAC,TOR,,,12.0,12.5,13,2.51042208055,0.13381250296,5.09140353388,4.35691562511,0.278131349587,1.31962372756,0.786625653681,1.56261130551,1.59775507715,5.21005291686,1.53586780637,13.4585053076,4.03964557057,15.9956192107,29.0,0.000268930462737,1.8554065031e-09,21.9568234318,23.5863541429,12.6042672725,13.2332950783,SG,4800
202083,Wesley,Matthews,16.1,11,DAL@OKC,DAL,OKC,,,24.1,26.75,13,1.86075757514,0.115068071505,6.77913752379,2.74669207698,0.448947125093,1.72705947495,0.960203164901,1.24368823543,2.17600660005,4.39712874651,2.34203065493,11.5597716612,2.30769946604,13.443987614,32.0,9.50295188226e-05,1.91037700954e-09,19.7531861341,21.6549884593,12.3485537161,13.7955599269,SG,4700
101150,Louis,Williams,20.0,12,POR@LAL,LAL,POR,,,19.0,20.25,13,2.4611072468,0.194213504153,4.57799224115,5.53485683777,0.249967177748,1.53204633154,0.86904294383,1.40051049766,1.78201350929,3.67437167383,1.28220725914,10.2254556808,4.69776510136,13.3287157082,25.0,0.000217887302058,3.62625841061e-09,19.8847951878,21.3155815835,10.1746696464,10.8323256405,SG,4700
2738,Andre,Iguodala,22.5,14,GS@DEN,GS,DEN,,,30.6,32.25,13,3.66207850069,0.23104596278,2.73932888197,1.26915869308,0.867683029277,2.27457483573,1.31360793902,1.0778851865,3.14225786501,3.37960358726,1.20670285273,6.55243323188,0.724228200854,8.69013822811,27.0,0.00291191461972,3.35250502185e-06,19.9653880343,21.2691728766,7.56743444503,7.8890074102,SF,4700
2749,Jameer,Nelson,17.5,11,GS@DEN,DEN,GS,,,5.4,7.5,13,4.37034245146,0.0355626185374,3.99854273562,0.924920576056,0.404475669646,1.49956851061,0.649246076055,1.82364762645,1.90404418025,3.09079210486,1.17803489664,8.38850721705,0.694994883168,8.05461398951,24.0,0.00603397276833,1.86563016802e-07,16.4409504457,18.0460454351,8.48604450804,9.12539231312,PG,4600
203939,Dwight,Powell,23.3,13,DAL@OKC,DAL,OKC,,,18.2,18.25,13,0.67223548913,0.389836461478,0.227595567463,1.94707386387,0.974278837419,2.49952205298,0.444752903864,0.550518199242,3.4738008904,2.14726068807,0.0623428724812,4.19538551019,1.36029810455,5.71716235318,13.0,0.000582909295217,1.68728853012e-12,12.0127371868,12.4937321311,5.66011956215,5.28139797637,PF,4600
203079,Dion,Waiters,18.3,13,DAL@OKC,OKC,DAL,,,20.4,22.0,13,1.84917190125,0.184908513294,2.94499065446,2.46667870112,0.680742485826,2.30957151096,1.07484107043,1.70738655027,2.99031399679,4.34883364972,1.07421342466,10.7491823786,1.98703516767,11.7589158918,29.0,0.000801261599186,1.92029819874e-08,18.933163157,20.4746807943,10.4472109887,10.6602458605,SG,4600
202334,Ed,Davis,18.2,14,POR@LAL,POR,LAL,,,16.1,16.75,13,0.953811021048,0.746808920499,5.09585610622e-06,2.0436056832,2.20952782999,3.2743342468,0.466128575744,0.734590749185,5.48386207679,2.40619602169,6.30915517913e-07,3.8982582767,1.07327523005,5.88566790434,18.0,0.0106187752355,8.49903134477e-10,15.5883031714,16.2457201307,5.736671947,5.19604324498,PF,4500
200755,J.J.,Redick,17.9,9,TOR@LAC,LAC,TOR,,,19.8,22.5,13,1.61279905573,0.166976933745,5.11474631916,2.68842771124,0.29453247396,0.690105929075,0.574905397146,1.27932059861,0.984638403034,5.19611843435,2.19282192119,10.9300400566,2.40204325796,14.9871020478,29.0,6.74763384579e-06,6.49148688218e-13,18.7923107782,20.5776240798,11.5243034869,12.4308784871,SG,4500
202709,Cory,Joseph,18.9,14,TOR@LAC,TOR,LAC,,,12.3,12.5,13,3.0500250472,0.223039468174,0.858786085321,2.59663949129,0.584501543127,1.7360285262,0.72982653942,1.01215782678,2.32053006933,3.36464389702,0.261733675604,6.5559421662,2.09747087834,9.08849234797,24.0,0.000733268369791,1.00752811006e-07,17.3417401904,18.0958126499,7.67483088994,7.3132414581,PG,4400
203105,Festus,Ezeli,20.5,14,GS@DEN,GS,DEN,,,12.2,13.0,13,0.522935045571,0.998158265733,0.00170032587699,1.81114195846,1.3294100129,1.99040235722,0.205908667648,0.660913748543,3.31981237012,1.68604068701,0.000468283745301,3.12617142184,1.04885014119,4.42139979896,12.0,0.000191800987019,2.10652979499e-11,10.9367973297,11.4337666659,4.78398514146,4.38677086194,C,4400
2449,Luis,Scola,19.3,14,TOR@LAC,TOR,LAC,,,29.1,31.0,13,1.46886476876,0.34948150635,1.49769058963,2.10129171333,2.37247656424,4.83983785387,0.875507106079,1.54292033105,7.2123144181,5.83662208618,0.689884988719,12.2847897782,1.4668622161,13.8299913772,31.0,0.161371017817,5.56617278542e-07,25.5951227259,27.3141993032,12.6806460139,12.4629588716,PF,4400
203086,Meyers,Leonard,16.9,9,POR@LAL,POR,LAL,O,Shoulder,0.0,0.0,13,0.0,0.0,0.0,0.0,0.0,0.0,0.0,0.0,0.0,0.0,0.0,0.0,0.0,0.0,0.0,,,0.0,,0.697045892761,,C,4400
200782,P.J.,Tucker,15.6,12,PHO@NO,PHO,NO,,,25.6,27.0,13,1.84154491373,0.20129347896,3.92955897204,2.51844711036,2.20436218888,4.26363880753,1.51862432592,1.22406747442,6.46800099641,4.00024026592,1.32787697733,9.26698114393,1.91372767821,11.2420851874,40.0,0.0825429495131,2.31297634646e-06,23.981771889,25.7049655279,9.54897146406,10.0767804344,SF,4300
203499,Shane,Larkin,15.3,13,BOS@BKN,BKN,BOS,,,14.5,16.0,13,2.72978804558,0.121988183915,1.42356970001,0.703219544281,0.248473454386,1.26484836557,1.14545068089,1.30508608911,1.51332181996,2.48331633629,0.621018265923,5.29985939397,0.500468726869,6.08811966537,18.0,0.000131101307526,6.2458653905e-10,13.2285795582,14.2674944805,6.12566605637,6.12692969678,PG,4300
201581,J.J.,Hickson,17.1,11,GS@DEN,DEN,GS,,,8.6,8.75,13,0.533532802341,0.353014652439,0.00754676737939,1.49879478739,0.798867693427,1.62934857942,0.247725018915,0.545361490682,2.42821627285,1.74654187882,0.0,3.39406498978,0.741734492978,4.23481825062,10.0,,,8.60509483358,,4.91061420732,,PF,4200
101135,David,Lee,14.5,12,BOS@BKN,BOS,BKN,,,2.4,2.5,13,0.651520429344,0.160892125264,0.00645020778358,0.946783801731,0.608226495827,0.925888797698,0.181364675807,0.484090739163,1.53411529353,1.18631649988,3.73720355143e-08,2.3786870079,0.727791297512,3.10042433464,7.0,1.18599936437e-07,2.49370116929e-16,6.11906619386,6.43781752471,3.79772465659,3.46765972855,PF,4200
203500,Steven,Adams,17.2,13,DAL@OKC,OKC,DAL,,,14.3,15.0,13,0.996736542325,1.53399462469,0.00928427415775,2.47413121051,2.50091555157,3.04931450919,0.430786166157,1.150069782,5.55023006076,2.60001890792,0.000907677364551,4.60979217985,1.42003054995,6.62097604316,25.0,0.0152997422808,7.77288068278e-08,17.5558487293,18.4317988086,6.3853222269,5.91001800571,C,4100
203914,Gary,Harris,17.1,13,GS@DEN,DEN,GS,,,20.1,21.75,13,2.19174801623,0.302430331982,3.98718448459,1.79114176866,0.893624188433,2.24900712717,1.55572792691,1.84752592256,3.1426313156,4.46516591075,1.40136903557,10.2055506216,1.35345959897,11.685160456,34.0,0.001179797859,1.14837549145e-07,20.6127306543,22.3960797405,10.2311075035,10.7211030286,SG,4100
203458,Alex,Len,13.9,12,PHO@NO,PHO,NO,,,0.0,0.0,13,0.0353819819785,0.105301413685,0.00201876328476,0.234973779536,0.191040124441,0.323811748728,0.0528813065592,0.139921868811,0.514851873169,0.259882116376,0.00060858854222,0.531409679064,0.160486194739,0.680859016033,2.0,7.33227646607e-15,3.08129239243e-31,1.52819780848,1.62420563082,1.67329210811,1.50765574321,C,4000
203994,Jusuf,Nurkic,18.0,62,GS@DEN,DEN,GS,O,Knee,0.0,0.0,13,0.0,0.0,0.0,0.0,0.0,0.0,0.0,0.0,0.0,0.0,0.0,0.0,0.0,0.0,0.0,,,0.0,,0.959889227623,,C,4000
203999,Nikola,Jokic,15.3,12,GS@DEN,DEN,GS,,,32.2,34.75,13,1.38368862445,0.720786558237,0.547561035024,3.37592292939,3.31321083173,4.49090165404,1.26810295299,1.43891858157,7.80411248577,4.24974687319,0.158863093766,8.59534067871,2.51847909563,11.1768359358,27.0,0.183199613623,5.45186331521e-07,25.1561642963,26.6200618142,9.84749943997,9.47123949879,C,4000
203530,Joffrey,Lauvergne,21.9,3,GS@DEN,DEN,GS,GTD,Back,0.0,0.0,13,0.0,0.0,0.0,0.0,0.0,0.0,0.0,0.0,0.0,0.0,0.0,0.0,0.0,0.0,0.0,,,0.0,,0.887919704646,,PF,4000
202347,Quincy,Pondexter,12.6,75,PHO@NO,NO,PHO,O,Knee,0.0,0.0,13,0.0,0.0,0.0,0.0,0.0,0.0,0.0,0.0,0.0,0.0,0.0,0.0,0.0,0.0,0.0,,,0.0,,0.580124192446,,SF,3900
2734,Devin,Harris,16.8,13,DAL@OKC,DAL,OKC,,,13.7,14.75,13,2.64072018638,0.336050929494,2.84138634417,2.55822186999,0.289891417996,1.53236643551,1.2202734155,1.04451317562,1.82225785351,2.64261723859,0.695014156716,6.74717462175,1.72411696072,7.70436559461,22.0,0.000171832973867,3.62378886339e-09,15.9202908127,16.8814251319,7.10584970854,7.32737232236,SG,3900
2746,Josh,Smith,13.3,12,TOR@LAC,LAC,TOR,,,18.6,20.0,13,1.57878228284,1.10854015299,1.78519724615,1.4398198942,0.993766085221,2.14656069989,0.471852370446,1.41543948359,3.14032678511,2.17235930405,0.509952232461,5.62841228273,0.80543373015,5.66010457071,15.0,0.000303996076568,2.01409269125e-09,13.5420157004,14.6621838978,6.0696297356,6.13925804977,PF,3900
203482,Kelly,Olynyk,17.6,11,BOS@BKN,BOS,BKN,,,13.9,15.0,13,1.53262178189,0.668859543305,2.87954289553,1.43268479368,1.36037322553,2.25938123234,1.05204097459,1.4715687611,3.61975445787,3.19668406585,0.941476804782,7.44875128532,1.0439678483,8.37881278478,19.0,0.00188963349022,9.65161591725e-09,16.9916830817,18.3820280668,7.84779332913,8.12987514237,C,3800
203085,Austin,Rivers,14.4,12,TOR@LAC,LAC,TOR,,,8.9,9.5,13,1.20758498616,0.174803292894,2.0314786923,1.73087830571,0.309873453806,0.74181087126,0.672262023956,0.7129483577,1.05168432507,2.61976173562,0.55612027417,6.13197804125,1.0371660704,6.83280981581,19.0,2.38569237652e-07,3.31395286641e-14,10.8873907611,11.5745096512,6.61866919749,6.64116851136,PG,3800
1626178,Rondae,Hollis-Jefferson,15.5,13,BOS@BKN,BKN,BOS,,,34.4,35.25,13,2.41457944216,0.625464963089,0.655759282812,2.44558609452,2.37750267608,5.50362316755,1.77011065263,1.90814982439,7.88112584363,2.94040388922,0.162692566694,6.25050622459,1.52650502973,7.57000537487,31.0,0.0997782986917,2.27445896215e-05,23.5322269575,25.111440127,7.34537637423,7.0295749074,SF,3800
200826,Jose Juan,Barea,16.0,13,DAL@OKC,DAL,OKC,,,13.6,14.25,13,3.03668902162,0.0372126009264,1.88442932088,1.12587204406,0.393586125109,0.829539019465,0.266403682018,1.18151863566,1.22312514457,2.40948436908,0.531234945631,5.96660460226,0.883062832221,6.23326651601,15.0,0.000297949880063,2.03373427632e-10,11.6817641522,12.5997441255,6.37251273156,6.41611399048,PG,3700
201580,JaVale,McGee,9.1,23,DAL@OKC,DAL,OKC,O,Leg,13.2,14.5,13,0.165552681403,0.946629118546,0.00225233551438,1.23812324088,1.0489280969,1.12083930978,0.137564812803,0.838548785433,2.16976740667,2.12654548209,0.00220387849304,3.93567572415,0.745923224105,5.00121806677,11.0,1.1417480995e-05,7.70787014988e-13,9.18310705415,9.71198888267,5.51183271503,5.07594988977,C,3700
202711,Bojan,Bogdanovic,14.9,13,BOS@BKN,BKN,BOS,,,6.6,8.25,13,0.660384248018,0.0285298643526,2.33026203217,1.01827211919,0.323978524828,1.46393493022,0.456162072633,1.00499015527,1.78791345505,2.62212384718,0.72119210605,5.95012142161,0.74968279818,6.71512259859,18.0,5.40633696444e-06,1.32961224814e-14,9.81558883538,10.7680837483,6.55300927903,6.71077859676,SF,3700
203933,T.J.,Warren,16.0,11,PHO@NO,PHO,NO,,,11.4,13.0,13,0.659613197536,0.177004310898,1.12883627434,1.21745765878,1.31684675635,1.82955510775,0.61031803647,0.899957702484,3.1464018641,4.20265810791,0.427505806873,8.3054625709,0.884526399146,9.71734842185,21.0,0.000896865316407,3.13777427899e-12,15.1571374473,15.9795345932,9.08914719847,8.77617250488,SF,3700
2549,Chris,Kaman,7.5,3,POR@LAL,POR,LAL,,,0.0,0.0,13,0.0,0.0,0.0,0.0,0.0,0.0,0.0,0.0,0.0,0.0,0.0,0.0,0.0,0.0,0.0,,,0.0,,0.808058892286,,C,3700
203527,Ryan,Kelly,11.9,5,POR@LAL,LAL,POR,,,0.0,0.0,13,0.0,0.0,0.0,0.0,0.0,0.0,0.0,0.0,0.0,0.0,0.0,0.0,0.0,0.0,0.0,,,0.0,,0.759942184803,,SF,3700
203141,Mirza,Teletovic,10.7,12,PHO@NO,PHO,NO,,,15.9,18.0,13,1.59188832846,0.409623036778,6.01715934657,0.79396752377,0.919529161162,2.05396416587,0.463725517162,1.06565225798,2.97349332703,3.39115821004,2.20331792499,8.93889315029,0.559386431773,9.54502077684,24.0,0.000569105990436,3.8659396602e-09,16.1820901119,17.9661035403,10.5634947691,12.0045729197,PF,3700
101138,Brandon,Bass,12.7,11,POR@LAL,LAL,POR,,,14.1,14.25,13,1.26512749578,0.638850671427,0.227496799348,2.32295027632,2.30781629062,2.69602979117,0.47780994136,1.29397059423,5.00384608179,3.40515674683,0.0458774539383,6.79261471076,1.89093121729,8.74712216488,23.0,0.0157262480547,1.45246339022e-08,17.588779338,18.5324850819,8.20202272165,7.78415420409,PF,3700
203092,Tyler,Zeller,8.6,8,BOS@BKN,BOS,BKN,,,7.7,7.75,13,0.47284917251,0.174997532553,0.000510188823443,0.890805895459,0.552447056508,0.755095099068,0.0816315044743,0.359603082606,1.30754215558,1.46592321273,4.70141312454e-05,2.68599903932,0.707928014343,3.63982145394,7.0,5.43214566728e-08,5.44604105311e-18,6.07180079085,6.31700302847,4.2038206675,3.80210672935,C,3700
201574,Jason,Thompson,5.4,6,GS@DEN,GS,DEN,,,0.0,0.0,13,0.0,0.0,0.0,0.0,0.0,0.0,0.0,0.0,0.0,0.0,0.0,0.0,0.0,0.0,0.0,,,0.0,,0.785129681702,,PF,3700
201967,Dante,Cunningham,13.0,13,PHO@NO,NO,PHO,,,2.2,2.75,13,0.28190085019,0.155413660871,0.433323736796,0.234908353329,0.363052810957,0.974902597975,0.212274475761,0.1888794003,1.33795540893,0.87372768133,0.100479904535,1.84557334808,0.138141906699,1.98607717389,9.0,1.08625167125e-08,7.82428210526e-21,4.56097181286,4.77254925202,2.93064805132,2.70793639626,PF,3700
201945,Gerald,Henderson,7.4,6,POR@LAL,POR,LAL,,,8.6,8.75,13,1.09066193563,0.172784580422,1.36953856293,1.4409531273,0.166493338473,1.18030629957,0.372672188449,0.917833060157,1.34679963804,2.60829851336,0.410428880461,6.73216908429,1.073376922,6.70040282919,18.0,5.31148912392e-07,1.12692014982e-13,10.1256357759,10.8571075248,7.02413465107,6.9512197293,SG,3700
203098,John,Jenkins,9.8,4,DAL@OKC,DAL,OKC,,,0.0,0.0,13,0.0,0.0,0.0,0.0,0.0,0.0,0.0,0.0,0.0,0.0,0.0,0.0,0.0,0.0,0.0,,,0.0,,0.582381546013,,SG,3600
202335,Patrick,Patterson,12.4,14,TOR@LAC,TOR,LAC,,,6.0,7.25,13,0.757260007123,0.189199940609,2.23366545427,0.241342868177,0.677842941207,1.54438617381,0.435038404637,0.6343356718,2.22222911501,1.50568165235,0.737871624473,3.76073142996,0.20152148183,3.95075641101,14.0,9.62592940117e-06,8.32292754004e-14,8.3674623784,9.16469192118,4.93000841815,5.36016464762,PF,3600
202337,Luke,Babbitt,13.3,10,PHO@NO,NO,PHO,,,5.5,6.0,13,0.303705980397,0.105443582379,1.25254793883,0.253801779395,0.119439360118,0.858365153769,0.0869076340497,0.202587003901,0.977804513887,0.820903673795,0.492328843633,1.92508433073,0.172817899638,2.30695409086,8.0,1.94892355336e-09,2.72148729292e-21,4.11799390708,4.51434205946,3.28293723304,3.5983348339,SF,3600
201582,Alexis,Ajinca,11.2,13,PHO@NO,NO,PHO,,,0.0,0.0,13,0.0,0.0,0.0,0.0,0.0,0.0,0.0,0.0,0.0,0.0,0.0,0.0,0.0,0.0,0.0,,,0.0,,0.916510403556,,C,3600
2555,Nick,Collison,9.7,10,DAL@OKC,OKC,DAL,,,18.5,19.25,13,1.40732445033,0.514638553102,0.543237817585,0.852979880169,1.52157684806,2.09541825382,0.58869612523,1.05845949789,3.61699510188,1.65305078902,0.116541439905,3.5710297271,0.688557884687,4.11120090264,17.0,0.000304367538084,7.16185863653e-10,11.7107915592,12.4795983366,4.64145955526,4.35254550124,PF,3600
203143,Pablo,Prigioni,5.4,5,TOR@LAC,LAC,TOR,GTD,Illness,0.0,0.0,13,0.0,0.0,0.0,0.0,0.0,0.0,0.0,0.0,0.0,0.0,0.0,0.0,0.0,0.0,0.0,,,0.0,,0.856594469044,,PG,3600
1718,Paul,Pierce,13.6,11,TOR@LAC,LAC,TOR,,,1.2,2.25,13,1.332594932,0.090512955416,2.91664705522,1.59255264506,0.336911062257,2.00183300065,0.487097799279,0.751158186689,2.33874406291,1.9250201621,0.91698765397,5.02988576618,1.28849352416,6.05552150233,19.0,3.9020768374e-05,5.64158056892e-11,11.2649700985,12.2160387533,6.11098590177,6.65927316834,SF,3600
202379,Jeremy,Evans,4.8,11,DAL@OKC,DAL,OKC,,,0.0,0.0,13,0.0,0.0,0.0,0.0,0.0,0.0,0.0,0.0,0.0,0.0,0.0,0.0,0.0,0.0,0.0,,,0.0,,0.823476809858,,PF,3500
203135,Robert,Sacre,3.4,1,POR@LAL,LAL,POR,,,0.0,0.0,13,0.0,0.0,0.0,0.0,0.0,0.0,0.0,0.0,0.0,0.0,0.0,0.0,0.0,0.0,0.0,,,0.0,,0.791501831316,,C,3500
204028,Tarik,Black,8.8,7,POR@LAL,LAL,POR,,,0.0,0.0,13,0.0,0.0,0.0,0.0,0.0,0.0,0.0,0.0,0.0,0.0,0.0,0.0,0.0,0.0,0.0,,,0.0,,0.815889596973,,C,3500
203900,Markel,Brown,6.3,7,BOS@BKN,BKN,BOS,,,0.0,0.0,13,0.0,0.0,0.0,0.0,0.0,0.0,0.0,0.0,0.0,0.0,0.0,0.0,0.0,0.0,0.0,,,0.0,,0.677657990084,,SG,3500
203460,Andre,Roberson,12.0,12,DAL@OKC,OKC,DAL,,,20.8,22.0,13,1.40484170635,0.834577002357,2.71936107814,1.28123938463,1.45501377844,2.66221657153,1.13062653827,0.804184526347,4.11723034997,2.75393590405,0.814404255535,6.0494440585,0.716258228115,7.03853429176,33.0,0.0031980004725,8.55793210779e-09,17.2126958262,18.232648761,6.78350796404,7.01359350247,SG,3500
203461,Anthony,Bennett,3.6,7,TOR@LAC,TOR,LAC,,,0.0,0.0,13,0.0,0.0,0.0,0.0,0.0,0.0,0.0,0.0,0.0,0.0,0.0,0.0,0.0,0.0,0.0,,,0.0,,0.756369668843,,PF,3500
1626166,Cameron,Payne,2.3,6,DAL@OKC,OKC,DAL,,,4.9,5.5,13,0.759539795969,0.0654956724261,0.72388738803,0.27069663858,0.131403159232,0.615279465558,0.16098427768,0.328396819025,0.74668262479,0.679282220885,0.179595013358,1.78056300706,0.199434493442,1.73759394857,5.0,9.10795715902e-11,3.70873312609e-19,3.89748587346,4.18881592103,2.7514871677,2.73786663978,PG,3500
201627,Anthony,Morrow,6.8,12,DAL@OKC,OKC,DAL,,,19.9,22.0,13,0.67692962723,0.129753373017,4.28989750191,0.657391267076,0.424437677656,1.12972644416,0.825236642776,0.618608442251,1.55416412182,3.14374622036,1.63858824139,7.58345042015,0.595212578117,8.52129326023,24.0,2.58358738513e-06,5.69593191429e-14,12.6930562366,13.8993666599,8.62323271476,9.54159515973,SG,3500
1626181,Norman,Powell,3.2,8,TOR@LAC,TOR,LAC,,,0.0,0.0,13,0.0,0.0,0.0,0.0,0.0,0.0,0.0,0.0,0.0,0.0,0.0,0.0,0.0,0.0,0.0,,,0.0,,0.760235738429,,SG,3500
202332,Cole,Aldrich,2.6,3,TOR@LAC,LAC,TOR,,,0.0,0.0,13,0.0,0.0,0.0,0.0,0.0,0.0,0.0,0.0,0.0,0.0,0.0,0.0,0.0,0.0,0.0,,,0.0,,0.944143629489,,C,3500
201156,Nick,Young,14.2,12,POR@LAL,LAL,POR,,,9.1,9.75,13,0.7132771064,0.22250680266,4.40486113047,1.93681383256,0.228437541553,1.1969699289,0.603452957698,0.824418503878,1.42540747045,3.33531808423,1.81137528283,8.32302145356,1.79561938243,10.2776308337,20.0,1.60830723594e-06,9.53692267178e-15,13.8855364747,15.2747061541,9.16962831773,10.141189966,SG,3500
203123,Kostas,Papanikolaou,4.6,9,GS@DEN,DEN,GS,,,2.0,2.0,13,0.162527518671,0.0314771922188,0.251014907367,0.0530563382385,0.0931985413932,0.151779762699,0.0744224287609,0.11964269844,0.244978304093,0.196156181172,0.0702937104231,0.492451113476,0.0354694827584,0.498075555525,2.0,1.76978351992e-17,5.3189378685e-32,1.12799734196,1.2352144616,1.49599624605,1.48843296429,SF,3500
2034,Mike,Miller,2.9,9,GS@DEN,DEN,GS,,,0.0,0.0,13,0.0,0.0,0.0,0.0,0.0,0.0,0.0,0.0,0.0,0.0,0.0,0.0,0.0,0.0,0.0,,,0.0,,0.603276367046,,SF,3500
1626175,Jordan,Mickey,6.1,2,BOS@BKN,BOS,BKN,,,0.0,0.0,13,0.0,0.0,0.0,0.0,0.0,0.0,0.0,0.0,0.0,0.0,0.0,0.0,0.0,0.0,0.0,,,0.0,,0.940961584844,,PF,3500
101111,Charlie,Villanueva,12.8,11,DAL@OKC,DAL,OKC,,,7.5,8.5,13,0.147222991372,0.126756324899,1.17944776849,0.169076315953,0.161838477972,0.457823498255,0.0643984543567,0.156279847166,0.619661976227,0.841341861562,0.389576896704,2.05629119226,0.104863289485,2.17712390931,4.0,2.0847878037e-11,2.95306031142e-26,3.36758247919,3.67149394997,3.22948519639,3.42847207687,PF,3500
200751,Randy,Foye,8.9,13,GS@DEN,DEN,GS,,,3.5,3.5,13,1.2994857014,0.128871290168,2.99560812106,0.608284315887,0.118640289479,0.619811076942,0.377005556912,0.752855716491,0.73845136642,1.5897972663,0.789728889419,4.88282873279,0.48711451721,4.45643793922,14.0,1.37957721794e-07,9.34749947932e-16,7.5507061087,8.35892118691,5.64370549644,6.22005531007,SG,3500
202720,Jon,Leuer,14.2,12,PHO@NO,PHO,NO,,,6.8,8.0,13,0.419368453603,0.0768457022161,0.55777441999,0.467201182571,0.397909672192,1.12312872368,0.180280191245,0.282200839746,1.52103839587,0.97041032434,0.252277618717,2.30856839425,0.295399743969,2.48849801137,7.0,8.4843571578e-08,2.68919519666e-18,5.17484771399,5.51813899028,3.31094277339,3.29406477841,PF,3500
202362,Lance,Stephenson,11.1,11,TOR@LAC,LAC,TOR,,,2.0,2.0,13,0.574460298217,0.0359481092618,0.376078490006,0.289014043167,0.156721905223,0.336148434137,0.127302660339,0.375944035459,0.49287033936,0.577364708791,0.104893578913,1.51440167349,0.17086631832,1.43048931481,5.0,1.88043397179e-12,2.2737514217e-22,2.83418167311,3.09924399727,2.43516540437,2.35258435062,SG,3500
201962,Toney,Douglas,14.2,11,PHO@NO,NO,PHO,,,1.0,1.5,13,0.605286206707,0.0430412382982,0.673581931453,0.336530066041,0.106858390472,0.185075350989,0.260335482181,0.312420027832,0.291933741461,0.650522687598,0.225376626403,1.62189352898,0.266785403874,1.79320740547,5.0,6.95177101692e-12,8.76169813292e-24,3.34579061841,3.62928563261,2.69021066966,2.73786257114,PG,3500
202713,Kyle,Singler,6.0,12,DAL@OKC,OKC,DAL,,,0.0,0.0,13,0.0684178233782,0.0443207743712,0.442040755862,0.128071733058,0.0662661119182,0.198330233706,0.109253680765,0.142751155004,0.264596345624,0.241404787141,0.130486335213,0.774870178254,0.0821139334342,0.695409842928,3.0,1.69221277573e-16,1.03295021152e-32,1.27994994801,1.4297985104,1.65734866584,1.7692562211,SF,3500
203459,Allen,Crabbe,13.4,14,POR@LAL,POR,LAL,,,10.6,11.25,13,1.31758628225,0.283666716283,3.01283555952,0.804786508367,0.304972305,1.54153048364,0.744717426495,0.790253620443,1.84650278864,3.33531388879,1.09613602732,7.38641830931,0.635506062697,8.40226986759,26.0,1.1496341603e-05,1.44645220539e-11,13.8609673024,14.8965045103,7.91084543963,8.26875686412,SG,3500
202708,Norris,Cole,15.9,75,PHO@NO,NO,PHO,O,Ankle,0.0,0.0,13,0.0,0.0,0.0,0.0,0.0,0.0,0.0,0.0,0.0,0.0,0.0,0.0,0.0,0.0,0.0,,,0.0,,0.737434341042,,PG,3500
1626257,Salah,Mejri,2.2,5,DAL@OKC,DAL,OKC,,,0.0,0.0,13,0.0,0.0,0.0,0.0,0.0,0.0,0.0,0.0,0.0,0.0,0.0,0.0,0.0,0.0,0.0,,,0.0,,0.871664190769,,C,3500
201575,Brandon,Rush,6.8,7,GS@DEN,GS,DEN,,,0.0,0.0,13,0.0,0.0,0.0,0.0,0.0,0.0,0.0,0.0,0.0,0.0,0.0,0.0,0.0,0.0,0.0,,,0.0,,0.687549832368,,SG,3500
202687,Bismack,Biyombo,13.1,14,TOR@LAC,TOR,LAC,,,21.8,23.0,13,0.361308013594,1.87967051451,1.42688444712e-05,3.8043185826,3.90262640477,5.80986133058,0.305950968628,1.27648603006,9.71248773535,2.53611528811,3.93203952757e-06,5.46534341441,2.5578690164,7.63010352466,31.0,0.189106687097,5.26417651766e-06,22.9218077637,24.3293529547,7.14939600649,6.83805939904,C,3500
202690,Jimmer,Fredette,1.1,4,PHO@NO,NO,PHO,,,0.0,0.0,13,0.0,0.0,0.0,0.0,0.0,0.0,0.0,0.0,0.0,0.0,0.0,0.0,0.0,0.0,0.0,,,0.0,,0.716480655305,,SG,3500
204025,Tim,Frazier,1.9,7,POR@LAL,POR,LAL,,,2.0,2.0,13,1.14873392036,0.0155096833262,0.313822131081,0.385935745446,0.147111430654,0.235998801963,0.183201089847,0.436583453297,0.383110232616,0.4776939667,0.0902972033469,1.21860617082,0.220442101888,1.26612723863,5.0,5.42523855802e-10,7.19730775921e-21,3.40979849136,3.69239433213,2.26706981766,2.18611260494,PG,3500
1626183,Branden,Dawson,0.0,0,TOR@LAC,LAC,TOR,,,0.0,0.0,13,0.0,0.0,0.0,0.0,0.0,0.0,0.0,0.0,0.0,0.0,0.0,0.0,0.0,0.0,0.0,,,0.0,,0.845620626624,,PF,3500
202325,Wesley,Johnson,9.0,12,TOR@LAC,LAC,TOR,,,11.0,12.5,13,0.671973474993,0.384674338471,2.38293093687,0.72345469883,0.459826765743,1.24285729002,0.592333978656,0.535428151876,1.70268405576,2.47872051384,0.864981906817,5.24180252618,0.538206320714,6.3606292552,18.0,3.22455573313e-06,1.18726531523e-14,10.830398817,11.615742886,6.23238649563,6.50128867369,SF,3500
202388,Donald,Sloan,3.7,2,BOS@BKN,BKN,BOS,,,0.0,0.0,13,0.0,0.0,0.0,0.0,0.0,0.0,0.0,0.0,0.0,0.0,0.0,0.0,0.0,0.0,0.0,,,0.0,,0.742629874112,,PG,3500
1626242,Luis,Montero,1.6,2,POR@LAL,POR,LAL,,,0.0,0.0,13,0.0,0.0,0.0,0.0,0.0,0.0,0.0,0.0,0.0,0.0,0.0,0.0,0.0,0.0,0.0,,,0.0,,0.817576197931,,SF,3500
201601,Luc Richard,Mbah a Moute,2.8,10,TOR@LAC,LAC,TOR,,,5.2,5.25,13,0.181715438083,0.033960852574,0.316382231641,0.291787002404,0.244974372788,0.226433001473,0.180925266513,0.172831751638,0.471407374261,0.480227209505,0.109731993599,1.19801355124,0.188486603228,1.25867301584,4.0,1.52695534321e-13,2.74189027175e-27,2.35387550861,2.51872774994,2.18904227244,2.14043882044,SF,3500
201589,Darrell,Arthur,11.7,12,GS@DEN,DEN,GS,,,31.6,33.0,13,1.89098300509,1.2338172379,2.47191629484,1.3469919656,2.24812831317,3.3999093633,1.16466961351,1.10618886091,5.64803767647,4.6355049745,0.694476836759,11.9081361313,1.00128133232,10.9667681181,34.0,0.0416504209696,1.2673456624e-06,24.2716726794,25.5168868455,11.3296557829,11.3195327923,PF,3500
203475,Erick,Green,0.9,3,GS@DEN,DEN,GS,,,0.0,0.0,13,0.0,0.0,0.0,0.0,0.0,0.0,0.0,0.0,0.0,0.0,0.0,0.0,0.0,0.0,0.0,,,0.0,,0.673447419146,,SG,3500
203462,Archie,Goodwin,7.8,9,PHO@NO,PHO,NO,,,0.0,0.0,13,0.0,0.0,0.0,0.0,0.0,0.0,0.0,0.0,0.0,0.0,0.0,0.0,0.0,0.0,0.0,,,0.0,,0.769434086022,,PG,3500
1897,Metta,World Peace,13.0,8,POR@LAL,LAL,POR,,,4.9,5.5,13,0.570365806273,0.31615548342,1.93311087661,0.808486490547,0.431128285155,0.91679038842,0.632323836886,0.44197981512,1.34791867358,1.65322495127,0.725920013005,4.17693227065,0.515545412832,4.54791532838,13.0,1.95362891905e-07,4.26924367997e-16,8.47594527157,9.12729141236,5.07799257776,5.4265637511,SF,3500
1626204,Larry,Nance Jr.,9.8,8,POR@LAL,LAL,POR,,,0.0,0.0,13,0.0,0.0,0.0,0.0,0.0,0.0,0.0,0.0,0.0,0.0,0.0,0.0,0.0,0.0,0.0,,,0.0,,0.737160437048,,PF,3500
203923,James,Young,0.0,1,BOS@BKN,BOS,BKN,,,0.0,0.0,13,0.0,0.0,0.0,0.0,0.0,0.0,0.0,0.0,0.0,0.0,0.0,0.0,0.0,0.0,0.0,,,0.0,,0.597620229554,,SF,3500
200779,Steve,Novak,4.2,1,DAL@OKC,OKC,DAL,,,0.0,0.0,13,0.0,0.0,0.0,0.0,0.0,0.0,0.0,0.0,0.0,0.0,0.0,0.0,0.0,0.0,0.0,,,0.0,,0.46938023534,,SF,3500
202087,Alonzo,Gee,9.2,13,PHO@NO,NO,PHO,,,28.9,29.75,13,1.45122158312,0.42647593703,2.01524838251,1.89815109553,1.71660652847,3.45801796774,1.94381319507,1.75876730522,5.17462449621,3.44826258054,0.474045192455,7.83568487321,1.40948003893,8.78005039246,38.0,0.0190032786853,7.56439534101e-07,20.1482431216,21.5518877826,8.08424884958,7.95077661732,SF,3500
203956,Mitch,McGary,3.1,5,DAL@OKC,OKC,DAL,,,0.0,0.0,13,0.0,0.0,0.0,0.0,0.0,0.0,0.0,0.0,0.0,0.0,0.0,0.0,0.0,0.0,0.0,,,0.0,,0.835229941302,,PF,3500
203943,Noah,Vonleh,6.7,14,POR@LAL,POR,LAL,,,6.6,7.25,13,0.38698657284,0.467878420729,0.795331087124,1.2832927512,1.20185548492,2.46848459916,0.246889600014,0.912739632425,3.67034008409,1.59222744657,0.195245015495,4.08349108198,0.926129284073,4.3058291927,17.0,0.000392666205635,4.13889431549e-14,9.80751356193,10.5456118894,4.81480215437,4.67018916025,PF,3500
203546,Ian,Clark,5.4,10,GS@DEN,GS,DEN,,,7.7,8.25,13,0.851182288848,0.157342480897,1.47935638229,0.55844362767,0.209682478616,0.404822064488,0.342018940757,0.58950415026,0.614504543104,1.21585499842,0.50371785366,3.0832144502,0.468578660341,3.40400651084,9.0,1.4234361099e-09,1.65260045131e-18,5.82740408889,6.40474032014,4.08890934852,4.31832192195,SG,3500
203082,Terrence,Ross,10.3,8,TOR@LAC,TOR,LAC,,,2.0,2.0,13,0.591221285977,0.14970920928,3.06605592684,0.486120285945,0.180026108232,0.792570808898,0.517502307359,0.5823053719,0.972596917129,2.18555930616,1.03212384306,5.66177254465,0.437763098001,5.84100555338,16.0,1.96321038469e-08,2.09571359571e-17,8.64707144428,9.50291592706,6.50642514604,7.10215327124,SG,3500
1626179,Terry,Rozier,4.2,6,BOS@BKN,BOS,BKN,,,2.0,3.0,13,0.446366703031,0.0486626237203,0.798409591864,0.194304275473,0.309620547797,0.501003079492,0.123773867365,0.306564365789,0.810623627289,0.838768029021,0.187873592456,2.354659646,0.143152774101,2.0085624246,5.0,1.48855293471e-10,8.55949690142e-21,3.68916944827,3.97691960898,3.091428879,3.07005692997,PG,3500
203912,C.J.,Wilcox,2.8,21,TOR@LAC,LAC,TOR,,,0.0,0.0,13,0.0,0.0,0.0,0.0,0.0,0.0,0.0,0.0,0.0,0.0,0.0,0.0,0.0,0.0,0.0,,,0.0,,0.729975285981,,SG,3500
1626147,Justin,Anderson,5.4,10,DAL@OKC,DAL,OKC,,,0.0,0.0,13,0.0,0.0,0.0,0.0,0.0,0.0,0.0,0.0,0.0,0.0,0.0,0.0,0.0,0.0,0.0,,,0.0,,0.7980283732,,SF,3500
203962,Josh,Huestis,0.0,0,DAL@OKC,OKC,DAL,,,0.0,0.0,13,0.0,0.0,0.0,0.0,0.0,0.0,0.0,0.0,0.0,0.0,0.0,0.0,0.0,0.0,0.0,,,0.0,,0.845620626624,,SF,3500
1626148,Anthony,Brown,2.3,3,POR@LAL,LAL,POR,,,0.0,0.0,13,0.0,0.0,0.0,0.0,0.0,0.0,0.0,0.0,0.0,0.0,0.0,0.0,0.0,0.0,0.0,,,0.0,,0.787319822327,,SF,3500
2733,Shaun,Livingston,10.7,12,GS@DEN,GS,DEN,,,14.1,15.25,13,2.99472340566,0.236680053378,0.123796747539,1.09069468921,0.600750607983,1.14990156432,0.701065111478,1.27944325459,1.7506521723,2.53647447794,0.000438551953728,5.19075237977,0.875252609752,5.94864011759,22.0,0.000228055492028,3.4518454993e-09,13.137554908,13.8653705134,6.52787294301,6.12406536892,PG,3500
203090,Maurice,Harkless,12.7,14,POR@LAL,POR,LAL,,,17.8,18.5,13,1.13398734945,0.460765378597,2.28097305148,1.63602501098,1.53592048433,2.41245901932,0.819312125996,1.26656773201,3.94837950365,2.7932893382,0.684344397518,6.40022605952,1.0024792034,7.27340227733,25.0,0.00258719532663,9.44776220091e-10,15.0060259831,16.1827818188,6.9230510108,7.02652934949,SF,3500
1626153,Delon,Wright,1.0,4,TOR@LAC,TOR,LAC,,,0.0,0.0,13,0.0,0.0,0.0,0.0,0.0,0.0,0.0,0.0,0.0,0.0,0.0,0.0,0.0,0.0,0.0,,,0.0,,0.83942543237,,PG,3500
203998,Bruno,Caboclo,0.0,1,TOR@LAC,TOR,LAC,,,0.0,0.0,13,0.0,0.0,0.0,0.0,0.0,0.0,0.0,0.0,0.0,0.0,0.0,0.0,0.0,0.0,0.0,,,0.0,,0.77495954723,,SF,3500
201961,Wayne,Ellington,7.4,13,BOS@BKN,BKN,BOS,,,0.0,0.0,13,0.0,0.0,0.0,0.0,0.0,0.0,0.0,0.0,0.0,0.0,0.0,0.0,0.0,0.0,0.0,,,0.0,,0.629090174518,,SG,3500
203949,James Michael,McAdoo,3.8,11,GS@DEN,GS,DEN,,,9.6,10.25,13,0.209330706439,0.204494379675,0.0396047697966,0.969938971702,0.488916533745,0.603890951566,0.168948927695,0.250056866174,1.09280748531,0.779104669691,0.0109075110982,1.53812199661,0.518218090389,2.08733494087,5.0,1.26221837432e-09,8.90584398757e-23,4.20952973147,4.39465229626,2.9160114539,2.63697287895,PF,3500
201973,Jonas,Jerebko,7.5,12,BOS@BKN,BOS,BKN,,,8.5,10.25,13,1.11961555011,0.27637865866,1.40014857671,1.02250625751,1.22774981705,1.89506064995,0.37473467239,1.007452271,3.122810467,2.03768396541,0.485739204565,4.55980973263,0.934846341424,5.49595347681,18.0,0.000267880343158,8.29313744447e-11,11.2175237535,12.1206618354,5.40496029367,5.40060721457,PF,3500
1626154,RJ,Hunter,5.8,7,BOS@BKN,BOS,BKN,,,3.0,3.5,13,0.226677580364,0.116354193038,1.32005338348,0.229373945428,0.108713473065,1.07255284008,0.286636784178,0.411505229947,1.18126631315,0.870044979584,0.341919973495,2.40282532615,0.168990190847,2.25100012351,8.0,7.99404301562e-09,7.00048488693e-21,4.40301279432,4.83878872369,3.33321892817,3.50109426378,SG,3500
203928,Cory,Jefferson,4.4,1,PHO@NO,PHO,NO,,,0.0,0.0,13,0.0,0.0,0.0,0.0,0.0,0.0,0.0,0.0,0.0,0.0,0.0,0.0,0.0,0.0,0.0,,,0.0,,0.782521726406,,PF,3500
201949,James,Johnson,9.3,10,TOR@LAC,TOR,LAC,,,3.2,3.25,13,0.506083551494,0.318861499638,0.283171306758,0.579850935635,0.298623379869,0.621189226314,0.253430704978,0.538220735187,0.919812606183,0.945536763433,0.0773305542869,1.66835806108,0.361183059218,2.32958714037,7.0,5.53492458405e-10,1.07184064905e-19,4.79885126908,5.15261754495,3.07897715002,2.75043511258,SF,3500
201578,Marreese,Speights,10.5,11,GS@DEN,GS,DEN,,,11.2,11.5,13,0.31275305226,0.212971962655,0.103314075081,0.896823170164,0.571575318396,0.954673803156,0.122170134026,0.482405221537,1.52624912155,1.33991871463,0.0166330286867,3.11371306934,0.704433238749,3.40090369669,6.0,1.66600275905e-07,3.16748361978e-19,5.88941119277,6.21524302386,4.28252642099,4.00536158598,PF,3500
1626146,Cliff,Alexander,4.8,4,POR@LAL,POR,LAL,,,0.0,0.0,13,0.0,0.0,0.0,0.0,0.0,0.0,0.0,0.0,0.0,0.0,0.0,0.0,0.0,0.0,0.0,,,0.0,,0.832064494268,,PF,3500
203080,Thomas,Robinson,9.9,13,BOS@BKN,BKN,BOS,,,14.6,14.75,13,0.302105583394,0.359694896364,0.012076647673,1.11111486045,1.31539682404,1.74656376996,0.343082791968,0.784832197711,3.061960594,1.46114374644,0.000295120839168,2.89548389432,0.564094165192,3.48667677891,10.0,4.90160868992e-05,6.41789828406e-16,8.23491104576,8.78064625886,4.34284521461,3.98491356982,PF,3500
1626164,Devin,Booker,5.8,9,PHO@NO,PHO,NO,,,19.4,20.0,13,0.677702862011,0.434699388314,1.60946347392,1.23662115903,0.202965545516,1.6797008241,0.501347070366,0.86204986068,1.88266636962,2.70074923924,0.892228079253,5.52494632674,0.900869213086,7.19459577081,16.0,9.60687254129e-06,3.13770010631e-14,11.4803927641,12.4516794628,6.43139434202,6.55553579719,SG,3500
2571,Leandro,Barbosa,11.2,11,GS@DEN,GS,DEN,,,13.7,14.75,13,2.08888700877,0.137655101365,2.11632735346,1.15358309335,0.532402741306,0.532402741306,0.961550548886,0.874579659168,1.06480548261,3.2112035465,0.820797261984,7.2675611271,0.826063608235,8.06926796323,18.0,2.81996045144e-05,7.72580781971e-12,13.8041966969,14.705167731,7.6869955497,7.79405397613,SG,3500
1626192,Pat,Connaughton,1.3,4,POR@LAL,POR,LAL,,,0.0,0.0,13,0.0,0.0,0.0,0.0,0.0,0.0,0.0,0.0,0.0,0.0,0.0,0.0,0.0,0.0,0.0,,,0.0,,0.799435041475,,SG,3500
203508,Sergey,Karasev,2.9,4,BOS@BKN,BKN,BOS,,,3.6,3.75,13,0.655449215163,0.0326315540468,1.06021877682,0.738960811453,0.265692241776,0.475714330316,0.341067955565,0.500015901593,0.741406572092,0.86487288428,0.276453842449,2.25932563119,0.609076239032,2.61527585004,10.0,1.85645208941e-10,3.14850927709e-19,4.73552067693,5.16082587783,3.24439274403,3.30837582879,SF,3500
203512,Lucas,Nogueira,3.5,2,TOR@LAC,TOR,LAC,,,0.0,0.0,13,0.0,0.0,0.0,0.0,0.0,0.0,0.0,0.0,0.0,0.0,0.0,0.0,0.0,0.0,0.0,,,0.0,,0.837944180257,,C,3500
201603,Sonny,Weems,4.0,8,PHO@NO,PHO,NO,,,0.0,0.0,13,0.0,0.0,0.0,0.0,0.0,0.0,0.0,0.0,0.0,0.0,0.0,0.0,0.0,0.0,0.0,,,0.0,,0.723405918714,,SF,3500
101179,Ronnie,Price,9.4,10,PHO@NO,PHO,NO,,,0.0,0.0,13,0.850875110831,0.0532202509597,0.857387818718,0.289268581552,0.0897555862426,0.241374409753,0.406064812036,0.330130851507,0.331129995995,0.558887766763,0.294608485111,1.43413170065,0.236581667225,1.64896568586,6.0,1.65818825609e-10,4.38468030389e-21,3.91107362179,4.23999979015,2.65034109285,2.82873280827,PG,3500
201600,Omer,Asik,7.8,6,PHO@NO,NO,PHO,,,5.8,6.5,13,0.317919534588,0.415791737548,4.08539357094e-05,1.79265702976,1.36227967845,2.62016640259,0.240701669402,0.876873533037,3.98244608104,1.01686945426,1.93419326107e-06,2.18469987664,1.09281887335,3.12655971606,15.0,0.00017307636598,5.4524928571e-15,8.81848759605,9.45630724827,3.63755728799,3.36565905529,C,3500
200745,Andrea,Bargnani,7.5,13,BOS@BKN,BKN,BOS,,,16.6,17.25,13,0.678877857057,0.534592041419,1.00784307201,2.04738765411,1.06484631719,1.29145320219,0.101081910023,1.10902332942,2.35629951939,4.02898342978,0.323024998724,9.35887602079,1.74784388742,10.1288357457,21.0,0.000107490662761,3.67579055528e-13,14.137036528,14.9710369041,9.8912993646,9.64378284485,C,3500
1626273,Marcelo,Huertas,9.9,7,POR@LAL,LAL,POR,,,0.0,0.0,13,0.0,0.0,0.0,0.0,0.0,0.0,0.0,0.0,0.0,0.0,0.0,0.0,0.0,0.0,0.0,,,0.0,,0.975955804207,,PG,3500
2570,Kendrick,Perkins,9.5,3,PHO@NO,NO,PHO,O,Pectoral,0.0,0.0,13,0.0,0.0,0.0,0.0,0.0,0.0,0.0,0.0,0.0,0.0,0.0,0.0,0.0,0.0,0.0,,,0.0,,0.785342715413,,C,3500
101109,Raymond,Felton,14.5,13,DAL@OKC,DAL,OKC,,,9.2,9.25,13,2.13582328802,0.13251496489,1.70458610139,1.16163523233,0.291824121478,0.947578630638,0.5378100972,1.06662789527,1.23940275212,2.38867226553,0.438697986723,6.0609190006,0.973525743642,6.18956826143,18.0,1.93108317231e-05,1.4698283342e-11,11.1546087249,11.9692707698,6.38263205107,6.35934607822,PG,3500
201571,D.J.,Augustin,11.9,13,DAL@OKC,OKC,DAL,,,9.2,9.75,13,2.05054692043,0.0400482773173,1.56781567649,1.25292597658,0.14852611641,0.66152163077,0.451518959969,1.08594650575,0.810047747181,1.62083564337,0.614865735735,3.84438813198,0.957045072834,4.81358209531,13.0,7.53863226578e-06,1.21743803172e-13,8.75864774139,9.64956755744,4.86225779224,5.07061023622,PG,3500
