NBA_ID,First Name,Last Name,FPPG,Played,Game,Team,Opp,Status,Injury Details,Actual_FD,Actual_DK,Actual_MIN,AST,BLK,FG3A,FTA,OREB,DREB,STL,TOV,REB,FGM,FG3M,FGA,FTM,PTS,MIN,DD,TD,FD,DK,FD_std,DK_std,fd_Pos,fd_Salary
201939,Stephen,Curry,50.0,9,GS@MIN,GS,MIN,,,59.0,64.75,7,7.04838678251,0.322407192346,11.1489704828,6.62596093355,0.517703229535,3.85322805295,2.74695519741,3.51640499503,4.37093128249,10.9471248544,5.22715911624,21.1839799417,6.07351439603,33.1949232212,38.0,0.188880716305,0.00259637374622,51.6349407184,56.5163795338,21.695831627,23.9910368734,PG,10700
201933,Blake,Griffin,45.5,8,LAC@PHO,LAC,PHO,,,22.6,22.75,7,2.00915830893,0.223423101407,0.165387688172,3.1556928498,0.965679069617,2.49914894821,0.360395973809,0.887698897061,3.46482801783,4.56871988406,0.0236382439072,8.45682699751,2.421604677,11.582682689,16.0,0.00231248295341,1.09916593448e-07,19.0341530272,19.6665320528,10.0744303369,9.57110966373,PF,10200
101108,Chris,Paul,31.7,7,LAC@PHO,LAC,PHO,,,0.0,0.0,7,0.0,0.0,0.0,0.0,0.0,0.0,0.0,0.0,0.0,0.0,0.0,0.0,0.0,0.0,0.0,,,0.0,,0.990283248346,,PG,9100
202339,Eric,Bledsoe,37.9,7,LAC@PHO,PHO,LAC,,,47.5,54.5,7,6.42858276356,0.605387699554,3.73504780142,6.1199507219,0.64846663199,2.65996675047,1.95230238219,3.50659447687,3.30843338246,7.30054732295,1.28883468858,15.6537277376,4.82927468405,20.7192040185,35.0,0.116904857178,0.000260696766131,35.9409839094,38.6802595373,15.1722930579,15.2537094465,SG,8300
202355,Hassan,Whiteside,36.2,8,UTA@MIA,MIA,UTA,,,35.8,37.5,7,0.273627344749,3.60705404133,0.0148708712771,3.30288194614,3.09388042678,6.78636054782,0.684871911939,1.89845332195,9.8802409746,6.0879659414,0.00409557180522,10.0039100708,1.7651920312,13.9452194858,29.0,0.45597563825,0.00184417954934,32.897348257,35.0321307486,11.8269750228,11.2087688354,C,8300
201599,DeAndre,Jordan,33.0,8,LAC@PHO,LAC,PHO,,,24.3,25.25,7,0.769145729268,2.42806946974,0.0131522738335,5.31948539758,2.84635790813,6.85832389959,0.404144278525,1.24497679801,9.70468180772,3.47038716572,0.00328777527625,4.87515745938,1.93978296453,8.88384507124,27.0,0.255539264513,5.63912517568e-05,26.1026325329,27.5954769805,7.25782336319,6.57534936877,C,8000
2547,Chris,Bosh,35.0,8,UTA@MIA,MIA,UTA,,,45.6,48.0,7,1.94805776688,1.01686855727,4.61137135283,5.75998841662,1.26529740108,6.39277887231,0.980646687122,1.41316158187,7.65807627339,7.41794562618,1.77488126106,16.2152206882,4.54448651241,21.1552590258,36.0,0.238190427167,8.96908030608e-06,35.8489061111,38.1831438943,15.4964242052,15.8649708907,PF,8000
203110,Draymond,Green,31.0,9,GS@MIN,GS,MIN,GTD,Illness,56.6,60.5,7,6.25557709292,1.39401037511,3.92909953426,2.71360100492,1.54590806019,4.8119044514,1.5922622458,2.31803177438,6.35781251159,4.59182695227,1.59379317547,9.92380510616,1.93001536529,12.7074624453,35.0,0.168166357855,0.0088239402602,33.374716566,35.9272410241,10.3093037053,10.8594044554,PF,7800
202324,Derrick,Favors,32.9,7,UTA@MIA,UTA,MIA,,,61.4,64.0,7,1.83175897842,2.20401502788,0.0390579981887,6.15794343531,3.68796372103,6.31827041043,2.27067912364,1.90822983214,10.0062341315,8.33481461693,0.00640678312355,16.2638509411,4.04510134269,20.7211373597,40.0,0.535833696827,0.000136486346964,42.517415256,44.7792052744,18.0853802075,17.6226513622,PF,7800
203497,Rudy,Gobert,31.8,7,UTA@MIA,UTA,MIA,GTD,Ankle,0.0,0.0,7,0.0,0.0,0.0,0.0,0.0,0.0,0.0,0.0,0.0,0.0,0.0,0.0,0.0,0.0,0.0,,,0.0,,1.05033541295,,C,7700
201937,Ricky,Rubio,34.4,6,GS@MIN,MIN,GS,GTD,Hamstring,0.0,0.0,7,0.0,0.0,0.0,0.0,0.0,0.0,0.0,0.0,0.0,0.0,0.0,0.0,0.0,0.0,0.0,,,0.0,,1.0641999083,,PG,7400
203952,Andrew,Wiggins,26.4,6,GS@MIN,MIN,GS,GTD,Knee,27.9,29.0,7,2.18650146153,0.512869698301,2.25809922864,6.32813430502,1.73690455023,1.84752637647,0.69077932656,2.30342141273,3.5844309267,6.95793358246,0.827597883482,16.7768003603,4.51444552236,19.2579105708,35.0,0.00390120214375,3.65602120185e-07,26.9428565121,28.6934406066,16.4883626015,16.3713626238,SF,7200
1626157,Karl-Anthony,Towns,35.3,7,GS@MIN,MIN,GS,,,27.2,31.75,7,1.3032868226,2.33408723242,0.679388261962,3.36728322539,2.41013557567,7.52979163707,0.644338717516,2.01564006841,9.93992721274,6.35065071636,0.181717458661,13.303829266,2.83505247214,15.7180713635,30.0,0.491444067513,8.00661746688e-05,33.5421260842,35.8752075082,14.2779697953,13.9010925508,C,7100
2548,Dwyane,Wade,29.1,8,UTA@MIA,MIA,UTA,,,0.0,0.0,7,0.0,0.0,0.0,0.0,0.0,0.0,0.0,0.0,0.0,0.0,0.0,0.0,0.0,0.0,0.0,,,0.0,,0.873847797362,,SG,6900
202691,Klay,Thompson,25.2,9,GS@MIN,GS,MIN,,,20.4,24.0,7,2.96592573881,0.994359243057,7.59727327767,2.12950279023,0.402787985499,3.10191155911,1.05961736435,2.40853154581,3.50469954461,7.98141933548,3.14948347836,17.5892509741,1.95927024142,21.0715923907,37.0,0.00425338258769,3.3096942458e-06,31.4255421215,34.3861746138,16.9033272421,18.2239094604,SG,6800
202688,Brandon,Knight,30.5,7,LAC@PHO,PHO,LAC,,,44.4,48.0,7,4.69260994056,0.524571194863,6.33054163506,2.8434913986,0.560765912218,2.25399473642,1.22771710248,3.0648567496,2.81476064863,7.06507789811,2.44226467331,15.9754973226,2.43017221626,19.0025926858,34.0,0.0217578100308,1.45030214062e-05,29.8589402201,32.7859191881,15.2258544025,16.1788250919,PG,6700
202330,Gordon,Hayward,24.2,7,UTA@MIA,UTA,MIA,,,39.7,42.75,7,3.61602612336,0.337870209738,4.28390154815,6.37960547968,0.815697277602,2.92149393825,1.10022644841,2.58681468129,3.73719121585,6.50319588263,1.41788717798,15.7609488453,5.04491923051,19.4691981738,38.0,0.00909840278738,2.09709097376e-05,29.6672454528,31.8701664602,14.8680066366,15.1605177586,SF,6600
202693,Markieff,Morris,23.4,7,LAC@PHO,PHO,LAC,,,9.4,10.0,7,0.364651961666,0.108758840492,0.584134452551,0.550059476119,0.301397420397,0.602758869035,0.203794144998,0.410398096748,0.904156289432,1.23082994131,0.175241675131,3.04015983659,0.408010661867,3.04491221961,6.0,1.36184076184e-09,1.12407450022e-20,4.89158558365,5.22961328611,3.90752987133,3.77142101794,PF,5800
2199,Tyson,Chandler,22.5,7,LAC@PHO,PHO,LAC,,,21.1,22.0,7,0.790204876089,0.825724054987,0.0730106455586,3.40356556138,3.21868965701,5.8314719739,0.797457814647,1.25910241129,9.05016163091,2.71927071878,0.0,4.85908845572,2.38045182627,7.81899326382,28.0,,,21.851755863,,6.72008769444,,C,5700
203897,Zach,LaVine,19.5,7,GS@MIN,MIN,GS,,,16.9,18.0,7,4.4053249662,0.0692322067006,2.273567806,2.81662419649,0.581001957298,1.64562554433,0.904676886498,3.03713854837,2.22662750163,4.3247097845,0.684140045665,10.2687780048,2.46699677859,11.8005563933,26.0,0.0111752195039,1.23307344153e-06,19.9911764825,21.9799136831,10.2299127963,10.1845718449,SG,5600
201609,Goran,Dragic,19.6,8,UTA@MIA,MIA,UTA,,,23.6,25.75,7,4.63006845244,0.316684587796,3.12230269525,2.79671441357,0.712270825836,2.24442779106,0.950455901133,2.54398687838,2.9566986169,5.35064860587,0.928849922704,11.7392480067,2.28503849851,13.9151856329,35.0,0.018035057799,1.70313158966e-05,24.3986207514,26.3099777634,11.4782820899,11.5026457001,PG,5600
202692,Alec,Burks,23.8,7,UTA@MIA,UTA,MIA,,,29.6,32.75,7,3.14246146517,0.0880459686049,2.52479949682,5.89461958771,0.772607269463,2.50533404266,0.925949929981,2.38356544438,3.27794131212,5.96379210282,1.29670440554,13.4527920076,4.85658376057,18.0808723718,35.0,0.00349313110597,3.10580327282e-06,26.3725204968,28.3818015015,13.4142951624,13.4658306999,SG,5500
101106,Andrew,Bogut,20.1,3,GS@MIN,GS,MIN,,,21.2,22.0,7,2.19597770456,1.40662001565,0.000222414626009,0.625601162865,2.08805200615,2.84909435349,0.486429063417,1.51234554062,4.93714635965,2.6656451908,0.000146120130689,4.76143890023,0.314285184792,5.64572168651,21.0,0.00512443465063,5.19460079118e-07,17.1380164924,18.1488078511,6.35573473825,5.86627103421,C,5400
2736,Luol,Deng,18.6,8,UTA@MIA,MIA,UTA,,,13.1,14.25,7,1.40829107535,0.289668074162,2.85691125985,1.88871850388,1.10616160125,2.09165241466,0.874322916407,0.999028500723,3.19781401591,3.84584830151,0.991520834608,8.5175411902,1.36534207171,10.0485595093,27.0,0.00105296125357,2.52383915428e-09,17.3273264219,18.4840712398,8.79556436968,8.99041412795,SF,5300
203504,Trey,Burke,19.5,7,UTA@MIA,UTA,MIA,,,16.6,16.75,7,3.11468415196,0.078495934906,4.02846178277,1.54891689506,0.325123878065,1.48689686085,1.04039548276,1.67980873233,1.81202073892,5.01279834729,1.59542809968,11.906854223,1.36174611649,12.9827709108,27.0,0.00115902771755,2.36119748714e-08,20.3871961284,22.1171541938,11.4923411948,11.9962283453,PG,5300
203084,Harrison,Barnes,24.7,9,GS@MIN,GS,MIN,,,23.3,25.0,7,2.43265185939,0.349917700554,3.5456703739,3.04110683898,1.28562779688,3.3093906321,0.991782982959,1.2141757036,4.59501842897,5.56416981524,1.20930905624,11.467048185,2.55876515231,14.896413839,35.0,0.017295721836,3.83331612291e-06,25.5286394063,26.9960877904,11.3912844944,11.5466848317,SF,5100
2755,Kevin,Martin,20.6,6,GS@MIN,MIN,GS,,,28.8,29.5,7,1.89950536249,0.0125882722041,3.50007960066,5.56689204669,0.336370586264,1.2382546438,0.47840868227,1.70250494888,1.57462523007,5.29432990781,1.25070778371,12.5173345136,4.81846130683,16.6578289062,28.0,3.42951598558e-05,1.77235249831e-10,20.676126186,22.2315152571,12.2163435576,12.4561353914,SG,5000
200755,J.J.,Redick,18.5,8,LAC@PHO,LAC,PHO,O,Back,0.0,0.0,7,0.0,0.0,0.0,0.0,0.0,0.0,0.0,0.0,0.0,0.0,0.0,0.0,0.0,0.0,0.0,,,0.0,,0.554330052762,,SG,4800
201593,Nikola,Pekovic,23.5,31,GS@MIN,MIN,GS,O,Achilles,0.0,0.0,7,0.0,0.0,0.0,0.0,0.0,0.0,0.0,0.0,0.0,0.0,0.0,0.0,0.0,0.0,0.0,,,0.0,,0.771302157252,,C,4800
2738,Andre,Iguodala,22.6,9,GS@MIN,GS,MIN,,,18.8,19.5,7,3.80348563031,0.281326688606,3.1102338126,1.72397140244,0.967346047057,2.32858156899,1.50530095203,1.00189757187,3.29592761605,3.58687849876,1.19869329805,7.57430662316,1.03476491876,9.40721521433,30.0,0.00435506207657,6.90664693054e-06,21.6389145084,22.9105596373,8.26843884056,8.63698082612,SF,4700
202357,Nemanja,Bjelica,22.8,7,GS@MIN,MIN,GS,,,25.3,26.25,7,3.31594488521,0.465667932301,3.99971524904,2.71948842832,1.29866220893,6.81778829972,0.858552715093,1.55792440018,8.11645050864,3.08522818255,1.63193214879,6.86507300637,1.74097905818,9.54336757205,33.0,0.165979111738,0.000373376033623,25.3475424048,27.5983820005,8.4063454993,9.26767243752,SF,4600
203918,Rodney,Hood,21.5,7,UTA@MIA,UTA,MIA,,,18.7,19.75,7,3.49808075171,0.57796890712,6.33098548327,2.56214078265,0.44877763054,1.7014827311,1.41991007616,1.86269355482,2.15026036164,5.90344769166,1.88068796747,14.1881596386,2.17090354302,15.8584868938,38.0,0.00305469400222,2.57530945073e-07,25.8189848671,27.8027714599,13.485180042,14.3840963478,SG,4500
2037,Jamal,Crawford,14.5,8,LAC@PHO,LAC,PHO,,,23.2,26.25,7,2.08587527051,0.0901052366661,4.11817271788,3.65867216509,0.261317521456,0.810460520655,0.86456840408,1.3732996954,1.07177804211,4.4648607273,1.2042868656,11.3673898184,3.35092254376,13.484930864,25.0,5.4552635666e-05,1.29566354838e-11,18.4359250064,19.778389018,10.8715152115,11.2963047649,SG,4400
203105,Festus,Ezeli,21.1,9,GS@MIN,GS,MIN,,,16.9,17.0,7,0.620294579878,1.20348253454,0.00284384064234,2.35094769682,1.75711390492,2.52380581161,0.259864400976,0.893268258614,4.28091971653,2.43596172297,0.000783217126231,4.3380479041,1.37263173548,6.24533839854,16.0,0.00293264255263,1.73769793518e-09,14.3463095406,15.0117802333,6.110370791,5.64491751234,C,4300
201574,Jason,Thompson,6.2,5,GS@MIN,GS,MIN,,,0.0,0.0,7,0.0,0.0,0.0,0.0,0.0,0.0,0.0,0.0,0.0,0.0,0.0,0.0,0.0,0.0,0.0,,,0.0,,0.786477605736,,PF,4300
2746,Josh,Smith,13.2,8,LAC@PHO,LAC,PHO,,,13.1,13.25,7,2.04136559714,1.31557399886,2.09635933553,2.0904810163,1.33612373356,2.25870920512,0.464681062723,1.7233564478,3.59483293867,2.95751748482,0.655283926199,7.50094832422,1.111342571,7.68166146683,19.0,0.00155698709263,8.64483647596e-08,16.8946630643,18.2660606382,7.69913523445,7.77889609638,PF,4200
203476,Gorgui,Dieng,13.7,7,GS@MIN,MIN,GS,,,18.8,19.5,7,0.770138815939,0.812384716989,0.0253344377443,1.47637428395,1.51440869267,2.42887973706,0.75404611766,1.21480861419,3.94328842973,2.4044292743,0.00528730478486,4.73183743417,1.18737305192,6.0015189053,18.0,0.00156412584947,5.45202530294e-11,13.8067263,14.6162848699,6.24800366878,5.84319744675,C,4100
203458,Alex,Len,13.7,7,LAC@PHO,PHO,LAC,,,5.8,6.5,7,0.356458727269,0.86246949834,0.0240962374508,2.14653862183,1.95070304211,2.9438165716,0.56379719278,1.53538766273,4.89451961371,2.3830772139,0.00726419691397,5.22343450912,1.45503373096,6.22845235568,19.0,0.00652405271584,1.90968086607e-10,13.9537097025,14.9795476927,6.6332727261,6.29820448534,C,4100
200782,P.J.,Tucker,12.2,7,LAC@PHO,PHO,LAC,,,20.2,21.0,7,1.4070827311,0.133470637519,3.08360162326,1.62758201364,1.45738898409,2.84275651347,1.40036159486,1.07837824372,4.30014549756,2.81454372598,1.10528768247,6.49413013289,0.966550900694,7.70092603513,31.0,0.00501670359538,2.3087854192e-08,16.9610109499,18.2753763125,7.32545356549,7.80618626694,SF,4100
2405,Amar'e,Stoudemire,5.6,1,UTA@MIA,MIA,UTA,GTD,Knee,0.0,0.0,7,0.0,0.0,0.0,0.0,0.0,0.0,0.0,0.0,0.0,0.0,0.0,0.0,0.0,0.0,0.0,,,0.0,,0.764982710592,,PF,3900
202344,Trevor,Booker,12.5,6,UTA@MIA,UTA,MIA,,,6.6,7.25,7,0.762622917435,0.437133231434,0.630152196013,0.78425770853,1.45428761532,1.87114753292,0.446545897794,0.732077906695,3.32543514824,1.77009402589,0.197229326675,4.51840971505,0.456974004494,4.19439138295,16.0,0.000192740646618,1.79083062917e-12,10.3641282887,10.9953427738,5.21794292314,5.05885396929,PF,3900
204020,Tyler,Johnson,14.7,7,UTA@MIA,MIA,UTA,,,29.3,31.5,7,2.32882884051,0.658559119329,2.10585433453,2.1809074896,0.879680657533,2.0273372805,1.2487013338,1.51560080959,2.90701793804,4.00232704832,0.928052346605,8.21447622032,1.48472397755,10.4174304208,29.0,0.00065190466993,8.81088973365e-08,19.6980153039,21.0661709002,8.78340835652,8.80356152086,PG,3800
203933,T.J.,Warren,15.6,7,LAC@PHO,PHO,LAC,,,19.2,21.75,7,0.807484008582,0.256611552997,1.26170202224,1.46678538298,1.38531330097,2.20495073031,0.667340011252,1.22223006571,3.59026403128,4.97090160181,0.401364391466,9.80131167579,1.05928676897,11.4024543641,25.0,0.00279691332162,5.107052362e-11,17.5476702773,18.5431760775,10.4552160563,10.0967723204,SF,3800
1626159,Justise,Winslow,15.6,8,UTA@MIA,MIA,UTA,,,14.5,14.75,7,1.45466334757,0.265770506,1.63733971287,1.06285827754,1.07485542321,3.39544750347,0.668351224842,1.20069547152,4.47030292668,2.95168457145,0.373139096323,6.83223060815,0.788676972735,7.06518521197,27.0,0.00531265336294,1.66919004035e-08,15.2790917355,16.2974931959,7.1812520246,7.01394573273,SF,3700
2571,Leandro,Barbosa,11.7,9,GS@MIN,GS,MIN,O,Personal,0.0,0.0,7,0.0,0.0,0.0,0.0,0.0,0.0,0.0,0.0,0.0,0.0,0.0,0.0,0.0,0.0,0.0,,,0.0,,0.78960044685,,SG,3700
708,Kevin,Garnett,12.1,6,GS@MIN,MIN,GS,,,8.0,8.75,7,0.987007398387,0.240292967749,0.0509518963846,0.615253576317,0.467954525435,1.82870835726,0.524253631573,0.465263507162,2.2966628827,1.39061825365,0.00687963118525,3.20945923207,0.37337516026,3.16149129874,12.0,3.89053174355e-06,3.85621253095e-13,8.46182754704,8.81273809615,4.36642787404,4.08148918127,PF,3700
1718,Paul,Pierce,14.2,8,LAC@PHO,LAC,PHO,,,13.2,13.75,7,1.49806930428,0.117160627983,3.26491380864,1.94798609453,0.322674494812,2.30762311151,0.57379011746,0.802166168754,2.63029760632,2.32162164971,1.01681703763,5.71674128207,1.554409757,7.21447009405,20.0,0.000141305942969,5.67072155388e-10,13.1976665002,14.2388849443,6.81250383878,7.37243864531,SF,3700
201177,Josh,McRoberts,8.6,8,UTA@MIA,MIA,UTA,,,8.8,9.0,7,2.23443596343,0.154092900235,1.45517561658,0.777239379432,0.678147137101,1.17654409661,0.59982303062,1.09695088243,1.85469123371,1.52553099491,0.472717850623,3.49428122407,0.561060197291,4.08484003774,18.0,1.1860355713e-05,2.4247662414e-10,10.0730044426,10.9505911621,4.50687175054,4.59893834025,PF,3600
202332,Cole,Aldrich,0.5,2,LAC@PHO,LAC,PHO,,,6.8,7.0,7,0.44124931118,0.449976732811,0.00134091007361,0.440678418512,0.698714878681,0.769548638113,0.228009327755,0.420795695131,1.46826351679,0.965806712589,0.000369300038136,1.94658431982,0.347310965729,2.27929369095,7.0,2.567960224e-08,2.92969527398e-18,5.63826030387,5.92225601581,3.29189916616,2.98358820104,C,3600
101123,Gerald,Green,10.6,3,UTA@MIA,MIA,UTA,O,Suspension,0.0,0.0,7,0.0,0.0,0.0,0.0,0.0,0.0,0.0,0.0,0.0,0.0,0.0,0.0,0.0,0.0,0.0,,,0.0,,0.587259530617,,SG,3600
202325,Wesley,Johnson,7.7,8,LAC@PHO,LAC,PHO,,,18.6,20.75,7,0.946076421301,0.467180153026,3.18895073593,1.20591991984,0.592451026749,1.63663243348,0.639296575379,0.63145543439,2.22908346023,3.43563674588,1.18078538989,7.25825755172,0.897131118483,8.94919000012,24.0,5.63745437546e-05,3.89028518594e-12,14.6247028068,15.6423619538,7.99736033037,8.39617628956,SF,3600
203940,Adreian,Payne,9.7,4,GS@MIN,MIN,GS,,,0.0,0.0,7,0.0483022009449,0.0149844084648,0.026387989566,0.0602514483499,0.060455291071,0.0991281108955,0.0263466036949,0.0659628144975,0.159583401966,0.136977619151,0.0147568956575,0.294999927918,0.0432463871181,0.331958521077,1.0,1.64338550324e-20,3.00338466929e-40,0.612611114676,0.660950139852,1.23733684231,1.15202047155,PF,3600
1626145,Tyus,Jones,5.7,1,GS@MIN,MIN,GS,,,0.0,0.0,7,0.0808727703854,0.0159621437088,0.0835009927266,0.104582317429,0.0334506560555,0.118482710468,0.0343414566033,0.0503938514545,0.151933366524,0.136973800357,0.0206516423117,0.341460345378,0.0735260732694,0.368125316296,1.0,1.59577759256e-20,4.8815085608e-38,0.721967860872,0.765087276081,1.291013637,1.22843608702,PG,3500
203546,Ian,Clark,5.8,5,GS@MIN,GS,MIN,,,8.7,9.75,7,0.353400139128,0.0526206959116,0.673673498495,0.248020517831,0.0900537903542,0.173137382507,0.154012222676,0.25252179938,0.263191172861,0.543698071944,0.233644382519,1.37018256454,0.214612793424,1.53565331983,4.0,2.90909079386e-14,9.57414618707e-27,2.54232697375,2.79856962335,2.46673133883,2.56648930261,SG,3500
204060,Joe,Ingles,11.3,7,UTA@MIA,UTA,MIA,,,4.4,4.5,7,0.93264047552,0.0694013429429,1.24325226884,0.2072392843,0.109565583842,0.682326281913,0.334222843766,0.320930051496,0.791891865755,0.983498231817,0.473497172174,2.13042967136,0.170527024575,2.61102066038,10.0,1.97354938748e-09,2.10773034019e-17,5.44656993449,5.88337814257,3.49544437571,3.70870126704,SF,3500
203141,Mirza,Teletovic,4.6,7,LAC@PHO,PHO,LAC,,,13.7,14.75,7,1.08866128922,0.230116143483,4.18951743153,0.725042044377,0.57024699088,1.0106979859,0.435469604497,0.803755126688,1.58094497678,2.3318978921,1.3939406514,6.51824058801,0.467796485097,6.52553292069,18.0,1.92807118285e-06,4.47193113317e-13,10.5830751959,11.7609732259,7.69034656295,8.64885427672,PF,3500
203912,C.J.,Wilcox,2.8,21,LAC@PHO,LAC,PHO,,,0.0,0.0,7,0.0,0.0,0.0,0.0,0.0,0.0,0.0,0.0,0.0,0.0,0.0,0.0,0.0,0.0,0.0,,,0.0,,0.729975285981,,SG,3500
202353,Tibor,Pleiss,1.6,2,UTA@MIA,UTA,MIA,,,0.0,0.0,7,0.0,0.0,0.0,0.0,0.0,0.0,0.0,0.0,0.0,0.0,0.0,0.0,0.0,0.0,0.0,,,0.0,,0.836696595705,,C,3500
2365,Chris,Andersen,2.9,2,UTA@MIA,MIA,UTA,,,0.0,0.0,7,0.0,0.0,0.0,0.0,0.0,0.0,0.0,0.0,0.0,0.0,0.0,0.0,0.0,0.0,0.0,,,0.0,,0.79683328697,,C,3500
2419,Tayshaun,Prince,8.9,7,GS@MIN,MIN,GS,,,8.6,9.25,7,0.638266593796,0.114723330907,0.469241685265,0.577626352193,0.432383063121,0.909084853327,0.296337695367,0.323421706203,1.34146791645,1.34427093815,0.179282275029,3.00501637834,0.380993577283,3.24881772862,14.0,5.89921407929e-08,1.02204733838e-16,6.3146794654,6.63310494032,4.01335946118,3.83564874415,SF,3500
202720,Jon,Leuer,14.0,7,LAC@PHO,PHO,LAC,,,27.2,30.25,7,1.39558538367,0.32399797051,1.75550166641,1.67181178147,1.52871798441,3.46869939685,0.462712194823,0.891945537182,4.99741738126,3.7178426728,0.765618099757,8.39255063065,1.02206860074,9.2233720461,24.0,0.0168266466378,3.68028798218e-08,17.9951257726,19.0990185405,8.75053491042,8.73529336599,PF,3500
202362,Lance,Stephenson,11.9,8,LAC@PHO,LAC,PHO,,,22.0,24.25,7,3.61047717968,0.148704216584,2.41758458284,1.69312852598,1.00747136127,2.16089673766,0.735969103738,2.33433221098,3.16836809893,3.62914905688,0.67429833388,9.57041433861,1.09839267839,9.03098912603,30.0,0.0029535459695,3.45786317818e-06,17.6837610439,19.3509354139,9.23785974685,9.29669265037,SG,3500
2733,Shaun,Livingston,10.4,9,GS@MIN,GS,MIN,,,13.7,13.75,7,3.17196354076,0.281679143063,0.0819778616942,1.29806437432,0.6496131684,0.976392651049,0.703644195179,1.32663130598,1.62600581945,2.4958776719,0.000521932189687,5.00124449807,1.04166110139,6.03393837737,22.0,0.000356590737495,2.91051343144e-09,13.3871060424,14.1325178473,6.4204991375,6.01049744817,PG,3500
203950,Jarnell,Stokes,1.2,2,UTA@MIA,MIA,UTA,,,0.0,0.0,7,0.0,0.0,0.0,0.0,0.0,0.0,0.0,0.0,0.0,0.0,0.0,0.0,0.0,0.0,0.0,,,0.0,,0.875565325727,,PF,3500
1889,Andre,Miller,2.0,3,GS@MIN,MIN,GS,,,18.6,19.75,7,4.7532648729,0.0963614431127,0.488028547215,1.38406672256,0.754177963457,0.646811811909,0.703470003742,1.80452663699,1.40098977537,2.65321086382,0.114042930414,5.24050996931,0.994491647919,6.41495630598,22.0,0.00604213091573,1.36946089718e-08,15.0211776025,16.0595751124,6.45449782017,6.05830493738,PG,3500
203949,James Michael,McAdoo,4.7,8,GS@MIN,GS,MIN,,,0.0,0.0,7,0.0889542826165,0.0863801752281,0.0168706021898,0.374699187747,0.17980099735,0.246543882087,0.0646141566588,0.0911453100912,0.426344879437,0.306744190506,0.00464631612717,0.615288443566,0.193733957675,0.811868654813,2.0,3.16688541563e-15,4.46747187597e-32,1.66775728774,1.73697034483,1.78947359965,1.61226721526,PF,3500
2757,Beno,Udrih,11.7,8,UTA@MIA,MIA,UTA,,,6.1,6.75,7,2.9129644292,0.105452773493,1.21757303291,0.786942770381,0.23991186591,0.682952585062,0.457831079761,1.23600934174,0.922864450972,2.662514591,0.395513969046,5.82154768411,0.694234063175,6.41477721422,17.0,0.000232710845112,1.24729430128e-11,11.782219564,12.6444735082,6.52979167407,6.36143408178,PG,3500
203928,Cory,Jefferson,8.5,50,LAC@PHO,PHO,LAC,,,0.0,0.0,7,0.0,0.0,0.0,0.0,0.0,0.0,0.0,0.0,0.0,0.0,0.0,0.0,0.0,0.0,0.0,,,0.0,,0.782773145959,,PF,3500
201575,Brandon,Rush,5.6,5,GS@MIN,GS,MIN,,,0.0,0.0,7,0.0,0.0,0.0,0.0,0.0,0.0,0.0,0.0,0.0,0.0,0.0,0.0,0.0,0.0,0.0,,,0.0,,0.676150498112,,SG,3500
201578,Marreese,Speights,11.1,9,GS@MIN,GS,MIN,,,0.0,0.0,7,0.0,0.0,0.0,0.0,0.0,0.0,0.0,0.0,0.0,0.0,0.0,0.0,0.0,0.0,0.0,,,0.0,,0.874516834501,,PF,3500
203498,Shabazz,Muhammad,9.6,7,GS@MIN,MIN,GS,,,20.8,21.0,7,0.619882115822,0.142281459963,1.01781904853,3.16071316364,1.14618006154,1.64328773076,0.307794435177,0.938749382926,2.7894677923,3.695210846,0.286079255622,7.45685985938,2.30031297097,9.9768139186,19.0,0.000389061816045,5.12534303833e-13,14.2154008504,14.9678721521,8.44636011095,8.10636056695,SF,3500
1626183,Branden,Dawson,0.0,0,LAC@PHO,LAC,PHO,,,0.0,0.0,7,0.0,0.0,0.0,0.0,0.0,0.0,0.0,0.0,0.0,0.0,0.0,0.0,0.0,0.0,0.0,,,0.0,,0.845620626624,,PF,3500
203481,Jeff,Withey,0.0,1,UTA@MIA,UTA,MIA,,,0.0,0.0,7,0.0,0.0,0.0,0.0,0.0,0.0,0.0,0.0,0.0,0.0,0.0,0.0,0.0,0.0,0.0,,,0.0,,0.852666543515,,C,3500
202407,Elijah,Millsap,1.5,5,UTA@MIA,UTA,MIA,,,2.4,2.5,7,0.160141189189,0.0603345917959,0.261898389828,0.235415512097,0.0944156265113,0.137468317964,0.157938409426,0.196005216021,0.231883944475,0.259808210674,0.0759133951447,0.77080093558,0.160571829212,0.756101645705,3.0,2.6691612476e-17,1.27426106194e-31,1.51511494928,1.66266845209,1.67663615857,1.67283437556,SF,3500
203085,Austin,Rivers,13.5,8,LAC@PHO,LAC,PHO,,,15.4,16.5,7,2.4263461571,0.40370708375,3.42262700788,3.27229196961,0.443709446638,1.16933177056,1.28061331193,1.37459099009,1.6130412172,4.60022640548,0.921769674839,11.3517672112,2.12335618643,12.2455786722,34.0,0.000173773727148,1.45743534735e-09,19.8147971698,21.0438902281,10.870000577,11.0360549469,PG,3500
1626168,Trey,Lyles,3.6,7,UTA@MIA,UTA,MIA,,,7.0,7.75,7,0.869222881313,0.164241655075,1.05233500404,1.35305068519,1.76103831704,2.51596699363,0.503223223725,1.06167048223,4.27700531067,2.22964738954,0.305312437748,5.61920219879,0.917021226766,5.6816284436,18.0,0.00240361969617,7.46371268148e-11,12.3911284137,13.292075569,6.16901175791,6.04458966847,PF,3500
203143,Pablo,Prigioni,2.2,3,LAC@PHO,LAC,PHO,,,19.3,21.5,7,3.30423251133,0.0169356520824,3.61252599372,0.568305341487,0.673988536018,0.780715056146,1.58861240053,1.25047517084,1.45470359216,1.57721450939,1.07960735074,4.95594733029,0.486170646435,4.72020701595,23.0,0.000324749037554,3.1903955524e-09,13.3828210279,14.6210846015,6.32556084077,7.18604184836,PG,3500
1626164,Devin,Booker,7.0,4,LAC@PHO,PHO,LAC,,,1.5,1.5,7,0.0642781602426,0.0224580539189,0.0805624152108,0.0832727587167,0.0222016287993,0.106007825065,0.0347950146543,0.0546487773449,0.128209453864,0.158203572268,0.0301975415882,0.342830782754,0.0546544979074,0.401259184031,1.0,6.1448844112e-21,1.92542550425e-39,0.711385128833,0.760218760993,1.3361391199,1.2701050138,SG,3500
1626196,Josh,Richardson,2.5,2,UTA@MIA,MIA,UTA,,,11.6,12.75,7,1.29153188033,0.230739650007,1.95201520897,1.43505828997,0.448818965873,2.1516426018,0.633731023535,0.999583092454,2.60046156768,2.04791324638,0.67454424715,4.8611089192,1.00891052682,5.77928126674,21.0,7.8719089002e-05,8.69859643178e-11,11.5664912231,12.5336960502,5.68484758931,5.89037557439,SG,3500
204014,Damjan,Rudez,2.6,3,GS@MIN,MIN,GS,,,0.0,0.0,7,0.0523970478436,0.00496879000239,0.157336651466,0.0222154844433,0.0139383897322,0.0175259633799,0.0163585943205,0.0473939965508,0.0314643531121,0.111916538577,0.063997877467,0.247114807657,0.015768103583,0.303599058204,1.0,1.90640601748e-24,4.8324111657e-46,0.415212625798,0.472481780463,1.11513274848,1.1562575109,SF,3500
2617,Udonis,Haslem,5.2,3,UTA@MIA,MIA,UTA,,,0.0,0.0,7,0.0,0.0,0.0,0.0,0.0,0.0,0.0,0.0,0.0,0.0,0.0,0.0,0.0,0.0,0.0,,,0.0,,0.721661096248,,PF,3500
201603,Sonny,Weems,4.1,6,LAC@PHO,PHO,LAC,,,2.5,3.0,7,0.446693747914,0.0133094022052,0.251003263891,0.358047179379,0.145951833803,0.431593152677,0.157603509873,0.489914891962,0.57754498648,0.778053030734,0.0475808297754,1.8140856094,0.289737896291,1.89342478754,6.0,3.36420521165e-12,1.7999231916e-22,3.10843032538,3.40605543557,2.83667890638,2.61111342541,SF,3500
101179,Ronnie,Price,9.6,7,LAC@PHO,PHO,LAC,,,-0.5,0.5,7,0.599398764848,0.0258686185705,0.532780253051,0.189752880017,0.0534488877568,0.139290925117,0.277921530309,0.24921345835,0.192739812874,0.364672609387,0.179476954812,0.953853220121,0.16428685868,1.07310903226,4.0,1.47578036545e-12,8.92303296736e-25,2.5618617944,2.78584399162,2.09007639147,2.1888733529,PG,3500
201601,Luc Richard,Mbah a Moute,0.8,6,LAC@PHO,LAC,PHO,,,13.4,14.0,7,0.762752180447,0.142550982984,1.3280172537,1.22477855713,0.716971542633,0.639143971446,0.681607781867,0.647635180869,1.35611551408,1.86010272777,0.46060102689,4.71736203676,0.791174205972,4.9719806884,15.0,2.41236272921e-07,2.97761883106e-15,8.7441299248,9.36605416624,5.33213217896,5.37533972237,SF,3500
203526,Raul,Neto,10.0,7,UTA@MIA,UTA,MIA,,,2.5,3.0,7,1.79957808985,0.173922872309,2.04292845164,0.517833060853,0.43541709301,1.06733736774,0.684827390134,0.859113519715,1.50275446075,1.69629846589,0.642103204509,4.56344689583,0.364059933931,4.39876007021,16.0,2.59318606366e-06,8.8914014e-12,9.75981956305,10.585569538,5.2071614833,5.50747209825,PG,3500
203187,Chris,Johnson,3.0,5,UTA@MIA,UTA,MIA,,,0.0,0.0,7,0.0,0.0,0.0,0.0,0.0,0.0,0.0,0.0,0.0,0.0,0.0,0.0,0.0,0.0,0.0,,,0.0,,0.643585404083,,SG,3500
203462,Archie,Goodwin,7.3,4,LAC@PHO,PHO,LAC,,,1.2,1.25,7,0.502455333529,0.130429981633,0.514896841728,1.16744370172,0.283459887663,0.555671285922,0.198016012742,0.64022144435,0.839131173585,0.9847645851,0.141365994062,2.32862584052,0.797916997967,2.90881216223,7.0,5.06792417778e-10,9.00801403806e-20,4.68612311522,5.11887339387,3.41605271153,3.2676920787,PG,3500
