NBA_ID,First Name,Last Name,FPPG,Played,Game,Team,Opp,Status,Injury Details,Actual_FD,Actual_DK,Actual_MIN,AST,BLK,FG3A,FTA,OREB,DREB,STL,TOV,REB,FGM,FG3M,FGA,FTM,PTS,MIN,DD,TD,FD,DK,FD_std,DK_std,fd_Pos,fd_Salary
201566,Russell,Westbrook,51.9,11,NO@OKC,OKC,NO,,,65.8,68.25,0,10.1988253928,0.307493451662,5.34330109651,8.90093357167,2.19661533609,4.67138284715,2.21420195826,5.03770479296,6.86799818325,9.93091680682,1.80115218988,21.7734727264,7.26543668888,28.9284224924,36.0,0.717759143868,0.0879469601501,52.4739444284,57.5772524253,20.3135757187,20.5969758689,PG,11500
203076,Anthony,Davis,40.5,9,NO@OKC,NO,OKC,GTD,Shoulder,0.0,0.0,0,0.0,0.0,0.0,0.0,0.0,0.0,0.0,0.0,0.0,0.0,0.0,0.0,0.0,0.0,0.0,,,0.0,,0.987105862554,,PF,10900
202326,DeMarcus,Cousins,45.0,7,SAC@ATL,SAC,ATL,,,39.9,44.0,0,2.81783720832,1.39077701951,2.81096213357,10.7410115197,3.07769170994,6.5672922837,0.914917442159,3.67018780185,9.64498399364,8.85801274117,1.14835127586,19.9303495986,8.25571047894,27.1200872371,34.0,0.48620995085,0.000337202863351,43.8620249635,47.4838702369,19.8034406511,19.7165999361,C,10700
201142,Kevin,Durant,43.1,8,NO@OKC,OKC,NO,O,Hamstring,0.0,0.0,0,0.0,0.0,0.0,0.0,0.0,0.0,0.0,0.0,0.0,0.0,0.0,0.0,0.0,0.0,0.0,,,0.0,,0.850243910824,,SF,10300
201935,James,Harden,43.3,11,POR@HOU,HOU,POR,,,78.1,84.5,0,7.82550263532,0.979279252153,11.0088893142,13.9292433216,1.11719563832,5.00283574773,2.3229300315,5.59868284499,6.12003138605,9.57609228329,3.13690463507,24.6201590758,12.2294999744,34.5185891761,47.0,0.272260697258,0.0182268986453,54.6066165146,59.7434835658,22.5194395255,24.2058470455,SG,9900
203081,Damian,Lillard,40.1,12,POR@HOU,POR,HOU,,,27.6,31.25,0,7.24937167963,0.262461584563,8.42848567839,5.80939101461,0.736593349401,2.95770425846,1.34192214185,3.86520557905,3.69429760786,9.24874855748,3.08634161836,21.4015721429,4.98969560678,26.5735343401,41.0,0.199853072189,0.000936244695212,41.2243108628,45.1873876842,19.7550903358,21.0351797325,PG,9200
202331,Paul,George,41.1,11,IND@PHI,IND,PHI,,,57.1,61.0,0,3.62020007196,0.199822351953,5.7967679229,5.59215149742,1.33337763534,4.18228504923,1.50391157294,3.13900478492,5.51566268457,6.96683293123,2.37580548544,16.2811396517,4.68598690826,20.9954582562,32.0,0.0577014801436,0.000224303616384,33.3130166505,36.4334300509,15.4566435871,16.2810964692,SF,9200
200768,Kyle,Lowry,39.0,12,TOR@UTA,TOR,UTA,,,33.6,36.75,0,6.78592127448,0.530608664284,6.52254073421,6.26645147473,0.817151184382,3.27257149899,2.46548400449,3.25704671478,4.08972268337,6.41885848153,2.44454423993,15.6467559595,5.43027562587,20.7125368289,37.0,0.15500701219,0.001405059039,38.5342245834,41.8262318903,15.0786684883,16.1567353011,PG,8600
202695,Kawhi,Leonard,38.1,9,DEN@SA,SA,DEN,,,40.1,42.0,0,2.21131465584,1.25433996828,3.96910564126,3.30543286357,1.24696313192,5.49030438645,2.28075514371,1.53775061545,6.73726751837,8.87174115094,1.59151130813,17.3227032094,2.79562133813,22.1306149481,37.0,0.142343845107,3.42094416737e-05,39.0647475625,41.1798602962,16.5915627875,16.6475222585,SF,8500
202339,Eric,Bledsoe,38.4,10,CHI@PHO,PHO,CHI,,,40.7,43.0,0,6.88350708606,0.551579041836,4.72261533878,6.74892391722,0.664137259149,3.37654879353,2.21862550452,3.92800078603,4.04068605267,8.55766843198,1.68743737799,18.22102611,5.35304210958,24.1558163515,39.0,0.165802360208,0.00138191705841,40.9423085505,44.2049112266,17.2816287234,17.5230768045,SG,8400
200794,Paul,Millsap,36.8,13,SAC@ATL,ATL,SAC,,,54.7,58.0,0,3.55923395471,1.12918154713,3.29737749891,5.50170884496,2.20437680385,5.82491018159,2.10788027939,2.65277170212,8.02928698544,6.42266762548,1.21410914567,13.1944186918,4.14715524422,18.2065996408,35.0,0.279358464821,0.00104613955507,37.0019469064,39.7590277954,13.1886359662,13.250484988,PF,8300
202324,Derrick,Favors,35.1,10,TOR@UTA,UTA,TOR,,,34.7,36.75,0,1.54314484265,1.66121298246,0.0908222319651,4.68144437291,2.77840781636,5.63092827575,1.77040649814,1.65886439109,8.40933609211,6.84323361177,0.00426378411068,12.9626209365,3.08090495707,16.7716359647,32.0,0.31666394278,1.01146041341e-05,34.3819311094,36.1089882595,14.6950743727,14.2093622569,PF,8300
201572,Brook,Lopez,35.4,11,BKN@CHA,BKN,CHA,,,36.5,37.25,0,1.33176331671,2.34937294164,0.226094011912,5.41523386505,3.04790134761,4.98529443438,0.381123877212,1.94781730772,8.033195782,7.96275972741,0.00431632894429,16.3842687536,4.43395986089,20.3637956447,35.0,0.283438729171,4.86656871977e-05,35.5144518881,37.3174825863,17.8369714111,17.4051509409,C,8000
2730,Dwight,Howard,34.4,7,POR@HOU,HOU,POR,,,37.8,40.25,0,2.00962544174,2.23525152654,0.028611477907,7.06159350551,5.0631142309,8.00428072552,0.847233274327,3.88528084452,13.0673949564,7.64714484611,0.013122959157,12.6511523455,3.82936756168,19.1367802131,40.0,0.818745627366,0.000133442222844,40.1117810806,43.942871498,14.7868008275,14.1607576192,C,8000
203506,Victor,Oladipo,31.8,9,MIN@ORL,ORL,MIN,GTD,Concussion,10.6,11.25,0,2.23790662978,0.373485717061,2.43609694614,1.68936045371,0.328682824829,2.55189764323,0.907365541865,1.16432857779,2.88058046805,3.27375471281,0.69370604419,8.43451850451,1.34037601989,8.58159148971,20.0,0.000439602824002,4.45628893404e-08,16.7925219361,17.8662278084,8.35109700635,8.45338388139,SG,7900
2200,Pau,Gasol,33.0,10,CHI@PHO,CHI,PHO,,,31.1,33.0,0,2.14621120067,1.58570741808,0.403450900308,3.31757372902,2.03368644503,5.98844102478,0.588872164088,1.51480404446,8.0221274698,5.98815146259,0.0427995281298,12.5879906864,2.55443627885,14.5735387322,28.0,0.253539088977,2.26219052586e-05,30.2537636168,31.8140482758,13.7746054628,13.3695781466,PF,7900
201143,Al,Horford,34.6,13,SAC@ATL,ATL,SAC,,,21.7,23.25,0,3.08757650775,1.59830621502,2.6851289387,1.61357026088,2.1208388412,4.06074212698,0.76052411822,1.56343063374,6.18158096818,7.27987882948,0.984044652278,13.9862619444,1.41861524611,16.9624175574,32.0,0.0918233447713,0.000123839577141,32.1659095135,33.8868327408,13.846266132,13.6566370541,C,7800
202710,Jimmy,Butler,34.0,10,CHI@PHO,CHI,PHO,,,43.2,45.5,0,3.64386766623,0.845956346362,4.30950841802,8.4635697548,1.08094861315,4.37281846097,2.07857319319,1.88584790731,5.45376707412,7.66339779652,1.69516944778,16.8639529014,6.66341291942,23.6853779602,43.0,0.0553609772913,0.000226296423788,39.6589111203,41.8058285068,16.3384220648,16.6015051545,SG,7800
202696,Nikola,Vucevic,33.6,8,MIN@ORL,ORL,MIN,,,19.9,20.25,0,1.1003825064,0.693828934638,0.0134331638784,1.15188059503,1.3573826605,2.56016489593,0.395314743525,0.878549108364,3.91754755643,3.84562785942,0.00446656979329,7.60181574561,0.912316266311,8.60803855494,16.0,0.00334684968015,8.9940890943e-10,16.2594076302,16.9018131243,9.09520457334,8.65772973668,C,7800
201942,DeMar,DeRozan,34.2,12,TOR@UTA,TOR,UTA,,,26.6,27.75,0,4.14968185933,0.217673639985,1.40200500098,8.41229894533,0.622208182858,2.9172382691,1.26104596767,2.43096587926,3.53944645196,6.68519844053,0.280841813886,15.8896087062,6.86644101515,20.5176797101,35.0,0.01365912925,3.6313971309e-05,31.5160115775,33.0694853825,16.3556418682,16.0657909336,SG,7800
200746,LaMarcus,Aldridge,29.7,10,DEN@SA,SA,DEN,,,30.9,33.0,0,1.79143443112,0.913671335977,0.722387634081,4.40019121581,2.6921390211,5.62722110293,0.325584763163,1.70679999936,8.31936012403,6.62239392576,0.14157413086,14.9817332495,3.72484076053,17.1112027429,32.0,0.307921322495,5.75044857998e-06,30.5532987374,32.3553530438,15.7579637119,15.4184995243,PF,7700
203497,Rudy,Gobert,32.2,8,TOR@UTA,UTA,TOR,,,15.5,17.25,0,2.13112294761,3.55967375468,0.014828690174,4.42620952524,4.10169919252,7.32738085199,0.883593842535,2.51940470251,11.4290800445,4.03085276109,0.00246217459514,7.32293825015,2.61480795112,10.6789756479,39.0,0.476463318094,0.00179941235299,33.9576866147,36.5101672696,9.28884508647,8.83025834677,C,7700
200765,Rajon,Rondo,35.6,11,SAC@ATL,SAC,ATL,,,36.4,43.5,0,8.44422406832,0.0294220943079,1.77900019141,1.41809948332,1.20839006124,4.18603882961,1.66426186652,3.55725384373,5.39442889085,4.80122457452,0.495107485513,11.0827956355,0.523909963016,10.6214665976,31.0,0.2558074263,0.0106072728374,29.591231447,32.3026665141,11.1195769582,10.9455910728,PG,7600
202688,Brandon,Knight,33.9,10,CHI@PHO,PHO,CHI,,,29.6,32.75,0,5.59895767657,0.477186256409,6.66885877687,3.56680957236,0.790160955541,2.75051310953,1.5368896219,3.48812910387,3.54067406507,8.03716891077,2.57171450212,18.3830973391,3.05080111672,21.6968534404,38.0,0.0616152933975,0.000208829823156,34.8841214861,38.1841264219,17.0892272331,18.014398895,PG,7600
200752,Rudy,Gay,30.2,10,SAC@ATL,SAC,ATL,,,27.7,29.0,0,2.62636522897,0.270097095269,2.51886390993,3.45174550252,1.44645418929,3.20260810422,1.00781214813,2.05351677264,4.64906229351,6.38362121763,0.859412590983,14.333653079,2.8428153911,16.4694704173,29.0,0.019724634463,7.85549242445e-06,26.4901947272,28.2087230418,14.0447921634,13.9413997022,SF,7600
202738,Isaiah,Thomas,33.4,10,DAL@BOS,BOS,DAL,,,31.2,32.75,0,6.349581491,0.0315419192609,6.87227790654,6.23752901251,0.536457740438,1.32866121441,1.48316370468,2.74608138866,1.86511895484,7.18601484353,2.23930874886,17.1138995693,5.35750305426,21.9688414902,33.0,0.108735900811,3.24081518492e-06,34.0146863317,36.7637509219,16.0776993884,17.0321264466,PG,7500
201937,Ricky,Rubio,32.5,7,MIN@ORL,MIN,ORL,,,39.4,43.0,0,9.7615576243,0.110506381245,2.0992718882,4.89470251037,0.807069408111,3.40822648016,2.25717921814,2.66833196243,4.21529588827,3.92625446961,0.4388587731,11.0081674643,4.09869631666,12.390064029,35.0,0.41465034575,0.00465566085991,34.1577947677,36.5580974311,10.6796444284,10.6270476381,PG,7400
201587,Nicolas,Batum,29.7,11,BKN@CHA,CHA,BKN,,,39.2,42.75,0,4.89593867976,0.690599110787,6.02887504191,3.8276511698,1.22909715324,4.49794836949,1.22028283383,2.9858766389,5.72704552273,5.99822338311,2.47265641489,13.4722760912,3.32907638893,17.79817957,41.0,0.0893541468024,0.00176710777529,32.8504294673,36.0053808139,13.5330621096,14.6027415627,SF,7200
203457,Nerlens,Noel,28.0,9,IND@PHI,PHI,IND,,,3.6,4.75,0,1.1449183814,1.08162391809,0.00559505001177,2.2476424347,1.83882144065,3.88499357504,1.24730599785,2.15991462117,5.72381501569,3.26653645511,0.00154093068315,7.8469942334,1.39065036299,7.9252642039,24.0,0.0269318185709,3.81914758754e-08,19.0091650055,20.4164813747,9.04383240608,8.73949145791,PF,7200
201586,Serge,Ibaka,30.8,11,NO@OKC,OKC,NO,,,16.5,17.25,0,1.12340259482,2.56334403967,1.73765656609,1.67129537609,2.42313692299,4.4080828868,0.425382835912,1.30702133065,6.83121980979,5.76065611875,0.732508094027,12.3026283327,1.1191425267,13.3729628582,33.0,0.125333749555,4.21453351179e-05,27.9259629427,29.4754157059,12.5210746649,12.3378056248,PF,7200
201952,Jeff,Teague,31.1,11,SAC@ATL,ATL,SAC,O,Ankle,0.0,0.0,0,0.0,0.0,0.0,0.0,0.0,0.0,0.0,0.0,0.0,0.0,0.0,0.0,0.0,0.0,0.0,,,0.0,,0.988077777884,,PG,7200
201565,Derrick,Rose,25.4,10,CHI@PHO,CHI,PHO,GTD,Ankle,0.0,0.0,0,0.0,0.0,0.0,0.0,0.0,0.0,0.0,0.0,0.0,0.0,0.0,0.0,0.0,0.0,0.0,,,0.0,,0.8546937046,,PG,7000
202702,Kenneth,Faried,27.4,11,DEN@SA,DEN,SA,,,29.9,30.25,0,1.18393392174,0.979719054079,0.0351201001534,3.41136358821,3.37126689755,5.45295878456,0.703953556154,1.55817977389,8.82422568211,5.78016452743,0.00428331309637,10.2451999543,2.2230406094,13.7876529774,29.0,0.332884389674,2.02275943098e-07,27.9617901251,29.683560144,12.0141313277,11.4795727664,PF,7000
202689,Kemba,Walker,30.7,11,BKN@CHA,CHA,BKN,,,36.9,39.75,0,4.51112108874,0.439929900575,3.54972053069,4.19708152728,0.509521506497,2.14625851553,1.40903541627,1.52126297665,2.65578002202,5.1061031442,1.24002859529,12.428339374,3.31481204583,14.7670469295,29.0,0.0156616246003,6.78720450379e-06,26.8973322461,28.4342798317,11.9866276255,12.259303061,PG,7000
203952,Andrew,Wiggins,27.7,10,MIN@ORL,MIN,ORL,,,37.5,38.75,0,2.06014997498,0.685900652159,2.33112627346,7.50711943684,1.71052236522,1.86846263556,0.823425119098,2.36769900226,3.57898500078,7.84986339486,0.788135464188,18.150058233,5.59243348749,22.0802957414,38.0,0.003889814101,2.27130977948e-07,30.1162552451,31.8789571309,17.9732454521,17.8021093303,SF,7000
202699,Tobias,Harris,27.6,11,MIN@ORL,ORL,MIN,,,28.2,30.25,0,2.36900204395,0.562084205548,3.6196575641,4.30107613484,2.8078208468,5.83285416816,0.95329323196,2.3242937363,8.64067501496,7.09913053589,1.26289157567,15.8935126284,3.35126519365,18.8124178411,42.0,0.352981546294,6.42084108787e-05,33.4411920637,36.1964834151,15.1671232336,15.2714342946,SF,6800
2744,Al,Jefferson,26.9,11,BKN@CHA,CHA,BKN,,,33.6,34.5,0,1.98620998187,1.09049378612,0.0275624307058,2.26165182685,1.55178034138,4.20062211807,0.792098556725,0.843892900009,5.75240245945,7.32286757677,0.010131511791,14.6309953346,1.35685180399,16.0127184693,30.0,0.0625631675582,2.76255071705e-06,28.8162081791,29.624693547,16.1412447859,15.6863034777,C,6800
1626157,Karl-Anthony,Towns,32.6,11,MIN@ORL,MIN,ORL,,,43.4,47.5,0,1.28728849396,2.74242380047,0.762281772493,4.18163274547,3.27418407196,9.32164521293,0.820172383542,2.70333503917,12.5958292849,7.58602299276,0.176346999679,15.4302105815,3.61628706144,18.9646800466,37.0,0.784978549687,0.000443519759343,40.4324652583,43.6808961258,16.3994136346,15.9764839267,C,6800
1495,Tim,Duncan,27.7,10,DEN@SA,SA,DEN,,,46.2,49.25,0,3.02729940204,1.8856112129,0.091412599875,3.6958854534,2.0901128057,5.26307452053,0.638821107693,1.99135913177,7.35318732623,4.79138752367,0.00827227730155,8.96051143017,2.7877147837,12.3787621083,28.0,0.164395379498,0.000197218272002,28.8010415123,30.4157013072,10.6807677128,10.2019334949,C,6800
1626143,Jahlil,Okafor,31.6,11,IND@PHI,PHI,IND,,,20.2,22.0,0,1.24673164652,1.43844969106,0.124290583202,3.68346054721,2.09216645394,4.7009854217,0.528648217127,2.53020076807,6.79315187564,7.23294198549,0.0342307485347,15.0727647943,2.40603175153,16.9061464711,31.0,0.140823044295,5.15100110442e-07,28.3320212399,30.1651307037,16.5036850593,16.0892532783,C,6700
101145,Monta,Ellis,26.3,11,IND@PHI,IND,PHI,,,27.1,30.25,0,4.06431415875,0.36233478343,2.44906805639,2.09311290511,0.437294538142,1.6518148223,1.43997965177,2.17508049044,2.08910936045,4.76787498667,0.617315556406,11.3682700865,1.5862787248,11.7393442545,27.0,0.00664895508597,4.57242304312e-07,21.7722951052,23.282923401,11.0643095735,10.9698805274,SG,6700
201568,Danilo,Gallinari,29.5,11,DEN@SA,DEN,SA,,,25.1,26.0,0,2.12446820202,0.564378983553,4.6452584594,5.26076531098,1.29129023307,2.48781411732,0.62190946191,1.18749895655,3.7791043504,4.98864246269,1.80956293458,11.9825379851,4.79522764418,16.5820755041,31.0,0.00526847025056,3.95543619239e-07,25.488780962,27.1841710171,11.87939832,12.5764238507,SF,6600
203901,Elfrid,Payton,24.3,11,MIN@ORL,ORL,MIN,,,48.4,49.25,0,8.00994944461,0.403582636875,1.50986938764,3.84458070362,1.65375799224,3.28257117213,2.1056311106,3.39354112088,4.93632916437,5.19729158178,0.512463430714,13.5353108446,2.70723354444,13.6142801387,41.0,0.266044776201,0.0071102308076,33.1776856769,35.7979022677,13.3991396733,13.267207583,PG,6500
1717,Dirk,Nowitzki,29.6,10,DAL@BOS,DAL,BOS,,,32.9,34.75,0,1.87287868027,0.453018154974,4.3728498334,3.88597533726,0.64595436486,5.28428830385,0.63138164729,1.27365731382,5.93024266871,7.88320493444,2.02249560116,15.7535208612,3.50173489745,21.2906403675,34.0,0.0778888880694,2.10348105019e-06,32.1113918811,34.1728201145,15.2082492098,15.5369113574,PF,6500
202330,Gordon,Hayward,25.1,10,TOR@UTA,UTA,TOR,,,27.9,29.75,0,3.21294578427,0.316693054971,4.0363421429,5.33458270784,0.868101486282,3.02258940453,0.883954137515,2.38183322405,3.89069089081,5.81826993313,1.25089697454,14.2084759485,4.21088215536,17.0983189962,35.0,0.00810907051556,1.16031308424e-05,26.6060279025,28.6291259615,13.4536291919,13.7174039224,SF,6500
203468,C.J.,McCollum,28.7,12,POR@HOU,POR,HOU,,,35.6,37.25,0,3.15152452742,0.263514749605,5.75306259673,3.49708853741,0.637215818094,2.57570516273,1.10719080957,2.41900266759,3.21292098083,7.67130291819,2.16646108865,17.3802023593,2.95429034398,20.463357269,38.0,0.00331160277969,2.79547654502e-06,29.3685576879,31.8269114057,16.1789346926,16.840345319,SG,6400
202700,Donatas,Motiejunas,22.7,71,POR@HOU,HOU,POR,O,Back,0.0,0.0,0,0.0,0.0,0.0,0.0,0.0,0.0,0.0,0.0,0.0,0.0,0.0,0.0,0.0,0.0,0.0,,,0.0,,0.75313246111,,PF,6400
101127,Jarrett,Jack,30.2,10,BKN@CHA,BKN,CHA,,,40.1,43.0,0,6.88812703909,0.249733273971,2.99676413384,3.20169761125,0.338070285408,3.1050969376,0.772587045613,2.54183023861,3.44316722301,5.30833118306,1.06369327941,12.7680305645,2.76634722993,14.4467028755,33.0,0.140115388349,0.000406749635492,28.4135045023,30.5998179539,12.2905933209,12.4117926068,PG,6400
2207,Joe,Johnson,24.4,11,BKN@CHA,BKN,CHA,,,25.3,28.0,0,4.60877335136,0.113723340776,4.29308644544,2.55216266178,0.827909391993,3.3727346228,0.720963620633,1.57609615329,4.20064401479,4.80579053969,1.21187491316,13.077827532,2.10667783565,12.9301338282,37.0,0.0245985915771,0.00017486801037,24.9773444425,26.6187846679,11.9588227588,12.3791753426,SG,6300
201588,George,Hill,25.8,10,IND@PHI,IND,PHI,O,Illness,0.0,0.0,0,0.0,0.0,0.0,0.0,0.0,0.0,0.0,0.0,0.0,0.0,0.0,0.0,0.0,0.0,0.0,,,0.0,,0.801609163427,,PG,6300
201163,Wilson,Chandler,24.6,78,DEN@SA,DEN,SA,O,Hip,0.0,0.0,0,0.0,0.0,0.0,0.0,0.0,0.0,0.0,0.0,0.0,0.0,0.0,0.0,0.0,0.0,0.0,,,0.0,,0.647602079227,,SF,6200
101114,Deron,Williams,24.3,10,DAL@BOS,DAL,BOS,,,34.6,35.75,0,6.88991872076,0.169102156891,3.87737464604,3.58052896295,0.232961289581,1.86269166232,1.55911141478,2.12879418574,2.0956529519,5.47926263102,1.31356534726,13.3169117884,3.35255650027,15.6246471096,37.0,0.143682608583,1.06038814147e-05,29.8019416906,31.8434598292,12.6050163525,12.9223847402,PG,6200
202685,Jonas,Valanciunas,26.1,12,TOR@UTA,TOR,UTA,,,26.8,27.75,0,0.44372243858,1.07585738577,0.00482659313674,4.4533467303,3.66652111352,6.36202940915,0.406335241861,1.84779155377,10.0285505227,6.04608091279,6.9233548807e-05,10.7172046768,3.47994036071,15.5721714198,33.0,0.50217252029,1.08603295746e-07,29.3886094064,31.5672264324,12.5800040525,12.048447926,C,6100
201951,Ty,Lawson,21.9,11,POR@HOU,HOU,POR,,,3.5,4.5,0,3.65587319361,0.0880867634834,1.63824328396,1.93842637716,0.433268147465,1.05606309699,0.711985040743,1.42565521367,1.48933124445,2.01159717256,0.457734465479,5.61743664687,1.35580190554,5.83673071615,20.0,0.000922150403619,3.55341071804e-09,13.2822263947,14.2997710328,5.96619434167,6.03074616063,PG,6000
201569,Eric,Gordon,27.7,11,NO@OKC,NO,OKC,,,32.9,34.0,0,3.51039372822,0.271113158909,7.70985964899,3.05011785162,0.544004978917,1.59908087455,1.06484396143,1.64005030837,2.14308585347,6.54616827442,2.8393892676,15.7205393589,2.57404961557,18.505775432,37.0,0.00329224396566,2.63168126732e-07,27.3749329808,29.7267462169,15.4856241563,16.9439557182,SG,6000
202683,Enes,Kanter,23.1,11,NO@OKC,OKC,NO,,,39.8,42.5,0,1.06085153092,0.61536187482,0.309849923553,3.98373942774,4.43912674354,6.22604781691,0.27429921791,2.08116717807,10.6651745604,7.59558034963,0.158034300896,13.6669710996,3.02568679346,18.3748817936,31.0,0.601070348762,1.15192421504e-07,32.4625235699,35.0169889061,15.1901691943,14.6730557,C,6000
201583,Ryan,Anderson,26.9,11,NO@OKC,NO,OKC,,,43.9,47.75,0,1.61179179161,0.579364280599,8.22021235251,3.31796316142,2.9203476963,5.59150281878,0.765204357084,2.00219633449,8.51185051507,9.11104558504,2.86082232696,20.2314323272,2.72959761627,23.8125111133,44.0,0.345477309046,2.63102553624e-06,37.1313603597,40.5066860728,18.725454539,19.9313557858,PF,5900
1626144,Emmanuel,Mudiay,26.2,11,DEN@SA,DEN,SA,,,17.1,18.25,0,5.49577391438,0.785867638628,3.23608489727,2.79033137646,0.722795866778,2.97818701445,0.879650633154,3.22029764518,3.70098288122,4.15809226945,0.884015772629,11.9944165303,1.88871605843,11.08891637,27.0,0.0400459959485,0.000177968666687,23.8844955974,26.1823043503,11.00445526,11.2182182649,PG,5900
203093,Terrence,Jones,25.2,6,POR@HOU,HOU,POR,,,14.4,15.5,0,1.4330621638,1.76884215324,1.79548246696,3.27075344555,2.35397188917,3.26888738477,0.56362562627,1.2640945853,5.62285927393,5.61982876178,0.631745998856,10.7022694009,1.84171201599,13.7131155384,30.0,0.0507501598479,9.89316898031e-07,26.0109808865,27.31617235,11.261440487,10.9630466772,PF,5900
203096,Jared,Sullinger,28.0,10,DAL@BOS,BOS,DAL,,,37.9,41.0,0,2.7283982309,0.989052139745,3.16697773414,1.63909401101,3.63391675628,5.49003397434,1.27029731041,1.60397944833,9.12395073062,5.95169435324,1.05648757414,13.0826603898,1.19277992677,14.1526562074,30.0,0.364626035456,0.000198042477859,32.1087138824,34.4426781108,12.6432115641,12.703716295,PF,5900
2772,Trevor,Ariza,24.0,11,POR@HOU,HOU,POR,,,29.6,33.5,0,2.18832922117,0.251171196863,7.32558572604,2.22842259941,0.845025803872,4.03945257968,2.05358919421,1.69955432463,4.88447838355,4.27116880218,2.39204220411,12.0772255971,1.83215817452,12.766537983,37.0,0.0214814575797,3.30280465232e-06,24.8203723325,27.1426266109,12.7670020928,14.3590049706,SF,5900
203897,Zach,LaVine,23.0,11,MIN@ORL,MIN,ORL,,,19.1,21.75,0,4.6399781018,0.0590492912323,3.57746122842,3.21872818938,0.631530299624,2.3563697269,0.911149334291,3.00506795065,2.98790002652,5.72766513263,1.39997528667,12.9144899464,2.78487748076,15.6401830327,30.0,0.0195426389446,1.9878932363e-05,25.1209595176,27.5022497328,12.521955704,12.7755058807,SG,5900
201960,DeMarre,Carroll,23.3,9,TOR@UTA,TOR,UTA,,,19.2,21.0,0,1.46484227829,0.288139407364,4.99451409716,2.50142484278,1.43764847643,2.71875203885,1.68297951942,1.38325806324,4.15640051528,4.66869192071,1.86567847195,11.5190330867,1.63437169454,12.8374340079,35.0,0.00810942450416,1.16068920282e-07,22.581357834,24.4258106123,11.4308247103,12.2835227932,SF,5800
203935,Marcus,Smart,24.4,7,DAL@BOS,BOS,DAL,,,9.3,10.0,0,2.81257872517,0.301885467216,4.02984067485,2.69887214106,0.872911898025,1.95183725333,1.51803154327,1.36634630795,2.82474915136,2.72633211793,1.10115820782,7.91044632692,1.78943283123,8.34325527492,26.0,0.000623159041222,2.18184794241e-07,18.2253100573,19.6012351659,8.18346670358,8.8477003828,PG,5800
201152,Thaddeus,Young,29.1,11,BKN@CHA,BKN,CHA,,,40.1,40.5,0,1.8152033169,0.537292045558,0.996132084135,2.11482562821,2.504140115,4.48617265964,1.62509065734,1.78323901611,6.99031277465,7.23936724189,0.225974379587,13.9498114468,1.40296292827,16.1076717916,33.0,0.155245823597,4.49590454815e-06,29.7603784862,31.3473830459,14.7185368201,14.2487580456,PF,5800
203095,Evan,Fournier,29.0,11,MIN@ORL,ORL,MIN,GTD,Illness,38.3,42.5,0,3.21867387501,0.0171458396337,6.61869647189,3.73394770895,0.538364997404,3.34634452566,1.36849103052,2.01482547822,3.88470952307,7.61240491379,2.57171888243,16.5982664186,2.9178093791,20.7143380891,43.0,0.00835126685544,1.2057423713e-05,30.9604485914,33.4605193204,15.8907673644,16.8674246966,SG,5700
2585,Zaza,Pachulia,25.2,11,DAL@BOS,DAL,BOS,,,30.9,35.0,0,2.52551470335,0.518161581531,0.017787664396,5.34577512282,3.48517411295,6.60270629396,1.06722751937,2.11335739949,10.0878804069,3.73101643049,0.0,8.16137515643,4.22976588876,11.6917987497,32.0,,,28.6429480954,,9.87223656926,,C,5600
202329,Al-Farouq,Aminu,24.9,12,POR@HOU,POR,HOU,,,35.0,39.75,0,1.8880376559,1.12447320123,4.52602023823,3.41809699831,1.71283241116,6.05300195439,1.01639536692,2.03445721931,7.76583436554,4.78302562875,1.53989537352,11.4965264783,2.54255733228,13.6485039633,37.0,0.210785911424,6.18338218125e-06,28.0468416028,30.5385070348,11.3171430061,11.9310559789,SF,5600
201950,Jrue,Holiday,20.7,8,NO@OKC,NO,OKC,O,Rest,0.0,0.0,0,0.0,0.0,0.0,0.0,0.0,0.0,0.0,0.0,0.0,0.0,0.0,0.0,0.0,0.0,0.0,,,0.0,,0.950837928367,,PG,5600
203496,Robert,Covington,12.2,2,IND@PHI,PHI,IND,,,17.5,19.75,0,1.17560772069,0.462782637403,5.16447941511,2.38894301266,0.758394534247,1.62345225739,1.29198905056,2.06910843446,2.38184679163,3.23529878091,1.38139743493,9.40614816861,1.9597105502,9.81170554696,23.0,0.000110467813639,1.74471778907e-10,15.8737682194,17.7182791959,9.5545623311,10.4626880134,SF,5600
2199,Tyson,Chandler,21.8,10,CHI@PHO,PHO,CHI,,,20.8,22.25,0,0.792866535772,1.02559535467,0.0670942216045,3.19445331274,3.69151864229,6.35935783863,0.932923691645,1.35715887862,10.0508764809,3.03248222146,0.0,5.46577150263,2.25424768731,8.31921213023,31.0,,,24.129442925,,7.26909973587,,C,5500
202340,Avery,Bradley,20.2,8,DAL@BOS,BOS,DAL,,,35.7,38.5,0,2.41204322352,0.151026356405,4.98845458938,1.64988819075,0.689700425681,1.82632010944,1.32008561367,1.53535634085,2.51602053512,5.5885052085,1.90071606767,13.1115692397,1.16372652379,14.2414530085,31.0,0.000422809298184,5.19812521088e-08,22.2856100852,24.1300816861,12.6119633629,13.3262834934,SG,5500
202692,Alec,Burks,24.3,10,TOR@UTA,UTA,TOR,,,20.4,22.0,0,2.30241937974,0.112478818788,2.23940367054,4.52086876082,0.664851564719,2.00372863648,0.81936827756,1.75796970651,2.6685802012,4.62120396628,1.00233522065,10.7823509709,3.74088608191,13.9856292351,27.0,0.000516879580109,5.69945040396e-08,20.7472790323,22.2616359963,10.9207367075,10.971893103,SG,5500
202693,Markieff,Morris,21.6,8,CHI@PHO,PHO,CHI,GTD,Knee,16.5,18.25,0,1.70540286642,0.486314942232,2.76168080472,2.45958967585,1.42256040389,2.99468502831,1.13585025081,2.05968113838,4.4172454322,5.72824088294,0.783592946544,14.2678299824,1.82441873131,14.0644934437,29.0,0.0130149794558,1.64527523687e-07,23.1079415097,24.7699637866,13.5161987859,13.4820810376,PF,5500
201954,Darren,Collison,24.7,6,SAC@ATL,SAC,ATL,GTD,Hamstring,18.9,20.5,0,4.64484817527,0.108041625576,2.88831044411,3.14975453333,0.309836785728,0.681663100698,1.05056523441,1.9152396558,0.991499886426,4.86211279492,1.13617482944,10.7074729622,2.40733905593,13.2677394752,28.0,0.0168628020894,4.67842581772e-09,21.826785666,23.4273621201,10.7705571465,10.911271522,PG,5500
202323,Evan,Turner,19.6,10,DAL@BOS,BOS,DAL,,,13.1,14.75,0,3.57292368445,0.295752114339,1.48431946558,1.25542392782,0.49832664912,2.39775254386,0.994353087751,2.00870864951,2.89607919298,3.52558155426,0.35791154442,8.20741007022,1.00207243614,8.41114708908,24.0,0.0021293493473,1.47890873014e-06,17.817329402,19.1486419194,8.52075184974,8.31044690325,SF,5400
202703,Nikola,Mirotic,20.2,10,CHI@PHO,CHI,PHO,,,23.5,25.25,0,1.0081197096,0.421444083886,4.38840916248,3.01913368173,0.734034478732,2.97428399923,0.789794064545,1.49022338887,3.70831847797,2.94621506246,1.38209018995,7.98570162545,2.42593530479,9.70045561967,21.0,0.00279899988767,3.71372237049e-10,16.5948702656,18.2206414799,8.72124945298,9.55563044992,SF,5400
203486,Mason,Plumlee,24.6,12,POR@HOU,POR,HOU,,,30.8,31.5,0,2.71262191487,1.45455369454,0.0202666275287,5.37950689643,3.1816839824,5.56411383587,1.39539983408,2.44223258217,8.74579781828,4.8389355606,0.00131817856835,8.42113652104,2.69955552312,12.3787448229,35.0,0.29948430772,0.000156926283626,30.2003095522,32.3090720639,10.5033333171,9.98164247581,C,5400
202397,Ishmael,Smith,26.1,11,NO@OKC,NO,OKC,,,29.6,30.25,0,8.27496102733,0.451999983463,2.20013410138,1.69748166358,0.671413192966,2.68392796072,1.25381510114,2.79003461782,3.35534115368,5.04036278153,0.64911813127,13.2898357799,1.23510227528,11.9649459696,34.0,0.238417342523,0.000583677712322,29.0253924464,31.2721129256,12.6435900852,12.5956788042,PG,5400
202718,Chandler,Parsons,12.8,7,DAL@BOS,DAL,BOS,,,12.4,13.5,0,1.30538963576,0.316773319025,2.95347060375,1.79922066099,0.621235548217,1.7684748149,0.650794165928,1.15804183288,2.38971036311,3.80735935802,1.04469057018,8.01143269411,1.01586302089,9.67527230711,21.0,0.000111190420912,1.34603740316e-10,15.2781023335,16.4991208392,8.49440470964,8.71595442062,SF,5300
101161,Amir,Johnson,20.4,10,DAL@BOS,BOS,DAL,,,15.0,16.25,0,1.62882058605,1.12764088416,1.05234038359,2.1656434467,2.12829593538,3.85671338611,0.907459511376,1.66267821916,5.98500932149,4.08650764203,0.3021104186,7.22569209728,1.2964728337,9.77159853635,28.0,0.0483732437524,4.20631828517e-07,21.8043631731,23.1585690856,8.27956871922,7.8150685744,C,5200
101107,Marvin,Williams,23.6,11,BKN@CHA,CHA,BKN,,,30.8,32.75,0,1.82138658679,1.16587497383,4.64122754381,1.49708490582,1.35964921783,5.01087576326,0.878052762487,1.03080886667,6.37052498109,3.98588639798,1.73381654733,9.07994743574,1.17349307651,10.8790824198,36.0,0.0731092979712,1.59962211131e-06,24.3128388833,26.1233465851,9.81972415006,10.6783439778,PF,5200
203109,Jae,Crowder,24.3,10,DAL@BOS,BOS,DAL,,,25.7,28.0,0,1.96782995193,0.522792908848,4.22449271713,3.58479748353,1.60478312702,3.34367454586,2.65943879027,1.87435690237,4.94845767288,4.33699603063,1.26248679317,10.5788302773,2.95198321832,12.8884620727,35.0,0.0242750808352,1.16564953072e-05,26.2684627039,28.1207550261,10.4483977646,10.9318649155,SF,5100
203504,Trey,Burke,19.4,10,TOR@UTA,UTA,TOR,,,17.2,18.75,0,2.23953906131,0.0443297818355,2.75556856601,1.31159196456,0.18360594879,0.927073418416,0.718563030954,1.07973423261,1.11067936721,3.3986248453,1.11942140867,7.81632703704,0.987654594935,8.9043256942,18.0,5.82230263132e-05,1.70389892556e-11,14.0425009198,15.1977000434,8.18817417259,8.51431705845,PG,5100
203145,Kent,Bazemore,23.5,12,SAC@ATL,ATL,SAC,O,Ankle,0.0,0.0,0,0.0,0.0,0.0,0.0,0.0,0.0,0.0,0.0,0.0,0.0,0.0,0.0,0.0,0.0,0.0,,,0.0,,0.824415476507,,SG,5100
204456,T.J.,McConnell,23.8,11,IND@PHI,PHI,IND,,,22.7,26.5,0,4.35246843446,0.353727137245,1.0782441403,0.191810190426,0.453613259636,2.95627653962,0.744426611677,1.69935227507,3.40988979926,2.20970519137,0.338897829327,4.5894511124,0.141315268506,4.89962348058,20.0,0.00231644340174,5.26602712924e-06,16.0171491141,17.2102591195,5.49901976783,5.30379400458,PG,5100
203115,Will,Barton,26.1,11,DEN@SA,DEN,SA,,,25.3,25.5,0,1.65868562939,0.49904774095,2.25709986987,2.18333419992,0.581305022609,2.50661101557,1.0140745852,0.875202614609,3.08791603818,3.93437343915,0.883171812141,8.54224571176,1.85198118238,10.6038998728,22.0,0.000887995012426,8.67709849366e-09,18.9484696004,19.9833846342,8.9230607552,8.97214014685,SG,5000
2225,Tony,Parker,18.9,10,DEN@SA,SA,DEN,,,37.9,39.5,0,5.23219790561,0.0144545120233,0.78257652941,3.15242930889,0.226734675154,1.20187077248,0.808151145224,2.37726464965,1.42860544764,6.32477688701,0.352873335371,12.0808420736,2.52237814884,15.5248052582,32.0,0.0373885234628,1.00884465744e-07,24.3553753187,25.8479576714,13.1533022919,12.7300235122,PG,4900
1938,Manu,Ginobili,22.8,9,DEN@SA,SA,DEN,,,0.0,0.0,0,0.0,0.0,0.0,0.0,0.0,0.0,0.0,0.0,0.0,0.0,0.0,0.0,0.0,0.0,0.0,,,0.0,,0.94936395344,,SG,4900
201941,Jordan,Hill,21.2,10,IND@PHI,IND,PHI,,,19.9,22.25,0,1.22787465494,0.384693661361,0.044471219054,1.9415762644,2.76888160515,3.36504389574,0.54562558935,1.34987059684,6.13392550089,3.43330372304,0.0119174081262,8.23944414015,1.39293787763,8.27146273184,21.0,0.041338396857,2.92396689031e-08,17.9847532199,19.0343511804,9.3696280456,9.06603387016,C,4800
202083,Wesley,Matthews,15.7,9,DAL@BOS,DAL,BOS,,,24.9,27.5,0,2.0489841025,0.0604929606702,6.65536839955,3.17204674978,0.455261602327,1.81534335566,1.0597555042,1.39493980261,2.27060495799,4.44343300786,2.46690685237,11.6278068395,2.65299497067,14.0067678388,33.0,0.000155184948872,6.14812262604e-09,20.6505270692,22.6952134405,12.4248416561,13.8855800753,SG,4800
2594,Kyle,Korver,19.1,11,SAC@ATL,ATL,SAC,,,19.0,20.25,0,2.45233966769,0.358902545594,4.68309575178,0.861714739622,0.127138100086,2.83086757953,0.724022600074,1.19785898815,2.95800567962,4.04335298964,2.10483422213,7.71735326773,0.750135282264,10.9416754837,32.0,0.000803768700625,1.54684340347e-07,19.1377831039,20.9382361102,9.50270590184,10.4790470274,SG,4800
201149,Joakim,Noah,20.2,9,CHI@PHO,CHI,PHO,,,15.2,17.25,0,3.32431444082,0.733401234185,0.00882461134162,1.424694124,2.22426046031,4.03926552462,0.562832616694,1.52087793519,6.26352598493,1.55882095638,0.0,3.94606110097,0.720543397996,3.83818531075,20.0,,,17.4124779205,,5.09138511459,,C,4800
201593,Nikola,Pekovic,23.5,31,MIN@ORL,MIN,ORL,O,Achilles,0.0,0.0,0,0.0,0.0,0.0,0.0,0.0,0.0,0.0,0.0,0.0,0.0,0.0,0.0,0.0,0.0,0.0,,,0.0,,0.771302157252,,C,4800
203471,Dennis,Schroder,21.7,13,SAC@ATL,ATL,SAC,,,32.4,34.5,0,6.53811205382,0.0275249051964,4.24679697706,2.74258511497,0.39545176524,2.10722417666,0.871968079542,2.64177523992,2.5026759419,5.90227627604,1.404203575,14.2724334862,2.12434480665,15.3331009337,32.0,0.112454452138,3.13828438633e-05,27.3006908743,29.6175899056,13.3523506994,13.7084540392,PG,4800
101133,Ian,Mahinmi,20.4,10,IND@PHI,IND,PHI,,,23.4,23.75,0,1.1311658088,1.61101016256,0.0012566559271,2.29271792802,2.27249817132,4.12090421341,0.997407622225,1.13515346638,6.39340238473,3.38079391496,9.96110717543e-06,6.26943623988,0.617132763225,7.37873055425,28.0,0.0389953547691,3.12814925726e-07,20.8292442323,21.7749900359,7.89605759898,7.42535196436,C,4700
203079,Dion,Waiters,18.3,11,NO@OKC,OKC,NO,,,11.8,13.0,0,2.02462713358,0.221317726763,2.89601421228,2.51218155472,0.689012970694,2.51279541758,1.03495577133,1.7291586527,3.20180838828,4.51341412099,1.15995389243,11.1678359263,2.00098130939,12.1877634438,31.0,0.00137145472655,6.87148250511e-08,19.8502625536,21.4569666338,10.8132700273,11.0352694422,SG,4700
201155,Rodney,Stuckey,18.1,7,IND@PHI,IND,PHI,GTD,Ankle,0.0,0.0,0,0.0,0.0,0.0,0.0,0.0,0.0,0.0,0.0,0.0,0.0,0.0,0.0,0.0,0.0,0.0,,,0.0,,0.774705712254,,SG,4700
2755,Kevin,Martin,18.7,10,MIN@ORL,MIN,ORL,,,20.3,21.0,0,1.37357997374,0.00785906833993,2.65437580346,4.13240838053,0.256923540376,1.24228075016,0.486365608937,1.15674578529,1.49920429054,3.68071265886,0.827759506105,9.36319922883,3.6182288121,11.8074136359,21.0,4.44822176948e-06,5.77262592204e-12,15.4985323145,16.565751847,9.33824752838,9.48270043568,SG,4700
203939,Dwight,Powell,23.8,11,DAL@BOS,DAL,BOS,,,16.7,18.0,0,1.23236963786,0.692255309173,0.435627108418,3.24926071389,1.75630653644,4.61466407959,0.667770622606,1.04300954574,6.37097061603,3.69536473291,0.119326775878,7.33271264519,2.18794112172,9.69799736342,23.0,0.065241620172,4.80594753627e-08,20.8687588773,21.8663381433,8.71495263531,8.31754298088,PF,4600
203087,Jeremy,Lamb,22.2,10,BKN@CHA,CHA,BKN,,,13.1,13.25,0,1.32822748605,0.426983763912,3.51559675752,1.21787271604,0.454622492606,2.10351330557,0.534062056572,0.753414429511,2.55813579817,4.19407204621,1.23443041146,8.51478061313,0.947576675588,10.5701511795,21.0,0.0002119969378,2.99184714e-10,16.8009325778,17.9230797845,9.01034154082,9.34503755555,SG,4600
2749,Jameer,Nelson,18.2,9,DEN@SA,DEN,SA,,,14.4,15.5,0,3.81083966119,0.034740540474,3.65140189193,0.90353978501,0.344183843839,1.31207848507,0.634237874217,1.57772425027,1.65626232891,2.86651879108,1.15080302442,7.58329363975,0.67892913573,7.56276974231,21.0,0.00222864390829,2.13512693542e-08,15.0267766079,16.4771963916,7.92964052381,8.54022656177,PG,4600
203918,Rodney,Hood,21.6,9,TOR@UTA,UTA,TOR,,,27.2,30.5,0,3.25074488368,0.448104537644,5.90919900088,2.29394133129,0.424906948565,1.70392084426,1.2569972954,1.8263074997,2.12882779283,5.57740079471,1.91934297584,13.0773536793,1.98899592551,15.0631404908,35.0,0.00179503182175,1.35146674195e-07,24.0777473341,26.0597069147,12.7590853771,13.6537732542,SG,4600
101139,C.J.,Miles,18.7,8,IND@PHI,IND,PHI,,,29.4,32.0,0,1.37472969099,0.388663635808,6.95756579509,2.78659890533,0.417648538533,1.14704867757,1.424394543,1.72068279108,1.56469721611,5.05931252035,2.67995051118,12.0569343344,2.22614935579,15.0247249077,30.0,9.0334297835e-06,2.74909226273e-11,20.86988967,23.1484547322,13.0801618868,14.5801362373,SF,4600
202391,Jeremy,Lin,19.8,11,BKN@CHA,CHA,BKN,,,27.8,30.25,0,4.28224159374,0.509889100207,3.6008656633,4.56003291973,0.547775378922,2.00874456617,1.18719045039,2.39932951943,2.55651994509,4.62098973033,1.10268639235,11.1879376594,3.72260871456,14.0672745676,29.0,0.0110709503538,3.56385593748e-06,24.5532904741,26.4487415443,10.9632343904,11.2328257849,PG,4600
201977,Marcus,Thornton,23.3,9,POR@HOU,HOU,POR,,,6.9,7.5,0,0.980885397028,0.0869413192004,3.23567103114,0.45332245847,0.551963699715,1.04200174507,0.612907895744,0.422581920848,1.59396544479,2.75096298956,1.12451148165,6.74748484732,0.371610210376,6.99804767114,15.0,2.28243107534e-06,2.1314741004e-13,11.3592508095,12.2124992066,7.36127891061,7.90806408678,SG,4500
201959,Taj,Gibson,17.7,10,CHI@PHO,CHI,PHO,,,13.4,14.25,0,1.58433585013,1.20226491127,0.00290514357834,2.63356683886,2.39711410695,3.29890184543,0.446515769497,1.22875400161,5.69601595238,3.74948427804,4.85543180965e-07,7.36338231811,1.66048759622,9.15945663785,27.0,0.0343615790926,2.45680902377e-07,20.4399869158,21.3907080627,8.98873240624,8.55708000617,PF,4500
203086,Meyers,Leonard,16.9,9,POR@HOU,POR,HOU,O,Shoulder,0.0,0.0,0,0.0,0.0,0.0,0.0,0.0,0.0,0.0,0.0,0.0,0.0,0.0,0.0,0.0,0.0,0.0,,,0.0,,0.697045892761,,C,4400
201581,J.J.,Hickson,16.6,9,DEN@SA,DEN,SA,,,17.9,18.25,0,0.683265598072,0.557825466943,0.0129045282547,2.37961562883,1.36601675917,2.55704611161,0.377786388373,0.93253606479,3.92306287078,2.75743975982,0.0,5.39137207172,1.17670470499,6.69158422463,16.0,,,13.3628457125,,6.99480787352,,PF,4400
202334,Ed,Davis,17.7,12,POR@HOU,POR,HOU,,,6.6,6.75,0,0.936693845967,0.790628135538,5.68431188389e-06,2.0250743621,1.95563543785,3.39792405498,0.519955607894,0.692158714458,5.35355949283,2.21743540011,7.0377194753e-07,3.79695560539,1.02753331343,5.46240481742,18.0,0.00757819387229,5.64096202703e-10,15.2207257502,15.8458507264,5.56661502343,5.08249507034,PF,4400
202357,Nemanja,Bjelica,19.5,11,MIN@ORL,MIN,ORL,,,9.3,10.0,0,1.55494221914,0.31005311493,2.63074049326,1.20009012535,0.624767092234,3.5432101977,0.450600198586,0.769247494226,4.16797728993,1.75614559068,0.900868427314,4.31916768169,0.768281179063,5.18144078773,19.0,0.00178514376015,9.97175347197e-09,13.2674859972,14.313620568,5.65140333609,6.18049235262,SF,4400
203500,Steven,Adams,18.5,11,NO@OKC,OKC,NO,,,4.4,4.5,0,0.410495133857,0.718807518581,0.00449639540963,1.10191118656,1.06674999029,1.33233215742,0.208552562227,0.532839735599,2.39908214771,1.1626892231,0.000439590243249,2.01583983999,0.639548081844,2.96536611828,11.0,4.10616443831e-06,2.18225552717e-14,7.78188782233,8.16848775189,3.60634975181,3.21110222016,C,4400
203991,Clint,Capela,19.5,11,POR@HOU,HOU,POR,,,12.8,13.0,0,0.41154625485,1.04665226303,0.0694298634924,1.94680660823,1.46225161719,2.3456939263,0.400325014439,0.614525561583,3.80794554349,2.02050590203,0.0191216111211,3.61189576737,0.8201902764,4.88032369158,13.0,0.000693927849926,1.1699406854e-10,12.3466067194,12.854868475,5.27030504123,4.82912973605,C,4400
203477,Isaiah,Canaan,16.4,11,IND@PHI,PHI,IND,,,4.0,5.0,0,1.32494593026,0.141127727325,4.1891786601,1.49005668726,0.239809590508,1.03954554988,0.519391391806,0.969026244645,1.27935514039,2.13330155637,1.48055829606,6.22370294099,1.21581304174,6.96297445054,17.0,7.8199500656e-07,4.59094849712e-13,10.837631508,12.1263927084,7.6497908701,8.68868664933,PG,4300
203924,Jerami,Grant,20.8,11,IND@PHI,PHI,IND,,,23.3,24.5,0,1.26695915639,1.66354414133,2.44562071543,4.14507035603,1.24434654057,2.96606392872,0.703957284921,1.48696142752,4.21041046929,3.4608280029,0.573225339868,8.46681314762,2.89285387968,10.3877352253,29.0,0.00723170415658,7.87372485185e-08,20.5887079481,21.8401696477,8.67774291763,8.66664065289,PF,4300
202709,Cory,Joseph,19.3,12,TOR@UTA,TOR,UTA,,,12.6,13.25,0,2.75022289416,0.223856841134,0.728646036021,2.25075028083,0.542219637694,1.56469176814,0.732433286751,0.971419552007,2.10691140583,3.15458479103,0.262634338733,5.8247167107,1.79419120028,8.36599512108,22.0,0.000292946688714,1.85524885341e-08,15.9607838531,16.6835958444,7.09541921297,6.70902451037,PG,4300
2449,Luis,Scola,18.5,12,TOR@UTA,TOR,UTA,,,29.5,30.75,0,1.46417843504,0.314117842307,1.23411027949,2.08551234223,2.37995901462,4.60157520996,0.950606765746,1.41390306451,6.98153422458,5.48783710981,0.618378961631,11.5743356188,1.39666245181,12.9907156331,30.0,0.134622614746,4.56776174487e-07,24.6803705067,26.2475235235,12.1334555471,11.8975057494,PF,4300
201980,Danny,Green,16.8,10,DEN@SA,SA,DEN,,,18.6,20.25,0,2.19214402726,0.832853742617,4.85066782307,1.16648894746,0.573991155664,2.41418915324,0.829780261525,1.15905088685,2.9881803089,2.98674190741,1.67702791782,8.08306750627,0.921864819566,8.5723765522,28.0,0.000546899962024,4.9131023834e-08,17.6126260852,19.1808950003,9.06554701819,10.1386618233,SG,4200
1626161,Willie,Cauley-Stein,16.1,11,SAC@ATL,SAC,ATL,GTD,Head,6.0,6.25,0,0.341026627251,0.598867326823,0.0948734616606,1.17070919024,1.2896461034,2.68192451365,0.564282686083,0.62877683542,3.97157061704,1.28841162684,0.0261290077257,2.41029152542,0.711767921291,3.31472018269,14.0,0.000249580041748,3.73068044827e-13,10.2896680544,10.8160738769,3.90505584586,3.54813219612,C,4200
200782,P.J.,Tucker,14.5,10,CHI@PHO,PHO,CHI,,,28.4,29.25,0,1.64199870224,0.119109356375,3.52444247196,1.99329819534,1.84141850587,3.54129881202,1.32696797778,1.03961597326,5.38271731789,3.51607292278,1.14089012273,7.88148175315,1.40337297543,9.57640894372,34.0,0.0267620311108,2.76073313432e-07,20.3512064736,21.7507392624,8.42733447333,8.8567309764,SF,4200
201956,Omri,Casspi,19.8,11,SAC@ATL,SAC,ATL,,,13.8,15.0,0,1.25161314106,0.104827505334,2.05618656004,2.064951723,0.841764013401,3.10259744091,0.766534244298,1.50640834744,3.94436145431,3.49101422819,0.893613353762,6.9775218407,1.39312086739,9.26876267752,22.0,0.00396133288062,3.35747653299e-09,16.1157312861,17.5189022188,7.76868782428,7.81851464224,SF,4200
202711,Bojan,Bogdanovic,16.0,11,BKN@CHA,BKN,CHA,,,10.3,10.5,0,0.709132650141,0.0306274487321,2.19838312267,0.941770017493,0.347849835185,1.42029539614,0.488888324969,0.928568205553,1.76814523133,2.66104698457,0.660649066171,5.89561523646,0.691328694649,6.67407172996,18.0,4.85543844372e-06,2.32857223823e-14,9.97000832462,10.8530315052,6.50067756906,6.58419863004,SF,4200
2399,Mike,Dunleavy,17.8,63,CHI@PHO,CHI,PHO,O,Back,0.0,0.0,0,0.0,0.0,0.0,0.0,0.0,0.0,0.0,0.0,0.0,0.0,0.0,0.0,0.0,0.0,0.0,,,0.0,,0.594152155376,,SF,4200
2734,Devin,Harris,17.9,11,DAL@BOS,DAL,BOS,,,12.9,14.0,0,1.87246950413,0.266108950755,2.14069117279,1.95290145961,0.193116584202,1.17699639,0.82053903208,0.754239599006,1.3701129742,2.01973169602,0.550361483248,5.05137127303,1.32883805027,5.91866292555,16.0,6.219603001e-06,1.09353847394e-11,11.7905591174,12.5113746367,5.74542670372,5.88653235574,SG,4200
101135,David,Lee,13.9,10,DAL@BOS,BOS,DAL,,,15.7,16.25,0,1.36333467787,0.325586511524,0.0147680060138,2.08213423243,1.34977625801,1.94872953923,0.372459226277,0.979997775488,3.29850579724,2.50220669363,8.55647544607e-08,5.10383903298,1.62352460373,6.62793807655,15.0,0.00059299361545,1.05595138845e-09,13.0472407502,13.7030544641,6.63039908192,6.24662308162,PF,4200
203499,Shane,Larkin,14.2,11,BKN@CHA,BKN,CHA,,,18.4,19.0,0,2.9931462992,0.153549780832,1.51496151883,0.774445124829,0.257388157703,1.48140444099,1.16608826774,1.42146342233,1.73879259869,2.73888881543,0.670875446787,5.89605916217,0.574271378319,6.72292445596,20.0,0.00032560553379,4.79913307586e-09,14.517007698,15.6506051852,6.62806093808,6.63365276409,PG,4100
203469,Cody,Zeller,16.9,10,BKN@CHA,CHA,BKN,,,8.0,8.25,0,0.710024877396,0.437520979544,0.18120167766,2.03830676863,1.13242135706,1.69856888726,0.454461377255,0.537698067917,2.83099024433,1.49291063612,0.0044185148849,3.39285674579,1.35634023148,4.3465800186,14.0,5.44973850438e-05,2.63250025156e-13,10.0550722736,10.4677618233,4.69039020031,4.38785677777,PF,4100
2564,Boris,Diaw,16.4,10,DEN@SA,SA,DEN,,,6.9,7.5,0,3.00672423042,0.372576556588,1.2596097025,0.99838581894,0.717227588505,1.68427276274,0.483430449203,1.08817746766,2.40150035125,2.72920397021,0.394964028445,5.70693151226,0.744114667833,6.5974866367,20.0,0.000369686688541,6.33865359918e-08,14.6132099478,15.4754104336,6.50120480999,6.30343427654,PF,4100
203932,Aaron,Gordon,19.3,11,MIN@ORL,ORL,MIN,,,13.4,14.0,0,0.810622535113,0.613679361189,0.947354595014,1.89131048584,1.24605301534,1.48311229447,0.434396455133,0.699782709505,2.72916530981,1.89477141865,0.236165213128,4.21770477817,1.31106648996,5.33677454039,14.0,8.58248989427e-05,1.49645017599e-12,11.224075638,11.8286366021,5.2116703941,5.00966547208,PF,4100
203917,Nik,Stauskas,17.0,10,IND@PHI,PHI,IND,,,11.7,13.25,0,1.51741226225,0.199468299005,4.12381981753,1.22872479628,0.213642359296,1.46678687456,0.500244191192,1.07732987114,1.68042923386,2.34827091531,1.1650507353,6.97601920269,0.939416807812,6.80100937374,21.0,4.71973286574e-06,1.5078574013e-11,11.415737957,12.6209568015,7.60121435789,8.41284303035,SG,4100
203473,Dewayne,Dedmon,17.4,10,MIN@ORL,ORL,MIN,,,3.0,3.5,0,0.107985741329,0.721360563184,0.00771595115715,0.863304650095,1.09658659946,1.76116502019,0.30081509845,0.486154109294,2.85775161965,1.07941726606,0.0016396657748,2.1368877366,0.597177345674,2.75765154356,10.0,1.19021947211e-05,6.5085698363e-14,7.90712931311,8.29393163492,3.56234476921,3.24221663129,C,4000
203458,Alex,Len,13.2,10,CHI@PHO,PHO,CHI,,,17.5,17.75,0,0.314617690238,0.838494124506,0.017951681795,1.99139630671,1.64969750674,2.73238039066,0.469812860346,1.24357385725,4.3820778974,2.11744051483,0.00541182214702,4.52929448926,1.37787127333,5.61816412514,17.0,0.0025315793202,5.63056863248e-11,12.7216242498,13.5690183536,5.97822933118,5.63776225435,C,4000
201945,Gerald,Henderson,5.7,4,POR@HOU,POR,HOU,,,9.0,10.0,0,1.02129402336,0.172483892001,1.23221543886,1.16856591661,0.166203599746,0.571023187218,0.237083891673,0.848765879885,0.737226786964,2.46881948891,0.409714624191,5.77587487597,0.936569153262,6.28392275527,15.0,3.52863007071e-08,2.25212482908e-16,8.67090562214,9.33700726645,6.37940578075,6.27332409573,SG,4000
201166,Aaron,Brooks,14.8,9,CHI@PHO,CHI,PHO,,,16.7,19.75,0,2.87459461117,0.207799933241,3.70925585633,1.29878954644,0.559140899243,1.18768019829,0.486372355737,1.22503846379,1.74682109753,3.79483692983,1.4103890157,8.67133259308,1.0839933519,10.0840562273,19.0,0.000488731987968,7.22735461936e-09,16.6554395752,18.0612274895,9.08737230939,9.64791856333,PG,4000
203933,T.J.,Warren,17.3,10,CHI@PHO,PHO,CHI,,,0.0,0.0,0,0.0,0.0,0.0,0.0,0.0,0.0,0.0,0.0,0.0,0.0,0.0,0.0,0.0,0.0,0.0,,,0.0,,0.706635788333,,SF,4000
2561,David,West,12.5,10,DEN@SA,SA,DEN,,,13.6,14.75,0,2.19354586876,0.351446821594,0.130308490619,0.932729800517,0.791922531304,2.06551112565,0.299481565863,1.28248955808,2.85743365696,2.68984017446,0.0165034549106,5.24629516216,0.707403126497,6.10358693032,16.0,0.000191599658154,1.67284321862e-08,12.8421933386,13.6348489777,6.65146382492,6.21901445776,PF,4000
203994,Jusuf,Nurkic,18.0,62,DEN@SA,DEN,SA,O,Knee,0.0,0.0,0,0.0,0.0,0.0,0.0,0.0,0.0,0.0,0.0,0.0,0.0,0.0,0.0,0.0,0.0,0.0,,,0.0,,0.959889227623,,C,4000
203530,Joffrey,Lauvergne,21.9,3,DEN@SA,DEN,SA,O,Back,0.0,0.0,0,0.0,0.0,0.0,0.0,0.0,0.0,0.0,0.0,0.0,0.0,0.0,0.0,0.0,0.0,0.0,,,0.0,,0.887919704646,,PF,4000
203476,Gorgui,Dieng,14.1,11,MIN@ORL,MIN,ORL,,,29.9,30.75,0,0.844306577007,1.04795483216,0.0241896704543,1.8453844725,1.77283329065,3.35370085353,0.991708957272,1.43224779517,5.12653414418,2.73227636348,0.00504839150678,5.55306417556,1.46059642401,6.93019754247,21.0,0.0111021091923,3.30133536246e-09,16.9955781647,17.9872061389,7.05836331289,6.66780552003,C,3900
203501,Tim,Hardaway Jr.,16.7,70,SAC@ATL,ATL,SAC,,,0.0,0.0,0,0.0,0.0,0.0,0.0,0.0,0.0,0.0,0.0,0.0,0.0,0.0,0.0,0.0,0.0,0.0,,,0.0,,0.561033765165,,SG,3900
202347,Quincy,Pondexter,12.6,75,NO@OKC,NO,OKC,O,Knee,0.0,0.0,0,0.0,0.0,0.0,0.0,0.0,0.0,0.0,0.0,0.0,0.0,0.0,0.0,0.0,0.0,0.0,,,0.0,,0.580124192446,,SF,3900
202687,Bismack,Biyombo,14.2,12,TOR@UTA,TOR,UTA,,,4.4,5.0,0,0.195795323755,0.980326952346,7.7323880813e-06,1.98502794879,1.8851860698,2.68905636132,0.165796034413,0.65345655163,4.57424243111,1.25950214363,2.13080012468e-06,2.73203322629,1.34784721201,3.86685363007,15.0,0.000923806415939,8.58968402868e-11,11.2884269549,11.8452541276,4.2194253397,3.93544563725,C,3900
200757,Thabo,Sefolosha,17.7,10,SAC@ATL,ATL,SAC,,,12.6,13.25,0,1.28553143587,0.509488000328,1.62995775407,1.39090326948,0.959638773032,2.40458701342,1.25224325347,1.00116765579,3.36422578645,2.36865998092,0.623424684363,5.06718944333,0.896258259131,6.25700290533,21.0,0.000630825552692,1.20039979606e-09,14.7446658547,15.726119556,5.97383951347,6.016062571,SF,3900
1889,Andre,Miller,12.3,6,MIN@ORL,MIN,ORL,,,0.0,0.0,0,0.0,0.0,0.0,0.0,0.0,0.0,0.0,0.0,0.0,0.0,0.0,0.0,0.0,0.0,0.0,,,0.0,,0.927561903149,,PG,3900
203088,Kendall,Marshall,10.3,28,IND@PHI,PHI,IND,O,Knee,0.0,0.0,0,0.0,0.0,0.0,0.0,0.0,0.0,0.0,0.0,0.0,0.0,0.0,0.0,0.0,0.0,0.0,,,0.0,,0.899244200232,,PG,3900
201585,Kosta,Koufos,18.5,11,SAC@ATL,SAC,ATL,,,22.2,22.5,0,0.402931327662,0.9334953537,5.49144789709e-05,0.873805712171,2.3187667117,2.73903266566,0.591514175345,0.819833758031,5.05779937737,3.19176600913,1.58242657471e-06,5.88413853309,0.509890441717,6.8934240424,21.0,0.00993121330314,5.9902503904e-10,15.7973655868,16.4750700476,7.44851600023,6.96974718077,C,3800
203080,Thomas,Robinson,10.0,11,BKN@CHA,BKN,CHA,,,5.4,6.0,0,0.294754432696,0.294902498272,0.0117828931025,0.943965394255,1.1432714931,1.59195961394,0.306714712873,0.765654222835,2.73523110705,1.31331435067,0.0002879422663,2.48873311429,0.466316590528,3.09323323413,9.0,1.37146914259e-05,4.97771048587e-17,7.25522241108,7.77497562102,3.96292119168,3.59096310427,PF,3800
203482,Kelly,Olynyk,17.8,9,DAL@BOS,BOS,DAL,,,12.6,13.25,0,0.9429350762,0.511265209865,2.01070704036,1.0189683387,0.925598169394,1.38427582513,0.765857543501,1.01058749497,2.30987399452,2.29097885212,0.643505519537,5.27494241134,0.721902440622,5.9473656644,13.0,3.34932335589e-05,2.50930480463e-12,11.6772750839,12.6198655307,6.00882779417,6.13957257906,C,3800
202344,Trevor,Booker,13.8,9,TOR@UTA,UTA,TOR,,,12.0,12.25,0,0.72068681416,0.424554507601,0.657661126978,0.615058612618,1.38572423077,1.99870485093,0.595395023065,0.696731647391,3.3844290817,1.67426257372,0.154678781212,4.36089163217,0.35838448784,3.8615884165,15.0,0.000167354161257,1.06341070428e-12,10.3471009497,10.9422786494,5.01393931801,4.83674899404,PF,3800
203092,Tyler,Zeller,8.1,7,DAL@BOS,BOS,DAL,,,0.0,0.0,0,0.0,0.0,0.0,0.0,0.0,0.0,0.0,0.0,0.0,0.0,0.0,0.0,0.0,0.0,0.0,,,0.0,,0.781683621806,,C,3800
1626174,Christian,Wood,9.2,9,IND@PHI,PHI,IND,,,12.1,12.75,0,0.465920717632,0.373152924407,0.822513521577,1.16746657279,0.871165731766,1.91541850082,0.382067962975,0.4427332534,2.78658423259,1.77529661445,0.282320972893,4.03817523535,0.854847979681,4.68776218148,11.0,7.27835747116e-05,8.02339057767e-15,9.79825285839,10.3002183585,4.98425308775,4.84606351598,PF,3800
101112,Channing,Frye,14.0,6,MIN@ORL,ORL,MIN,,,1.2,1.25,0,0.312815386048,0.116180597259,1.47754952932,0.189864464804,0.27348940501,0.557720121343,0.132022351269,0.278068646081,0.831209526353,0.884314511721,0.56347071902,2.05386924363,0.153312601397,2.48541234386,7.0,5.72277234628e-10,1.06523947589e-21,4.17042410553,4.63275426526,3.55590675591,3.9268269907,PF,3800
201158,Marco,Belinelli,17.4,11,SAC@ATL,SAC,ATL,,,11.6,13.25,0,2.26620416311,0.019968323579,4.22023807808,2.53415125009,0.309390458186,1.03514561041,0.611115636225,1.42162250363,1.3445360686,3.44328413034,1.52299639671,9.06640181379,2.18146908235,10.5910337397,26.0,8.27153270871e-05,1.28992565876e-10,15.4443286827,16.9839890097,9.34077347076,10.1228598549,SG,3800
201580,JaVale,McGee,9.1,23,DAL@BOS,DAL,BOS,O,Leg,0.0,0.0,0,0.0,0.0,0.0,0.0,0.0,0.0,0.0,0.0,0.0,0.0,0.0,0.0,0.0,0.0,0.0,,,0.0,,0.88414802411,,C,3700
1626158,Richaun,Holmes,10.3,7,IND@PHI,PHI,IND,O,Hamstring,0.0,0.0,0,0.0,0.0,0.0,0.0,0.0,0.0,0.0,0.0,0.0,0.0,0.0,0.0,0.0,0.0,0.0,,,0.0,,0.826541042835,,PF,3700
203914,Gary,Harris,16.2,11,DEN@SA,DEN,SA,,,22.9,23.5,0,1.79933005092,0.272368419234,3.18233258306,1.37934743824,0.629158082371,1.90885689102,1.3360937986,1.48802613829,2.53801497339,3.27304936953,1.08737146423,7.78660422394,1.04352354646,8.67699374974,27.0,0.000159217172381,3.1212019607e-09,16.1505050915,17.5653434766,8.1424213054,8.54732717135,SG,3700
203138,Hollis,Thompson,15.9,11,IND@PHI,PHI,IND,,,19.8,21.75,0,1.55187274777,0.177750653919,4.50970251218,1.4083654547,0.811303557329,2.43289887601,0.713806418204,1.5137455773,3.24420243334,2.98363786461,1.79364360663,7.59790965724,1.06499826145,8.82591759729,27.0,0.000954998273795,5.23738374099e-09,15.3161382059,17.1334754327,8.80558674394,9.86616271698,SF,3700
201949,James,Johnson,9.5,8,TOR@UTA,TOR,UTA,,,6.7,7.75,0,1.16307100431,0.683380211939,0.551936864647,1.33260167446,0.587448541587,1.27934202481,0.582429106063,1.13808637803,1.8667905664,2.02475114357,0.128298802212,3.58708255055,0.830063590347,5.00786467969,15.0,3.53593467485e-06,1.52963183225e-12,10.3861521238,11.1126895462,4.96202808591,4.52038060758,SF,3700
708,Kevin,Garnett,12.5,10,MIN@ORL,MIN,ORL,,,0.0,0.0,0,0.0,0.0,0.0,0.0,0.0,0.0,0.0,0.0,0.0,0.0,0.0,0.0,0.0,0.0,0.0,,,0.0,,0.880280175174,,PF,3700
200826,Jose Juan,Barea,16.0,11,DAL@BOS,DAL,BOS,,,12.1,13.25,0,3.7532869344,0.0486820655989,2.37749631842,1.47288217839,0.427153572628,0.865861209598,0.348513170014,1.4579383393,1.29301478223,2.71341489206,0.694969279655,6.97205446511,1.15523563698,7.27703470075,18.0,0.00184779038525,2.06527741303e-09,13.7950349729,14.9389112133,7.17371503927,7.34345751568,PG,3700
202730,Lavoy,Allen,13.2,10,IND@PHI,IND,PHI,,,20.2,21.0,0,1.26339773912,0.596721822243,0.012220276688,0.881611723302,1.88246254578,2.8246249137,0.312532183099,0.735120561152,4.70708745948,2.06756233764,0.00188862376965,4.84642799053,0.488887444147,4.6259007432,19.0,0.00221870912501,2.02241102737e-09,13.2528897528,13.860076788,6.00861517425,5.70835274392,PF,3700
2549,Chris,Kaman,7.5,3,POR@HOU,POR,HOU,,,0.0,0.0,0,0.0,0.0,0.0,0.0,0.0,0.0,0.0,0.0,0.0,0.0,0.0,0.0,0.0,0.0,0.0,,,0.0,,0.808058892286,,C,3700
202335,Patrick,Patterson,12.0,12,TOR@UTA,TOR,UTA,,,7.0,7.75,0,0.834211295907,0.236411831432,2.56701959175,0.301566218011,0.660302855013,1.66840437674,0.506258379861,0.717950175766,2.32870723176,1.73205351186,0.884658924491,4.36312995842,0.25180802558,4.60057397379,16.0,2.06967575992e-05,4.41068447081e-13,9.41372984258,10.3315007994,5.51208207404,6.03988852831,PF,3700
203926,Doug,McDermott,13.9,10,CHI@PHO,CHI,PHO,,,16.0,16.75,0,0.791696751961,0.126184210035,3.84011818674,1.03379293829,0.501151797147,1.47616786399,0.318764226215,1.08338547016,1.97731966114,4.17303228943,1.73214619694,8.97404326313,0.779912132722,10.8581229085,25.0,2.75671329482e-05,3.58554796192e-13,14.2249630322,15.7316361995,9.5093585942,10.1616631248,SF,3700
200751,Randy,Foye,10.3,11,DEN@SA,DEN,SA,,,-0.5,0.5,0,1.54659911291,0.157425374326,3.57771796455,0.74306221347,0.104113119707,0.757142965447,0.419724524615,0.919666380521,0.861256085154,1.90123517432,0.964709563088,5.76064801131,0.595044754431,5.36222466616,16.0,9.89871874657e-07,2.79538452842e-14,8.95026405507,9.93551631594,6.52471058987,7.22883538063,SG,3600
203098,John,Jenkins,9.8,4,DAL@BOS,DAL,BOS,,,0.0,0.0,0,0.0,0.0,0.0,0.0,0.0,0.0,0.0,0.0,0.0,0.0,0.0,0.0,0.0,0.0,0.0,,,0.0,,0.582381546013,,SG,3600
203462,Archie,Goodwin,10.1,7,CHI@PHO,PHO,CHI,,,0.0,0.0,0,0.493597445099,0.10399781729,0.503477086393,1.21002579977,0.272489724546,0.652447866564,0.18176514293,0.627004531137,0.924937591111,0.970546528466,0.135986279241,2.2749778989,0.799356645954,2.87643598213,7.0,1.17694907467e-09,1.7743676907e-19,4.67127864841,5.09902093492,3.38255724011,3.22837633265,PG,3600
203463,Ben,McLemore,10.0,11,SAC@ATL,SAC,ATL,,,14.2,15.75,0,0.980261344244,0.0553236325051,2.48190205144,1.14344035402,0.386158709882,0.775522154123,0.606996985342,1.07438197298,1.16168086401,2.39830140153,1.03083844401,5.64832854493,0.910462613183,6.73790386026,18.0,1.57304754299e-07,1.21701355774e-14,9.85257217614,10.9632666638,6.47741585847,6.91154421627,SG,3600
201988,Patrick,Mills,15.2,10,DEN@SA,SA,DEN,,,31.7,34.0,0,2.91497502602,0.0938920086815,4.91642748287,0.671322387664,0.458522728143,1.54043009998,1.18162377416,1.14174327236,1.99895282812,4.11376368042,1.88948601274,9.6104498442,0.521043180527,10.6380565541,25.0,0.000592840355013,2.63754899383e-08,18.8185507802,20.4350024038,10.2368382937,11.1929696977,PG,3600
201228,C.J.,Watson,13.1,8,MIN@ORL,ORL,MIN,GTD,Calf,0.0,0.0,0,0.0,0.0,0.0,0.0,0.0,0.0,0.0,0.0,0.0,0.0,0.0,0.0,0.0,0.0,0.0,,,0.0,,0.825825484982,,PG,3600
202720,Jon,Leuer,14.9,10,CHI@PHO,PHO,CHI,,,5.4,5.5,0,0.354198726302,0.0708778102249,0.465550094691,0.430925046711,0.334407418549,0.921808533234,0.133756067319,0.227711870691,1.25621595178,0.862412743471,0.200098330809,2.04782226149,0.272463241141,2.19738705889,6.0,1.01030014132e-08,6.27384355114e-20,4.41770017488,4.69441608837,3.06572387565,3.01825394017,PF,3600
203141,Mirza,Teletovic,9.2,10,CHI@PHO,PHO,CHI,,,11.1,12.25,0,0.820376361326,0.171058143641,3.18839206131,0.491487318694,0.486695042156,1.06516985213,0.286964060244,0.53594812019,1.55186489429,1.68701328697,1.11635600982,4.70819876295,0.346275293681,4.83665787745,13.0,8.55349606129e-07,1.5425899186e-14,8.30955658016,9.2133031729,6.08804096304,6.88016679955,PF,3600
201147,Corey,Brewer,13.6,11,POR@HOU,HOU,POR,,,19.8,22.0,0,1.92826686806,0.21730120472,2.91179161473,2.62540468247,0.685233377516,2.11463640824,1.29591928223,1.23537959221,2.79986978576,3.56515614244,0.671117091913,9.97173811712,1.85147033968,9.65289971648,27.0,0.000397163193328,1.34185463539e-08,17.6962051432,18.7900427596,9.38002548461,9.50195519176,SF,3600
204060,Joe,Ingles,9.4,10,TOR@UTA,UTA,TOR,,,4.4,6.0,0,0.843359954397,0.0583852746022,1.13414764435,0.174310724793,0.092150178998,0.632769372989,0.366459749575,0.414171729001,0.724919551987,0.91606936306,0.45694287365,1.93927637366,0.143431730865,2.43251333064,9.0,6.61987873648e-10,3.04852514722e-18,5.00297504397,5.47477832389,3.33559900293,3.54190042976,SF,3500
203963,Shayne,Whittington,-2.0,1,IND@PHI,IND,PHI,,,0.0,0.0,0,0.0,0.0,0.0,0.0,0.0,0.0,0.0,0.0,0.0,0.0,0.0,0.0,0.0,0.0,0.0,,,0.0,,0.827925034471,,C,3500
1626209,Mario,Hezonja,6.9,11,MIN@ORL,ORL,MIN,,,7.4,7.5,0,0.456673594673,0.0731926423434,1.21305361806,0.405074456593,0.142726864796,0.741930784902,0.200836720809,0.623906305783,0.884657649697,1.06640185416,0.420949880384,2.65366004255,0.337621174533,2.89137476324,8.0,1.2048844218e-09,8.64068741655e-20,4.5621267554,5.12878773278,3.6666129115,3.83328858531,SF,3500
203461,Anthony,Bennett,3.6,7,TOR@UTA,TOR,UTA,,,0.0,0.0,0,0.0,0.0,0.0,0.0,0.0,0.0,0.0,0.0,0.0,0.0,0.0,0.0,0.0,0.0,0.0,,,0.0,,0.756369668843,,PF,3500
1626181,Norman,Powell,3.3,7,TOR@UTA,TOR,UTA,,,2.0,2.0,0,0.120488211945,0.0291975742322,0.192161308731,0.116582565284,0.153274854924,0.359646465627,0.110094950892,0.166999854987,0.51292132055,0.441053497359,0.039474352943,1.12591134121,0.0858916644607,1.00747301212,3.0,1.09521013529e-13,2.45877083544e-29,1.91529610996,2.04417927995,2.0562058578,1.91421686584,SG,3500
2406,Caron,Butler,6.6,6,SAC@ATL,SAC,ATL,,,0.0,0.0,0,0.0,0.0,0.0,0.0,0.0,0.0,0.0,0.0,0.0,0.0,0.0,0.0,0.0,0.0,0.0,,,0.0,,0.604515361318,,SF,3500
2034,Mike,Miller,2.9,9,DEN@SA,DEN,SA,,,0.0,0.0,0,0.0,0.0,0.0,0.0,0.0,0.0,0.0,0.0,0.0,0.0,0.0,0.0,0.0,0.0,0.0,,,0.0,,0.603276367046,,SF,3500
201962,Toney,Douglas,15.5,9,NO@OKC,NO,OKC,,,10.5,11.5,0,1.72475948442,0.124659300901,1.89424625943,0.974683949695,0.281174916901,0.451079935581,0.725686992139,0.876538142596,0.732254852482,1.88409242216,0.65275285749,4.58418548084,0.772684159332,5.19362186114,14.0,2.20262755061e-06,2.65688201214e-14,9.48362135424,10.2848829008,5.39622252753,5.6195428793,PG,3500
1626257,Salah,Mejri,2.2,5,DAL@BOS,DAL,BOS,,,0.0,0.0,0,0.0,0.0,0.0,0.0,0.0,0.0,0.0,0.0,0.0,0.0,0.0,0.0,0.0,0.0,0.0,,,0.0,,0.871664190769,,C,3500
203200,Justin,Holiday,7.7,10,SAC@ATL,ATL,SAC,,,11.1,13.25,0,1.22684304567,0.421747887632,2.88597483022,0.65856091105,0.312512230377,0.919585961957,0.889139895125,0.929737014062,1.23209819233,2.12992495718,0.82532445843,5.68737184145,0.525206450439,5.61038082322,18.0,2.95365663517e-07,1.13806640574e-13,10.621201774,11.5603378629,6.27565727023,6.71810435524,SG,3500
203940,Adreian,Payne,8.9,6,MIN@ORL,MIN,ORL,,,6.5,7.25,0,0.731578880401,0.206102401771,0.501212580217,0.827624526309,0.967626970945,1.8405334697,0.42943720212,0.980006617856,2.80816044065,2.17927055739,0.215140916818,4.94714980029,0.594040004571,5.16772203618,16.0,0.000100863630362,6.32898362382e-13,9.92595547548,10.6640885603,5.88425621011,5.65938449451,PF,3500
201582,Alexis,Ajinca,9.6,11,NO@OKC,NO,OKC,,,28.5,31.0,0,0.931174785344,1.22031959944,0.0319174300991,1.53798750849,2.44848096359,3.63926055991,0.600381798938,1.54052668475,6.0877415235,4.21522482057,0.0098881315753,7.81088159952,1.29623065076,9.73656842347,23.0,0.0524968684769,3.82295039074e-08,20.5394965417,21.6978364434,9.41194319127,8.92288875464,C,3500
204014,Damjan,Rudez,1.8,5,MIN@ORL,MIN,ORL,,,0.0,0.0,0,0.0,0.0,0.0,0.0,0.0,0.0,0.0,0.0,0.0,0.0,0.0,0.0,0.0,0.0,0.0,,,0.0,,0.541006870973,,SF,3500
203118,Mike,Scott,7.9,12,SAC@ATL,ATL,SAC,,,0.0,0.0,0,0.0,0.0,0.0,0.0,0.0,0.0,0.0,0.0,0.0,0.0,0.0,0.0,0.0,0.0,0.0,,,0.0,,0.683965632124,,SF,3500
203475,Erick,Green,0.9,3,DEN@SA,DEN,SA,,,0.0,0.0,0,0.0,0.0,0.0,0.0,0.0,0.0,0.0,0.0,0.0,0.0,0.0,0.0,0.0,0.0,0.0,,,0.0,,0.673447419146,,SG,3500
1626167,Myles,Turner,11.5,8,IND@PHI,IND,PHI,O,Finger,0.0,0.0,0,0.0,0.0,0.0,0.0,0.0,0.0,0.0,0.0,0.0,0.0,0.0,0.0,0.0,0.0,0.0,,,0.0,,0.811034325937,,PF,3500
200779,Steve,Novak,4.2,1,NO@OKC,OKC,NO,,,0.0,0.0,0,0.0,0.0,0.0,0.0,0.0,0.0,0.0,0.0,0.0,0.0,0.0,0.0,0.0,0.0,0.0,,,0.0,,0.46938023534,,SF,3500
203082,Terrence,Ross,10.4,7,TOR@UTA,TOR,UTA,O,Finger,0.0,0.0,0,0.0,0.0,0.0,0.0,0.0,0.0,0.0,0.0,0.0,0.0,0.0,0.0,0.0,0.0,0.0,,,0.0,,0.627888815371,,SG,3500
203503,Tony,Snell,13.4,10,CHI@PHO,CHI,PHO,,,1.2,2.75,0,0.941787279766,0.307772990876,2.57322398151,0.599766847504,0.220259139129,1.76793942064,0.329305821681,0.85513854227,1.98819855977,1.86999501855,1.08651987461,4.92169799963,0.535679244514,5.36218915621,19.0,8.36523290038e-06,5.38509757827e-13,9.57972743043,10.6499791147,5.86617291366,6.4904998864,SG,3500
203962,Josh,Huestis,0.0,0,NO@OKC,OKC,NO,,,0.0,0.0,0,0.0,0.0,0.0,0.0,0.0,0.0,0.0,0.0,0.0,0.0,0.0,0.0,0.0,0.0,0.0,,,0.0,,0.845620626624,,SF,3500
203960,Jakarr,Sampson,10.1,11,IND@PHI,PHI,IND,,,8.6,10.25,0,0.802762085178,0.251252194314,1.279977505,1.97814080484,0.708863547945,1.83652916831,0.512062582644,1.49299210931,2.54539271626,2.73114890659,0.34292737809,5.69958566179,1.30930724596,7.11453243723,19.0,0.00010414511755,1.56329612159e-12,11.4067842691,12.4521698663,6.54303121939,6.30600903954,SF,3500
203946,Cameron,Bairstow,2.8,2,CHI@PHO,CHI,PHO,,,0.0,0.0,0,0.0,0.0,0.0,0.0,0.0,0.0,0.0,0.0,0.0,0.0,0.0,0.0,0.0,0.0,0.0,,,0.0,,0.764119583146,,PF,3500
1626251,Duje,Dukan,0.0,0,SAC@ATL,SAC,ATL,,,0.0,0.0,0,0.0,0.0,0.0,0.0,0.0,0.0,0.0,0.0,0.0,0.0,0.0,0.0,0.0,0.0,0.0,,,0.0,,0.845620626624,,PF,3500
203090,Maurice,Harkless,13.2,12,POR@HOU,POR,HOU,,,17.1,19.5,0,0.92271295201,0.332976376154,1.6462780763,1.3312118565,1.20781575591,1.79521550477,0.624719736475,0.988640520644,3.00303126068,2.06319479265,0.556829513996,4.70445763843,0.815704034179,5.49892313347,19.0,0.000204659302478,1.12284874578e-11,11.4133817789,12.3365753483,5.53549825789,5.60676798752,SF,3500
1626163,Frank,Kaminsky,7.8,10,BKN@CHA,CHA,BKN,,,17.1,19.25,0,1.68551671249,0.604625097016,2.26658771744,1.23029814635,0.737346635615,2.71930334023,0.765203902488,0.949257570494,3.45664997585,2.82012887505,0.936739667256,6.59916174143,0.945917375231,7.52291479258,23.0,0.00113337014078,1.25851613222e-08,15.9895702609,17.1071014715,7.12582454422,7.3882005227,PF,3500
1626176,Rakeem,Christmas,0.0,0,IND@PHI,IND,PHI,,,0.0,0.0,0,0.0,0.0,0.0,0.0,0.0,0.0,0.0,0.0,0.0,0.0,0.0,0.0,0.0,0.0,0.0,,,0.0,,0.845620626624,,PF,3500
201961,Wayne,Ellington,7.8,11,BKN@CHA,BKN,CHA,,,7.9,8.0,0,0.788686656295,0.0513151958904,1.93479331869,0.339946753523,0.208801001392,0.69708430042,0.514708650474,0.245756982341,0.905885301813,1.72380382279,0.619015731929,4.69142101447,0.293805481611,4.36042885912,14.0,6.24854357147e-09,6.25488167132e-17,7.51681191613,7.99449254772,5.20557989721,5.47545616318,SG,3500
201973,Jonas,Jerebko,8.2,10,DAL@BOS,BOS,DAL,,,2.4,2.5,0,0.315809340262,0.069887284877,0.371046066007,0.301593192686,0.349389851742,0.508797767722,0.100431261848,0.249096603505,0.858187619463,0.616850604078,0.150843537522,1.28849938414,0.274370894167,1.65891563984,5.0,1.15799959076e-10,2.36392653461e-22,3.25399528354,3.4968747352,2.48315649334,2.40855042496,PF,3500
203481,Jeff,Withey,8.1,3,TOR@UTA,UTA,TOR,,,4.2,4.75,0,0.28659938895,0.594264998331,0.00984376371096,1.10666094838,0.67958034165,0.692863555491,0.160286232112,0.313055158017,1.37244389714,0.932965562152,0.00243457951182,1.7965489991,0.763266623592,2.63163232741,8.0,2.25667903323e-08,1.99349464228e-17,5.90451139027,6.13087848774,3.2617355626,2.94958359602,C,3500
1626146,Cliff,Alexander,6.4,2,POR@HOU,POR,HOU,,,2.0,2.0,0,0.180080139062,0.163255633124,0.160070221461,0.229950964062,0.177217440964,0.520104458253,0.112960267908,0.187779128516,0.697321899217,0.548111313407,0.0440847838797,1.22424026867,0.16941530665,1.30972271734,4.0,4.88536696266e-12,5.70169161253e-26,2.78128187855,2.93207992971,2.32341442603,2.14228840789,PF,3500
201603,Sonny,Weems,4.0,8,CHI@PHO,PHO,CHI,,,0.0,0.0,0,0.0,0.0,0.0,0.0,0.0,0.0,0.0,0.0,0.0,0.0,0.0,0.0,0.0,0.0,0.0,,,0.0,,0.723405918714,,SF,3500
2570,Kendrick,Perkins,9.5,3,NO@OKC,NO,OKC,O,Pectoral,0.0,0.0,0,0.0,0.0,0.0,0.0,0.0,0.0,0.0,0.0,0.0,0.0,0.0,0.0,0.0,0.0,0.0,,,0.0,,0.785342715413,,C,3500
201978,Chase,Budinger,9.4,11,IND@PHI,IND,PHI,,,28.7,30.0,0,1.99654866695,0.512417247979,3.69572581484,2.01951062495,0.852299065814,2.24237522272,0.955925854695,1.10169866371,3.09467428853,3.4949452383,1.33191223197,8.42814427757,1.4572155428,9.77901825137,31.0,0.000820060217792,3.64459822448e-08,18.3224379397,19.6952073016,8.82895271284,9.40979325458,SF,3500
203584,Troy,Daniels,2.8,4,BKN@CHA,CHA,BKN,,,0.0,0.0,0,0.0,0.0,0.0,0.0,0.0,0.0,0.0,0.0,0.0,0.0,0.0,0.0,0.0,0.0,0.0,,,0.0,,0.591707650147,,SG,3500
201967,Dante,Cunningham,12.5,11,NO@OKC,NO,OKC,,,23.2,24.0,0,0.91168022874,0.502614876386,1.20989683353,0.759704343953,1.04646809541,2.8975569767,0.686505320513,0.483183356636,3.94402507211,2.63418331263,0.324956576855,5.45802338825,0.446757235806,6.04008043792,27.0,0.0016832933069,8.66593570363e-11,14.0354879047,14.6392840653,6.22471466703,5.97703646902,PF,3500
203187,Chris,Johnson,3.5,7,TOR@UTA,UTA,TOR,,,1.2,1.25,0,0.170090846528,0.0468712717067,0.854055199758,0.231948410242,0.131050610802,0.239182847087,0.208704379078,0.162749998329,0.370233457888,0.562862873111,0.26329934577,1.48299923645,0.169817071497,1.55884216349,5.0,5.04954703217e-14,2.03886172958e-27,2.60665988599,2.83819623093,2.55613198913,2.70351465695,SG,3500
101109,Raymond,Felton,14.7,11,DAL@BOS,DAL,BOS,,,20.4,21.0,0,2.9625420235,0.195224875999,2.37323457985,1.57334366811,0.429923729567,1.34999658138,0.74631373548,1.57138704118,1.77992031094,3.42705372976,0.646302552546,8.42308096559,1.29621533295,8.79662534502,25.0,0.000503333793087,8.73168831809e-09,15.6880329352,16.8866287745,8.40818880292,8.44249066552,PG,3500
201571,D.J.,Augustin,12.8,11,NO@OKC,OKC,NO,,,12.7,14.75,0,2.6123426786,0.0526674587274,1.89317318968,1.64772198908,0.195326581566,0.8278015879,0.593792236812,1.38596241447,1.02312816947,2.00506470713,0.76644445568,4.6762668745,1.2586092399,6.03518310984,16.0,8.99390529889e-05,1.24105079973e-11,11.0884079077,12.2159026599,5.65134938534,5.91382973565,PG,3500
203906,Roy Devyn,Marble,1.6,2,MIN@ORL,ORL,MIN,,,0.0,0.0,0,0.0,0.0,0.0,0.0,0.0,0.0,0.0,0.0,0.0,0.0,0.0,0.0,0.0,0.0,0.0,,,0.0,,0.73108128219,,SG,3500
1891,Jason,Terry,6.8,9,POR@HOU,HOU,POR,,,14.3,16.0,0,2.57871436731,0.252536042062,5.64385027703,0.731600014506,0.320769275507,0.778768227359,0.958852041231,1.61256850958,1.09953750287,3.2091678781,2.07777297574,7.56980484421,0.642404718632,9.13851345057,29.0,0.00018198190325,6.16548625192e-11,15.136237662,17.0366582528,9.86622897932,11.2018267675,PG,3500
202379,Jeremy,Evans,5.9,9,DAL@BOS,DAL,BOS,,,-1.0,-0.5,0,0.0352345520996,0.0406249271403,0.0168452692484,0.0866331304112,0.0788643767937,0.117707715944,0.0303878295123,0.0317214739965,0.196572092738,0.117572985554,0.00590112570176,0.207984473852,0.0658350664553,0.306882163264,1.0,4.11732127091e-20,1.73704664162e-40,0.705924542008,0.734564446494,1.24184078265,1.140557659,PF,3500
1626145,Tyus,Jones,2.9,2,MIN@ORL,MIN,ORL,,,0.0,0.0,0,0.0,0.0,0.0,0.0,0.0,0.0,0.0,0.0,0.0,0.0,0.0,0.0,0.0,0.0,0.0,,,0.0,,0.807685603354,,PG,3500
203460,Andre,Roberson,11.6,10,NO@OKC,OKC,NO,GTD,Illness,20.1,21.5,0,1.19999502148,0.626959651889,2.16742795968,1.14648191856,1.25046775316,2.463806296,1.06457706163,0.807434412994,3.71427404916,2.55530389405,0.676868450883,5.37366646853,0.649083029587,6.43655926858,29.0,0.00134124495252,1.03819233853e-09,15.2693196738,16.1991966788,6.21089682466,6.2968072789,SG,3500
203900,Markel,Brown,8.1,5,BKN@CHA,BKN,CHA,,,0.0,0.0,0,0.314596202947,0.0723901835635,0.586012494876,0.326241498852,0.0710474858746,0.171304568897,0.188016228178,0.205438164543,0.242352054771,0.503782802168,0.136078464908,1.43523668672,0.240605788708,1.38424985795,5.0,4.89385878425e-15,7.59467619669e-28,2.46234128704,2.6452172045,2.30512993269,2.30068238809,SG,3500
1626166,Cameron,Payne,2.3,6,NO@OKC,OKC,NO,,,0.0,0.0,0,0.0,0.0,0.0,0.0,0.0,0.0,0.0,0.0,0.0,0.0,0.0,0.0,0.0,0.0,0.0,,,0.0,,0.877012276152,,PG,3500
203909,K.J.,McDaniels,3.0,4,POR@HOU,HOU,POR,,,0.0,0.0,0,0.0,0.0,0.0,0.0,0.0,0.0,0.0,0.0,0.0,0.0,0.0,0.0,0.0,0.0,0.0,,,0.0,,0.828717131268,,SF,3500
2550,Kirk,Hinrich,7.6,3,CHI@PHO,CHI,PHO,,,26.4,28.0,0,2.76163780197,0.16558547698,2.37273631367,1.28193026507,0.23078450861,0.564026003056,0.872162860598,1.07223138986,0.794810511666,2.76938444483,1.00058224694,6.20265059544,0.991826548839,7.53117768544,24.0,0.000221489723621,1.00410597787e-11,13.6306722877,14.7071518663,6.93478294004,7.24628507615,SG,3500
201627,Anthony,Morrow,6.1,10,NO@OKC,OKC,NO,,,11.4,13.0,0,0.408804573537,0.0437856398678,2.60513856088,0.352998337848,0.240368276168,0.582546551516,0.507739545487,0.327126483191,0.822914827684,1.79777367282,0.964778355438,4.41730308089,0.311519202925,4.871844904,14.0,2.83573072531e-09,6.24926426526e-19,7.24847344505,7.93557161,5.63099925163,6.20041520067,SG,3500
202734,E'Twaun,Moore,10.2,10,CHI@PHO,CHI,PHO,,,7.7,8.25,0,0.873272098761,0.155802971594,1.01820974522,0.374046508352,0.205378704274,0.899830333107,0.437642158854,0.481587732338,1.10520903738,1.68891554248,0.359100546668,3.70193975959,0.267236174432,4.00416780605,14.0,2.47034122944e-08,7.13711103199e-16,7.34562932761,7.82123395603,4.61223114254,4.53399479835,PG,3500
202353,Tibor,Pleiss,1.6,4,TOR@UTA,UTA,TOR,,,0.0,0.0,0,0.0,0.0,0.0,0.0,0.0,0.0,0.0,0.0,0.0,0.0,0.0,0.0,0.0,0.0,0.0,,,0.0,,0.810870479905,,C,3500
203123,Kostas,Papanikolaou,5.9,7,DEN@SA,DEN,SA,,,0.0,0.0,0,0.0842325144086,0.0163021169201,0.125526124682,0.0274855847328,0.0482858802296,0.0786150179753,0.0344128189259,0.0618405466207,0.126900898205,0.101606884378,0.0363797086965,0.250648424747,0.0183747975483,0.257968275002,1.0,3.08353509874e-21,1.39144478172e-38,0.576187449532,0.631642622101,1.19359034001,1.17753276756,SF,3500
203961,Eric,Moreland,2.5,3,SAC@ATL,SAC,ATL,,,0.0,0.0,0,0.0,0.0,0.0,0.0,0.0,0.0,0.0,0.0,0.0,0.0,0.0,0.0,0.0,0.0,0.0,,,0.0,,0.838381179146,,PF,3500
1626175,Jordan,Mickey,6.1,2,DAL@BOS,BOS,DAL,,,0.0,0.0,0,0.0,0.0,0.0,0.0,0.0,0.0,0.0,0.0,0.0,0.0,0.0,0.0,0.0,0.0,0.0,,,0.0,,0.940961584844,,PF,3500
101111,Charlie,Villanueva,14.1,10,DAL@BOS,DAL,BOS,GTD,Foot,0.0,0.0,0,0.0,0.0,0.0,0.0,0.0,0.0,0.0,0.0,0.0,0.0,0.0,0.0,0.0,0.0,0.0,,,0.0,,0.734957383354,,PF,3500
202341,James,Anderson,5.1,9,SAC@ATL,SAC,ATL,,,0.0,0.0,0,0.0,0.0,0.0,0.0,0.0,0.0,0.0,0.0,0.0,0.0,0.0,0.0,0.0,0.0,0.0,,,0.0,,0.685542041139,,SG,3500
2419,Tayshaun,Prince,8.2,11,MIN@ORL,MIN,ORL,,,9.1,9.25,0,1.44816847555,0.198518618639,0.811981402826,0.999531521796,0.88568254681,1.98553648987,0.581527150133,0.628393645169,2.87121903668,2.66984680451,0.310232184717,5.88732485788,0.659275825368,6.30920161911,30.0,0.000200355053594,6.02929315856e-10,12.8586150688,13.47178947,6.70125769215,6.48300572737,SF,3500
203488,Mike,Muscala,5.8,7,SAC@ATL,ATL,SAC,,,6.0,6.0,0,0.571404715423,0.363283860169,0.431228508848,0.666493738614,0.714598632304,0.999525927386,0.285314723092,0.456051383819,1.71412455969,1.45381271073,0.205014372858,2.82236944982,0.547292424042,3.65993221835,10.0,7.03584122473e-07,4.3453951608e-16,7.41513454582,7.83137470752,4.10678780936,3.88081594487,PF,3500
1626246,Boban,Marjanovic,3.8,5,DEN@SA,SA,DEN,,,0.0,0.0,0,0.0,0.0,0.0,0.0,0.0,0.0,0.0,0.0,0.0,0.0,0.0,0.0,0.0,0.0,0.0,,,0.0,,0.906254643721,,C,3500
202713,Kyle,Singler,5.7,10,NO@OKC,OKC,NO,,,9.4,10.0,0,0.504071282837,0.326534798889,2.99731116054,0.81385416625,0.423358347663,1.39634582321,0.740075319756,0.986866054674,1.81970417088,1.71372081275,0.961359913705,5.38458567399,0.604957509068,4.99375904828,21.0,3.3541607284e-06,2.39147007061e-14,9.0798651602,10.1449683842,6.02545572696,6.69467247088,SF,3500
202714,Shelvin,Mack,7.5,4,SAC@ATL,ATL,SAC,,,19.3,20.0,0,2.83133380077,0.0267009101956,2.30740598982,0.674270499301,0.123942812807,0.658184605127,0.763311412409,1.04886105699,0.782127417934,2.22538436907,0.697931004806,5.72309849762,0.58546437468,5.73416411762,16.0,0.000149706504407,3.12620195163e-12,11.4508813085,12.3636082701,6.1756776988,6.42517970238,PG,3500
203459,Allen,Crabbe,13.2,12,POR@HOU,POR,HOU,,,24.0,26.25,0,1.92951473889,0.468275720279,4.64874627505,1.32906296815,0.503717556336,2.29968900735,1.22231309736,1.14260109241,2.80340656369,5.16422257182,1.64738586715,11.2977682222,1.04950513606,13.0253361469,39.0,0.000552914442307,1.85394902104e-08,21.5222726745,23.0582659097,11.2541522885,11.85861469,SG,3500
203492,Ray,McCallum,2.9,6,DEN@SA,SA,DEN,,,0.0,0.0,0,0.0,0.0,0.0,0.0,0.0,0.0,0.0,0.0,0.0,0.0,0.0,0.0,0.0,0.0,0.0,,,0.0,,0.786999486455,,PG,3500
202708,Norris,Cole,15.9,75,NO@OKC,NO,OKC,O,Ankle,0.0,0.0,0,0.0,0.0,0.0,0.0,0.0,0.0,0.0,0.0,0.0,0.0,0.0,0.0,0.0,0.0,0.0,,,0.0,,0.737434341042,,PG,3500
203934,Lamar,Patterson,5.7,7,SAC@ATL,ATL,SAC,,,19.0,20.25,0,2.30120802485,0.175010837241,2.99665598671,2.32632772323,0.884469240145,2.48604422968,0.788716903959,1.24468229808,3.37051346983,2.10257705869,0.781389792732,5.78612803396,1.64420886314,6.63075277326,25.0,0.000761468992397,1.04131032492e-07,14.8099541586,15.9926583934,6.44435210424,6.86824218444,SG,3500
2446,Rasual,Butler,7.9,9,DEN@SA,SA,DEN,,,15.1,15.75,0,0.927550565414,0.464968579439,2.37512310278,0.615526334295,0.162734357399,0.968761780315,0.498341392593,0.401408534713,1.13149613771,1.95899170729,0.777901669481,4.68376694444,0.469462182322,5.16534726639,15.0,6.57580188209e-08,3.18024401737e-15,9.43967988912,10.0859098967,5.63215477575,5.98829059862,SF,3500
201946,Tyler,Hansbrough,2.9,3,BKN@CHA,CHA,BKN,,,0.0,0.0,0,0.0,0.0,0.0,0.0,0.0,0.0,0.0,0.0,0.0,0.0,0.0,0.0,0.0,0.0,0.0,,,0.0,,0.724898551686,,PF,3500
202690,Jimmer,Fredette,1.8,3,NO@OKC,NO,OKC,,,-1.0,-0.5,0,0.451735227638,0.0161405799981,0.448019807244,0.297689185176,0.0601484830055,0.0602853703318,0.128098571052,0.286592502513,0.120433853337,0.566055542353,0.127799013423,1.42041696119,0.280251374806,1.54016147293,4.0,1.96679600443e-13,8.85821399767e-29,2.36417073798,2.57738818862,2.40758413961,2.34620530987,SG,3500
204025,Tim,Frazier,1.3,5,POR@HOU,POR,HOU,,,6.7,7.25,0,1.415644149,0.0190765522795,0.38702827211,0.475039631936,0.181125567415,0.2903494852,0.223617289794,0.534591932483,0.471475052615,0.566104723104,0.111361077268,1.46970478263,0.271337226934,1.51490775041,6.0,6.72366130589e-09,6.56025228937e-19,4.15493978871,4.5014900563,2.49504149436,2.42192606472,PG,3500
101236,Chuck,Hayes,6.8,2,POR@HOU,HOU,POR,,,0.0,0.0,0,0.0,0.0,0.0,0.0,0.0,0.0,0.0,0.0,0.0,0.0,0.0,0.0,0.0,0.0,0.0,,,0.0,,0.809432383888,,C,3500
202407,Elijah,Millsap,3.7,7,TOR@UTA,UTA,TOR,,,0.0,0.0,0,0.0,0.0,0.0,0.0,0.0,0.0,0.0,0.0,0.0,0.0,0.0,0.0,0.0,0.0,0.0,,,0.0,,0.781199227567,,SF,3500
202337,Luke,Babbitt,13.1,9,NO@OKC,NO,OKC,,,14.7,16.0,0,0.98078807365,0.362567275934,4.11636656469,0.745697308035,0.410692445657,2.95148611437,0.29882523412,0.696587277698,3.36217856003,2.75916955431,1.62936292328,6.42888720057,0.530680473561,7.67838250547,27.0,0.000975977190711,9.1143541815e-11,13.8103766304,15.1429246249,8.01474037173,8.97170147342,SF,3500
202388,Donald,Sloan,3.7,2,BKN@CHA,BKN,CHA,,,0.0,0.0,0,0.0,0.0,0.0,0.0,0.0,0.0,0.0,0.0,0.0,0.0,0.0,0.0,0.0,0.0,0.0,,,0.0,,0.742629874112,,PG,3500
203552,Seth,Curry,5.0,6,SAC@ATL,SAC,ATL,,,0.0,0.0,0,0.0,0.0,0.0,0.0,0.0,0.0,0.0,0.0,0.0,0.0,0.0,0.0,0.0,0.0,0.0,,,0.0,,0.763104999389,,SG,3500
1626245,Cristiano,Felicio,1.5,1,CHI@PHO,CHI,PHO,,,0.0,0.0,0,0.0,0.0,0.0,0.0,0.0,0.0,0.0,0.0,0.0,0.0,0.0,0.0,0.0,0.0,0.0,,,0.0,,0.884062911993,,C,3500
1626242,Luis,Montero,1.6,2,POR@HOU,POR,HOU,,,0.0,0.0,0,0.0,0.0,0.0,0.0,0.0,0.0,0.0,0.0,0.0,0.0,0.0,0.0,0.0,0.0,0.0,,,0.0,,0.817576197931,,SF,3500
201589,Darrell,Arthur,11.4,10,DEN@SA,DEN,SA,O,Illness,14.0,15.25,0,1.09842005372,0.749289359861,1.45121720419,0.618171801059,1.06550224033,1.8149335453,0.657334332905,0.621819432409,2.88043578563,2.16560823808,0.371789495858,6.18253419224,0.508147553939,5.21115352595,18.0,0.000129879099756,3.51575714405e-11,12.5067345024,13.1477555746,6.26178516312,6.24468818724,PF,3500
203894,Shabazz,Napier,7.2,10,MIN@ORL,ORL,MIN,,,12.5,13.5,0,1.80089827277,0.0382440080115,2.07742398752,0.767232197742,0.195256751062,0.537785658115,0.615149240147,1.34062415938,0.733042409178,1.7615136858,0.801224103129,4.33065360731,0.612300763289,4.93655223803,15.0,2.89718366667e-06,2.19427989905e-14,8.48371287514,9.59129347263,5.30750278246,5.69198418719,PG,3500
203524,Solomon,Hill,2.1,2,IND@PHI,IND,PHI,,,12.5,13.25,0,0.777924808694,0.073953147733,1.01260286544,0.741279278228,0.344681500324,0.589717526465,0.319725573611,0.581779157281,0.934399026789,1.2222936017,0.271733866282,3.06647281627,0.608738326286,3.32505939597,11.0,2.99024608494e-09,2.79106653367e-17,5.81880372657,6.29228019417,3.89633202429,3.86391451769,SG,3500
203923,James,Young,0.0,1,DAL@BOS,BOS,DAL,,,0.0,0.0,0,0.0,0.0,0.0,0.0,0.0,0.0,0.0,0.0,0.0,0.0,0.0,0.0,0.0,0.0,0.0,,,0.0,,0.597620229554,,SF,3500
202087,Alonzo,Gee,9.0,11,NO@OKC,NO,OKC,,,13.2,14.5,0,0.963376574531,0.396350097305,1.71876056238,1.60993483247,1.51828081896,2.67428228247,1.49823918002,1.55746294218,4.19256310142,2.81935104621,0.44055897848,6.66564905161,1.1557832756,7.23504434649,31.0,0.00374297976214,1.54728260109e-08,15.9429005425,17.1571541739,7.05689471464,6.96229008557,SF,3500
1626202,Joseph,Young,1.7,3,IND@PHI,IND,PHI,,,11.7,12.75,0,1.74464034831,0.246642814335,1.78375661438,2.62734434726,0.485055507331,2.05489145002,0.740096069359,1.30124820634,2.53994695735,2.42181876662,0.36642463889,6.25344559488,2.02003935076,7.2301015229,21.0,0.000110167247497,1.56846741691e-09,13.5672279552,14.5282269813,6.60918676595,6.53819449351,SG,3500
203956,Mitch,McGary,3.1,5,NO@OKC,OKC,NO,,,0.0,0.0,0,0.0,0.0,0.0,0.0,0.0,0.0,0.0,0.0,0.0,0.0,0.0,0.0,0.0,0.0,0.0,,,0.0,,0.835229941302,,PF,3500
1626151,Aaron,Harrison,0.0,0,BKN@CHA,CHA,BKN,,,0.0,0.0,0,0.0,0.0,0.0,0.0,0.0,0.0,0.0,0.0,0.0,0.0,0.0,0.0,0.0,0.0,0.0,,,0.0,,0.845620626624,,PG,3500
203943,Noah,Vonleh,6.4,12,POR@HOU,POR,HOU,,,10.2,11.0,0,0.325914901073,0.320270376474,0.632522753835,1.00493780684,1.01050774175,1.85426201859,0.174417659671,0.661665637197,2.86476976034,1.29282087381,0.162768913107,3.25095879731,0.70787774888,3.45628840961,13.0,3.36075573122e-05,1.71983074879e-16,7.71059490872,8.26610108322,4.10449759441,3.95758599095,PF,3500
203613,Jonathon,Simmons,9.4,1,DEN@SA,SA,DEN,,,0.0,0.0,0,0.0,0.0,0.0,0.0,0.0,0.0,0.0,0.0,0.0,0.0,0.0,0.0,0.0,0.0,0.0,,,0.0,,0.896548115882,,SG,3500
203922,Glenn,Robinson III,9.0,7,IND@PHI,IND,PHI,,,15.6,16.75,0,0.838499534842,0.218659683505,1.45900293846,2.17335282839,0.889081953542,1.8894030644,0.596114263986,0.865195651241,2.77848501794,2.33666689088,0.381252574466,5.59919803484,1.53954055384,6.59412691006,21.0,0.000170784327492,3.93743670482e-12,11.9504104776,12.7128150179,6.22300898803,6.13121879739,SF,3500
1626149,Montrezl,Harrell,8.2,10,POR@HOU,HOU,POR,,,2.0,2.0,0,0.177414010608,0.143612311456,0.0743941176476,0.707787999801,0.41399189162,0.699152647084,0.176037227778,0.321330516224,1.1131445387,0.806449170102,0.0204888115258,1.5059484911,0.4677885338,2.10117568553,6.0,1.64691880456e-09,2.4474074912e-23,4.02103871013,4.24760560341,2.87650369837,2.56923370198,PF,3500
1626179,Terry,Rozier,4.2,6,DAL@BOS,BOS,DAL,,,0.0,0.0,0,0.0,0.0,0.0,0.0,0.0,0.0,0.0,0.0,0.0,0.0,0.0,0.0,0.0,0.0,0.0,,,0.0,,0.811926501623,,PG,3500
2555,Nick,Collison,8.2,8,NO@OKC,OKC,NO,,,12.6,14.25,0,1.55634474697,0.490083777353,0.648865725234,0.89421265693,1.44356893166,2.12898884881,0.640852107118,1.13964601385,3.57255778047,1.53829594479,0.139201917606,3.64227663818,0.697820222733,3.91361402992,18.0,0.000242369421168,1.36349806103e-09,11.657426242,12.475841655,4.5448487722,4.32438524307,PF,3500
1626171,Bobby,Portis,9.0,2,CHI@PHO,CHI,PHO,,,0.0,0.0,0,0.0,0.0,0.0,0.0,0.0,0.0,0.0,0.0,0.0,0.0,0.0,0.0,0.0,0.0,0.0,,,0.0,,0.832664324594,,PF,3500
203515,Phil (Flip),Pressey,11.1,7,IND@PHI,PHI,IND,GTD,Illness,19.1,21.25,0,4.42247888194,0.113201075978,1.99126049562,1.5223974654,0.264832573565,1.13752254109,0.978733493712,1.60665452751,1.40235511466,2.25059758327,0.59659944587,5.61535060713,0.954437290061,6.05223190246,19.0,0.00355555636845,8.43739042726e-09,14.9459909748,16.1230690771,6.16185194738,6.28853428931,PG,3500
1626178,Rondae,Hollis-Jefferson,14.7,11,BKN@CHA,BKN,CHA,,,9.9,10.5,0,1.83571105673,0.526337503243,0.264432222879,1.60097788302,1.71199211892,4.43904678097,1.16952807518,1.38638368558,6.15103889989,2.29150029109,0.0653999372254,4.79426872323,0.914357082292,5.56275760171,25.0,0.0165393641304,3.8544359954e-07,17.7029183379,18.7611722969,6.07354257345,5.72643240528,SF,3500
1626147,Justin,Anderson,5.5,10,DAL@BOS,DAL,BOS,,,0.0,0.0,0,0.0,0.0,0.0,0.0,0.0,0.0,0.0,0.0,0.0,0.0,0.0,0.0,0.0,0.0,0.0,,,0.0,,0.7980283732,,SF,3500
203148,Brian,Roberts,3.1,6,BKN@CHA,CHA,BKN,,,0.0,0.0,0,0.0,0.0,0.0,0.0,0.0,0.0,0.0,0.0,0.0,0.0,0.0,0.0,0.0,0.0,0.0,,,0.0,,0.661116492527,,PG,3500
1626153,Delon,Wright,1.0,4,TOR@UTA,TOR,UTA,,,0.0,0.0,0,0.0,0.0,0.0,0.0,0.0,0.0,0.0,0.0,0.0,0.0,0.0,0.0,0.0,0.0,0.0,,,0.0,,0.83942543237,,PG,3500
203998,Bruno,Caboclo,0.0,1,TOR@UTA,TOR,UTA,,,0.0,0.0,0,0.0,0.0,0.0,0.0,0.0,0.0,0.0,0.0,0.0,0.0,0.0,0.0,0.0,0.0,0.0,,,0.0,,0.77495954723,,SF,3500
203999,Nikola,Jokic,12.1,10,DEN@SA,DEN,SA,,,47.4,50.0,0,1.52574155688,0.883808428197,0.63394113145,3.48377753257,3.85227100066,5.09663602041,1.425042091,1.85961113473,8.94890702107,5.25728521503,0.200945638735,10.4027267091,2.56686317695,13.2823792457,32.0,0.337451334786,2.4996367032e-06,29.06776991,31.0516781489,11.5919665891,11.1952939826,C,3500
204002,Walter,Tavares,1.1,2,SAC@ATL,ATL,SAC,,,0.0,0.0,0,0.0,0.0,0.0,0.0,0.0,0.0,0.0,0.0,0.0,0.0,0.0,0.0,0.0,0.0,0.0,,,0.0,,0.849452254747,,C,3500
1626154,RJ,Hunter,6.0,6,DAL@BOS,BOS,DAL,,,0.0,0.0,0,0.0,0.0,0.0,0.0,0.0,0.0,0.0,0.0,0.0,0.0,0.0,0.0,0.0,0.0,0.0,,,0.0,,0.738760673886,,SG,3500
203928,Cory,Jefferson,4.4,1,CHI@PHO,PHO,CHI,,,0.0,0.0,0,0.0,0.0,0.0,0.0,0.0,0.0,0.0,0.0,0.0,0.0,0.0,0.0,0.0,0.0,0.0,,,0.0,,0.782521726406,,PF,3500
201160,Jason,Smith,10.3,6,MIN@ORL,ORL,MIN,GTD,Knee,18.5,20.0,0,1.5698910579,1.05361363262,0.568391903035,2.34888344584,1.45751679676,2.89282005933,0.400517186073,1.57173483533,4.35033685609,4.01028766714,0.231806846394,9.34050663703,2.00018345717,10.2525656378,27.0,0.00873999484531,5.45767136929e-08,19.1643332541,20.2967310937,10.159727119,9.88496009642,PF,3500
203112,Quincy,Acy,6.1,5,SAC@ATL,SAC,ATL,,,3.7,4.25,0,0.897212099939,0.345100462994,0.549065932899,1.10410075052,0.72242114113,1.31748764232,0.379221454837,0.710499374073,2.03990878345,1.54528758403,0.209946805878,3.17648063273,0.782309111097,4.08283108504,16.0,4.07164329954e-06,1.68200042375e-13,8.61468423668,9.17690887329,4.36543842362,4.15191902293,PF,3500
203937,Kyle,Anderson,7.5,10,DEN@SA,SA,DEN,,,3.5,3.5,0,0.623539729692,0.242396954008,0.314785521419,0.395487425892,0.172059930455,0.659668136336,0.330038474722,0.26369348078,0.831728066791,0.800795731608,0.101043602445,2.10515050006,0.222261609423,1.92489667508,8.0,1.36016637635e-10,1.77610245165e-19,4.73945732645,4.96341227161,2.99239178843,2.87176466428,SF,3500
203498,Shabazz,Muhammad,12.0,11,MIN@ORL,MIN,ORL,,,6.4,6.5,0,0.581562994731,0.103623281451,1.13276626268,2.43105077133,1.05143441721,1.41335698317,0.225818041789,0.814073280596,2.46479140038,3.38137514502,0.295829363942,6.7747405066,1.8042642661,8.86284392008,17.0,0.000124499440867,8.96039544989e-14,12.5377474585,13.2161251,7.6733962414,7.34026020234,SF,3500
201976,Patrick,Beverley,10.5,7,POR@HOU,HOU,POR,O,Ankle,0.0,0.0,0,0.0,0.0,0.0,0.0,0.0,0.0,0.0,0.0,0.0,0.0,0.0,0.0,0.0,0.0,0.0,,,0.0,,0.812171695498,,PG,3500
203798,P.J.,Hairston,8.7,10,BKN@CHA,CHA,BKN,O,Quadriceps,0.0,0.0,0,0.0,0.0,0.0,0.0,0.0,0.0,0.0,0.0,0.0,0.0,0.0,0.0,0.0,0.0,0.0,,,0.0,,0.621883009138,,SF,3500
1626168,Trey,Lyles,4.9,9,TOR@UTA,UTA,TOR,,,0.0,0.0,0,0.0,0.0,0.0,0.0,0.0,0.0,0.0,0.0,0.0,0.0,0.0,0.0,0.0,0.0,0.0,,,0.0,,0.817169887916,,PF,3500
1626164,Devin,Booker,5.6,7,CHI@PHO,PHO,CHI,,,11.2,12.25,0,0.650775845875,0.4943428799,1.77750412848,0.894344862408,0.23553740192,1.54051484804,0.459648022192,0.839146502507,1.77605224996,2.55902815626,0.940896564881,5.35267796906,0.586986310581,6.64593918799,15.0,5.05503387239e-06,1.16796742909e-14,10.8222009584,11.8010326872,6.24238680681,6.45187255342,SG,3500
1626192,Pat,Connaughton,1.3,4,POR@HOU,POR,HOU,,,0.0,0.0,0,0.0,0.0,0.0,0.0,0.0,0.0,0.0,0.0,0.0,0.0,0.0,0.0,0.0,0.0,0.0,,,0.0,,0.799435041475,,SG,3500
203508,Sergey,Karasev,1.4,3,BKN@CHA,BKN,CHA,,,0.0,0.0,0,0.0,0.0,0.0,0.0,0.0,0.0,0.0,0.0,0.0,0.0,0.0,0.0,0.0,0.0,0.0,,,0.0,,0.68691165551,,SF,3500
203512,Lucas,Nogueira,3.5,2,TOR@UTA,TOR,UTA,,,0.0,0.0,0,0.0,0.0,0.0,0.0,0.0,0.0,0.0,0.0,0.0,0.0,0.0,0.0,0.0,0.0,0.0,,,0.0,,0.837944180257,,C,3500
1626155,Sam,Dekker,1.1,3,POR@HOU,HOU,POR,O,Back,0.0,0.0,0,0.0,0.0,0.0,0.0,0.0,0.0,0.0,0.0,0.0,0.0,0.0,0.0,0.0,0.0,0.0,,,0.0,,0.824869165214,,SF,3500
101179,Ronnie,Price,8.3,8,CHI@PHO,PHO,CHI,GTD,Concussion,11.4,11.5,0,1.6616583831,0.0684457581918,1.48539251658,0.502066999084,0.179275197487,0.406404575654,0.811061944839,0.659393717584,0.585679773142,1.00274169955,0.47487794486,2.63736398065,0.434686472842,2.91504781679,11.0,3.45452567626e-07,5.87902738918e-15,7.20997280769,7.80639314575,3.77488984056,4.04311360737,PG,3500
201600,Omer,Asik,7.7,5,NO@OKC,NO,OKC,GTD,Illness,0.0,0.0,0,0.0,0.0,0.0,0.0,0.0,0.0,0.0,0.0,0.0,0.0,0.0,0.0,0.0,0.0,0.0,,,0.0,,0.814757610054,,C,3500
200745,Andrea,Bargnani,7.3,11,BKN@CHA,BKN,CHA,,,8.0,8.0,0,0.393802834915,0.302485289787,0.63785726132,1.25992369785,0.602225236185,0.709788743151,0.0639740770036,0.666039079418,1.31201397934,2.26308113412,0.204440400242,5.31364463015,1.07034441515,5.80094708363,12.0,2.53280936465e-07,4.71912943891e-18,8.03294776537,8.53378858409,6.14253523971,5.91856618838,C,3500
201168,Tiago,Splitter,12.1,12,SAC@ATL,ATL,SAC,,,14.7,15.5,0,1.18190017032,0.46140136615,0.0539727303312,1.93789629323,1.56508712491,2.43545605398,0.649247988234,1.13512030227,4.00054317889,2.87563972182,4.40196766891e-06,5.62468097821,1.50919740017,7.26048124578,20.0,0.00274507000567,1.38663017605e-09,14.9201617224,15.6918688427,7.16215984384,6.73401506676,C,3500
203526,Raul,Neto,9.5,10,TOR@UTA,UTA,TOR,,,11.0,12.0,0,2.35104889421,0.151648951705,2.04801663883,0.4461867207,0.373478817057,1.07886720637,0.849141775961,1.08764278674,1.45234602343,1.84499625376,0.626601884487,4.84176011783,0.313689334149,4.63028372616,18.0,2.18747216635e-05,6.70687154418e-11,10.8136109642,11.7433834132,5.4203428306,5.67013176483,PG,3500
201150,Spencer,Hawes,12.7,11,BKN@CHA,CHA,BKN,,,19.8,21.0,0,1.79425494468,0.515416928171,2.01890116559,0.948016865033,0.54327046652,1.81289491247,0.336160062463,0.915795959658,2.35616537899,2.26825347883,0.676927922958,5.62001264185,0.615304913595,5.82873979421,18.0,4.17255566197e-05,7.10573095488e-10,12.1348786876,13.0491114884,6.14101409342,6.32689384331,C,3500
203094,Andrew,Nicholson,1.1,2,MIN@ORL,ORL,MIN,,,16.4,17.75,0,0.754471498884,0.544977485649,1.90812272426,0.983833644045,0.914640766811,1.29755454586,0.254442305258,1.0206675999,2.21219531267,3.4912739636,0.673670713429,8.65392615844,0.646839557927,8.30305819855,22.0,4.69712391884e-05,4.08616631922e-13,12.667571804,13.6254211831,8.66466341497,8.67402692534,PF,3500
2588,Matt,Bonner,1.1,2,DEN@SA,SA,DEN,,,0.0,0.0,0,0.0,0.0,0.0,0.0,0.0,0.0,0.0,0.0,0.0,0.0,0.0,0.0,0.0,0.0,0.0,,,0.0,,0.564840659394,,C,3500
