NBA_ID,First Name,Last Name,FPPG,Played,Game,Team,Opp,Status,Injury Details,Actual_FD,Actual_DK,Actual_MIN,AST,BLK,FG3A,FTA,OREB,DREB,STL,TOV,REB,FGM,FG3M,FGA,FTM,PTS,MIN,DD,TD,FD,DK,FD_std,DK_std,fd_Pos,fd_Salary
201939.0,Stephen,Curry,55.0,6,GS@SAC,GS,SAC,,,33.7,38.0,0,7.93320060858,0.323605183526,11.6906474155,6.6016016588,0.58578333017,3.64381099125,2.59553921154,3.41006828648,4.22959432142,11.3104613779,5.48826572241,21.4489797491,5.96917664575,34.078365124,39.0,0.286505180074,0.00330071729124,53.4818997262,58.5822063687,22.2565446888,24.7055451264,PG,10900
203076.0,Anthony,Davis,46.4,5,NO@DAL,NO,DAL,,,40.2,42.5,0,2.37184499218,2.97270579616,1.40781589931,8.36663819063,2.47003503984,5.55716002919,1.59490111219,2.01142140562,8.02719506903,9.62273875253,0.558826011532,18.2159585752,6.61778469005,26.4220882066,39.0,0.286590442039,0.000348798807054,46.7362821888,48.8536977103,19.1055708566,18.6890213611,PF,10600
202326.0,DeMarcus,Cousins,38.0,3,GS@SAC,SAC,GS,O,Achilles,0.0,0.0,0,0.0,0.0,0.0,0.0,0.0,0.0,0.0,0.0,0.0,0.0,0.0,0.0,0.0,0.0,0.0,,,0.0,,1.02427101817,,C,10300
201933.0,Blake,Griffin,45.9,5,HOU@LAC,LAC,HOU,,,54.7,57.25,0,4.98171131509,0.554062020368,0.485943158616,7.73605945111,2.01815513729,5.70459683898,0.751714300676,2.19863790637,7.72275197627,11.1710163019,0.0694540387823,19.9326473651,5.88636038757,28.2978470302,38.0,0.280309986312,0.00776691668071,45.45063111,47.4145804109,21.4190490187,20.8386640679,PF,10000
201935.0,James,Harden,44.9,6,HOU@LAC,HOU,LAC,,,48.8,55.0,0,6.42658375674,0.839232803632,9.61583766704,12.2041399973,1.00934847145,3.49792755635,1.85139802927,4.7859043827,4.50727602779,8.40154365145,2.67107175874,21.059088578,10.4762366444,29.950395706,40.0,0.119077914174,0.00178934256924,45.5943598576,49.7321966287,19.6425104714,21.0592995497,SG,9800
202322.0,John,Wall,41.2,5,WAS@ATL,WAS,ATL,,,36.9,43.0,0,9.41713752235,1.52235140729,3.95888061219,5.72323455493,0.787221170835,1.57333742143,2.230607591,4.60646237572,2.36055859226,6.68477897404,1.15186343862,15.654993979,4.41245469154,18.9338760782,36.0,0.45355847678,0.000133400652156,38.7917082933,42.4696370473,14.8288104868,14.9715330432,PG,9500
101108.0,Chris,Paul,34.5,5,HOU@LAC,LAC,HOU,GTD,Groin,0.0,0.0,0,0.0,0.0,0.0,0.0,0.0,0.0,0.0,0.0,0.0,0.0,0.0,0.0,0.0,0.0,0.0,,,0.0,,1.01484800512,,PG,9400
200746.0,LaMarcus,Aldridge,30.1,5,CHA@SA,SA,CHA,,,24.0,24.75,0,1.05220379148,0.365416543891,0.415445697314,2.34451413038,1.3575510137,2.55572135825,0.254746940932,0.93605959845,3.91327237195,3.83361101812,0.110771697057,8.47709697386,1.96587168299,9.74386541629,17.0,0.00413413878058,7.3103613959e-10,16.3223653211,17.0476457978,9.54261875612,9.20057932571,PF,8400
202328.0,Greg,Monroe,36.6,6,BKN@MIL,MIL,BKN,,,38.6,40.0,0,2.91808490639,0.944458340517,0.000428323548415,5.18537363392,3.40252158049,5.09832248988,1.50411592045,2.15599493316,8.50084407037,7.29780880477,2.67312387195e-07,14.106909037,4.07742821716,18.673046094,35.0,0.338506406328,0.000304851960385,35.9923399268,38.0040538959,15.8908863049,15.4242883102,C,8300
2730.0,Dwight,Howard,32.3,3,HOU@LAC,HOU,LAC,O,Rest,45.5,50.5,0,1.43496909977,1.37204234815,0.0305142022494,6.01341728127,3.4772915997,4.59033559253,0.701204460145,2.92943050214,8.06762719223,6.33435158385,0.0139956639475,10.3557206327,3.27454213679,15.9572409684,29.0,0.270944371352,1.26728617477e-06,29.0079103632,31.2894251647,12.4609506873,11.8426695453,C,8300
202695.0,Kawhi,Leonard,38.6,5,CHA@SA,SA,CHA,,,34.8,36.0,0,1.75667801112,1.11287592153,3.31686745621,3.32484998353,1.29140666507,4.67249363704,2.21995643085,1.84609544254,5.96390030212,8.09323354245,1.06865762727,16.4069557465,2.86951094501,20.1246356572,34.0,0.0797724245472,9.92357951938e-06,34.7359022986,36.6111622562,15.8063201987,15.690404022,SF,8200
202710.0,Jimmy,Butler,37.5,6,MIN@CHI,CHI,MIN,,,24.6,27.5,0,3.16302321835,0.89447435234,4.14489327124,7.65357731383,0.986893970706,4.01193352205,2.18850112665,1.39533628831,4.99882749276,7.14332587267,1.79322251722,15.980454438,6.04663522581,22.1265094884,41.0,0.033125042957,5.41296454463e-05,37.6402519769,39.5343227076,15.5050142379,15.8217290665,SG,8100
203506.0,Victor,Oladipo,37.0,6,ORL@PHI,ORL,PHI,,,28.5,29.75,0,3.98424737234,0.493669821046,4.13482412505,2.98978891582,0.564156346671,4.12419490658,1.61747662034,1.88325567425,4.68835125325,5.77394938837,1.19942515529,14.4503810212,2.54394659295,15.291270525,34.0,0.0266753993228,0.00015526811536,29.2327002959,31.0489371767,13.3562196759,13.625344814,SG,8000
201599.0,DeAndre,Jordan,34.4,5,HOU@LAC,LAC,HOU,,,33.8,37.5,0,1.02372822048,3.26244151766,0.0208523167507,6.0851984721,3.72990186734,8.52495514531,0.640751902335,1.58241972651,12.2548570126,4.32783822456,0.00521261436109,5.87002839967,2.19471134693,10.8556004104,34.0,0.534034554445,0.00107663495616,33.3209882698,35.5318290274,8.26659724017,7.49364564402,C,8000
200794.0,Paul,Millsap,36.8,7,WAS@ATL,ATL,WAS,,,43.7,46.0,0,3.71551250329,1.06971273249,3.41473374849,5.39007401772,1.89083558111,5.10455578244,2.25625992462,2.12783966537,6.99539136355,5.64593473128,1.19469295798,12.1438701594,3.90413013963,16.3906925602,34.0,0.161773116408,0.000802920004613,34.8825366002,37.1386409147,12.1809741682,12.3324803426,PF,7900
201572.0,Brook,Lopez,34.4,6,BKN@MIL,BKN,MIL,,,26.3,28.5,0,1.17416116497,1.60045986191,0.200704716576,4.73015038632,2.44731905436,3.91531516517,0.241855192821,1.84763289203,6.36263421953,6.8644396278,0.00523289028468,13.0372462604,3.90750427445,17.6416164203,29.0,0.106760383922,8.14983144464e-07,28.8750164486,30.2797240716,14.6287373859,14.1263259514,C,7900
203497.0,Rudy,Gobert,32.5,5,MEM@UTA,UTA,MEM,,,29.2,31.75,0,1.66997310136,3.78622075378,0.0178490030117,4.03449097035,4.14079260062,7.32646555768,0.765692917258,2.13846531935,11.4672581583,3.66210352871,0.00296367118393,7.02354812064,2.2528945242,9.58006525282,36.0,0.411692776942,0.00230644015122,32.8110967175,35.0796326066,8.87048065775,8.46230044018,C,7900
202696.0,Nikola,Vucevic,33.2,5,ORL@PHI,ORL,PHI,O,Knee,0.0,0.0,0,0.0,0.0,0.0,0.0,0.0,0.0,0.0,0.0,0.0,0.0,0.0,0.0,0.0,0.0,0.0,,,0.0,,0.902864604156,,C,7800
201143.0,Al,Horford,35.3,7,WAS@ATL,ATL,WAS,,,29.8,31.25,0,2.53663414484,1.41759756503,1.83968191432,1.73934924131,2.05183028541,4.00850133608,0.73160532637,1.52075702565,6.06033162149,6.64850994958,0.433046523591,12.7441031916,1.4746413745,15.2047077973,29.0,0.0791767627876,2.46961667074e-05,29.0597057175,30.4584633058,12.9499203789,12.5326352616,C,7700
202324.0,Derrick,Favors,31.6,5,MEM@UTA,UTA,MEM,GTD,Illness,35.2,39.5,0,1.52598278644,1.86224118247,0.0477867286556,5.98465837346,3.43944451369,6.3000053853,2.18218351791,2.09630319225,9.73944989899,8.17125974962,0.00783857905881,16.3228166748,3.99558561681,20.3459436951,40.0,0.501374243909,6.26677083796e-05,40.3148039621,42.6060967116,18.07805819,17.6356866161,PF,7700
200752.0,Rudy,Gay,29.5,6,GS@SAC,SAC,GS,,,29.9,32.75,0,3.0254374303,0.341693108988,3.30678285882,4.07467171789,1.77140806494,3.58515673221,1.25058995376,2.38046459535,5.35656479715,7.49849320621,1.19440180104,17.6859242872,3.28125071883,19.4726389323,34.0,0.0465366232169,5.32832092287e-05,31.2427743645,33.368000587,16.7308428869,16.7634879334,SF,7700
203110.0,Draymond,Green,30.8,6,GS@SAC,GS,SAC,,,30.3,33.25,0,5.97496743038,1.28681191001,4.55513052351,3.20065180816,1.80759073629,4.41177190098,1.55874214017,2.55400543999,6.21936263728,4.83914860937,1.87326288001,10.797293737,2.12607094282,13.6776310416,38.0,0.151077837137,0.00674670869146,33.2404200122,36.0118791859,11.1269708421,11.8704162769,PF,7600
2200.0,Pau,Gasol,29.6,6,MIN@CHI,CHI,MIN,,,45.8,48.5,0,3.14381025922,1.84185986687,0.650238526834,4.66750929495,3.16486202034,7.04578286748,0.885526056601,2.05972853023,10.2106448878,8.69168304521,0.081455471624,17.6066925045,3.56792761081,21.0327491728,40.0,0.562488058232,0.000883162165054,41.3962817438,43.8237875629,18.6786240206,18.2310734452,PF,7600
203457.0,Nerlens,Noel,35.1,5,ORL@PHI,PHI,ORL,,,4.8,7.0,0,1.06030653502,1.22663095844,0.00666853003517,1.82774153934,1.88643698273,3.1714934701,1.12061369802,1.72580161921,5.05793045283,3.15779387423,0.00183657742489,7.22256786473,1.11073604053,7.42816036642,21.0,0.0120356387902,1.44693736763e-08,18.0568244061,19.1915935286,8.50355691106,8.17251019617,PF,7500
201937.0,Ricky,Rubio,36.1,4,MIN@CHI,MIN,CHI,,,34.6,36.5,0,11.0852185671,0.041044996722,2.49197174441,5.50507915299,0.791098686627,3.18880699865,2.4854228359,3.06292969022,3.97990568528,4.60146467475,0.616424558547,12.2653533868,4.72951746306,14.5488713711,39.0,0.601703697726,0.00483421546205,37.9425920191,40.8983226207,11.8398258787,11.8312680743,PG,7500
2744.0,Al,Jefferson,30.7,5,CHA@SA,CHA,SA,,,22.9,23.25,0,1.51802724407,1.1871338351,0.0418156639442,1.84245066653,1.8869633887,3.8495477704,0.73443085081,0.813009365023,5.7365111591,8.02564729467,0.0153707739647,15.3747376375,1.12395035707,17.1906157204,30.0,0.0631760329747,3.20476580077e-07,29.3815899842,30.1773706225,16.9160221615,16.419510569,C,7500
201952.0,Jeff,Teague,31.9,7,WAS@ATL,ATL,WAS,GTD,Finger,30.8,34.0,0,5.91415912297,0.368814837596,2.63584947555,4.71797209043,0.44023858706,1.5839392899,1.41456381387,2.41346942052,2.02417787696,5.02921727901,0.864226261758,11.7243610839,4.06059205457,14.9832528744,27.0,0.0700382279907,3.76388286212e-06,27.4367928936,29.2819182622,11.6431320882,11.6533792171,PG,7400
203078.0,Brad,Beal,33.8,5,WAS@ATL,WAS,ATL,,,20.7,25.0,0,3.08481143185,0.336418065689,5.3909937499,3.26353127194,1.32868575116,2.42788939407,1.1713639843,3.02952363111,3.75657514523,7.98841894614,2.41341520147,17.2482924464,2.58989425287,20.9801473466,37.0,0.00657802260197,7.10622015769e-06,30.1012951376,33.0204816637,16.2539025104,16.8780558225,SG,7400
201188.0,Marc,Gasol,23.7,6,MEM@UTA,MEM,UTA,,,32.0,36.0,0,4.315060068,1.43406093747,0.209737856847,5.73523328953,1.65989237241,4.28391947879,0.438081534124,2.34328957716,5.9438118512,6.62205143849,0.0184795534551,15.2212942739,4.6573142129,17.9198966433,38.0,0.0901516274314,0.00102088326443,32.9260563328,34.5424215816,16.4541772692,16.1046116253,C,7200
201565.0,Derrick,Rose,23.6,6,MIN@CHI,CHI,MIN,,,19.1,22.25,0,6.36180740604,0.183763002275,4.22548124058,4.06474262349,0.519344806916,2.48879787677,0.618472162953,3.84241757026,3.00814268369,6.80048865325,0.98617056885,17.7846408391,3.45120448013,18.0383523555,38.0,0.10748599628,0.000119667477534,28.9528874452,31.6791766457,16.0382411347,16.1551913965,PG,7100
202689.0,Kemba,Walker,29.9,5,CHA@SA,CHA,SA,,,35.2,37.75,0,4.71340622346,0.445302857755,3.52680873115,4.21669327047,0.555375120381,1.47398855378,1.22653970951,1.57106660711,2.02936367416,5.32044260647,1.20975137753,12.7264536958,3.57280473349,15.423441324,29.0,0.0204282790405,1.08225594919e-06,26.7014055956,28.2239284369,12.2558656474,12.486541587,PG,7100
203487.0,Michael,Carter-Williams,30.0,4,BKN@MIL,MIL,BKN,O,Ankle,0.0,0.0,0,0.0,0.0,0.0,0.0,0.0,0.0,0.0,0.0,0.0,0.0,0.0,0.0,0.0,0.0,0.0,,,0.0,,1.01379996712,,PG,7000
203507.0,Giannis,Antetokounmpo,35.0,5,BKN@MIL,MIL,BKN,,,21.2,23.0,0,2.51121780487,0.997904619191,1.37121935622,4.88457683901,1.38233512776,4.09574919878,1.12290013682,2.59386790596,5.47808432654,6.43164832903,0.542735067182,11.9158756802,3.95322335699,17.3592550822,37.0,0.0504305500621,1.442501651e-05,29.3475245874,31.2654193905,12.7910804743,12.3998066499,SG,7000
1495.0,Tim,Duncan,27.9,5,CHA@SA,SA,CHA,,,20.6,22.5,0,2.58315603169,1.2259982793,0.10866479987,3.30538914902,1.46909523403,4.080335371,0.54178177191,1.78691057672,5.54943060503,3.88229964436,0.00983349514912,7.5326376774,2.58849266545,10.3629254493,24.0,0.0366347439123,1.30306649737e-05,22.6456257486,23.8764605226,9.1688403899,8.72209801371,C,7000
201951.0,Ty,Lawson,25.5,6,HOU@LAC,HOU,LAC,,,17.6,17.75,0,7.89936642835,0.147727972891,3.4735429623,4.97156666963,0.718848718789,2.53453286916,1.39308553745,2.98194993793,3.25338158795,4.60028603129,1.16867247556,11.7880884686,3.45795557704,13.8272001152,41.0,0.230838859578,0.000454830250845,29.679984746,32.2655878123,11.4298124097,11.7425142542,PG,6800
202691.0,Klay,Thompson,24.8,6,GS@SAC,GS,SAC,,,25.1,28.75,0,3.24469427937,0.94542779585,7.43007540505,2.71583065085,0.298547214305,2.88026509866,0.921083257417,2.10354506299,3.17881231296,8.13513321609,3.04850656393,17.9142029312,2.4987270265,21.8175000226,36.0,0.00355959464798,3.20927731259e-06,32.1285932607,34.8689087097,17.0683068832,18.2961522173,SG,6800
2216.0,Zach,Randolph,23.7,6,MEM@UTA,MEM,UTA,,,23.8,25.25,0,2.02253794471,0.102760871117,0.244205514041,3.76485476833,3.35310207163,6.22606828393,0.790341410533,2.75539396909,9.57917035556,7.15116935544,0.0475746787807,15.0064728712,2.85266254965,17.2025759393,38.0,0.464348896185,2.36736465294e-05,30.7621978773,33.3392350842,16.3193219051,15.9175580914,PF,6800
203901.0,Elfrid,Payton,20.0,6,ORL@PHI,ORL,PHI,,,35.9,37.0,0,6.78082698231,0.398825743867,1.46925778487,1.78979256697,1.45671053627,2.0407702917,1.54400793413,2.73729791986,3.49748082797,4.18081972476,0.439914621265,10.3395434613,1.24473591861,10.0462899894,33.0,0.0917900063541,0.000296015786587,25.5628768925,27.4649302614,10.4364560805,10.2786839765,PG,6700
202699.0,Tobias,Harris,29.2,6,ORL@PHI,ORL,PHI,,,22.3,22.5,0,1.77306578868,0.380333937215,2.30077811964,3.14163730235,1.61922236937,2.87945221308,0.602478004669,1.73166265462,4.49867458245,5.03183097134,0.819081960169,10.4429436525,2.33235551509,13.2150994179,26.0,0.0139496714678,2.38059449006e-07,21.507068829,23.0283000869,10.720026568,10.6211482616,SF,6700
203952.0,Andrew,Wiggins,19.0,4,MIN@CHI,MIN,CHI,,,38.6,41.25,0,1.96713542517,0.610082685352,2.74032436434,7.84006807646,2.11785116625,2.1446908318,0.866585820655,2.54074200364,4.26254199805,7.16652102519,0.934003387166,19.1166314216,5.74338136553,21.0104268031,41.0,0.0120916649913,4.89339440525e-07,29.4887753469,31.4574141077,18.1422861173,18.1153631847,SF,6700
101114.0,Deron,Williams,25.7,4,NO@DAL,DAL,NO,,,27.6,30.25,0,5.87414670808,0.125566124324,3.55742088902,2.87149511633,0.307840114777,1.67828812562,0.88557400936,1.73625435669,1.9861282404,4.79318821949,1.34421724436,11.4302408207,2.57024734593,13.5008410293,30.0,0.0622366278288,2.73364632939e-06,24.9814408905,26.7143462458,11.127303506,11.4850637601,PG,6700
201587.0,Nicolas,Batum,28.9,5,CHA@SA,CHA,SA,,,22.8,25.5,0,4.39569251586,0.514057426421,4.39056224744,2.50486308473,1.19528817505,3.26292982428,1.18413755678,2.42884236708,4.45821799934,3.5427089907,1.41999964929,9.31201612023,2.32362485494,10.8290424856,32.0,0.0204631756059,0.000157387266092,23.739990458,25.9184892913,9.49753487233,10.2406894473,SF,6600
202330.0,Gordon,Hayward,22.1,5,MEM@UTA,UTA,MEM,,,31.2,33.5,0,3.32535772882,0.374284085004,4.06521327827,5.51200081728,0.61201539719,2.16718125874,1.02440743937,2.3796189128,2.77919665593,5.94050441223,1.47350178035,13.8632619581,4.22786475963,17.5823753644,35.0,0.00279348855697,1.37363817921e-06,26.3232120807,28.3929266138,13.3833429962,13.7161585624,SF,6600
1717.0,Dirk,Nowitzki,30.1,5,NO@DAL,DAL,NO,,,28.9,31.25,0,1.93458396699,0.395955542178,3.57667993564,3.22857927638,0.642149919877,4.01125664084,0.623554545087,0.987839482462,4.65340656072,6.69018041143,1.57915955798,13.7281416795,2.92038686997,17.8799072508,30.0,0.0199142288576,7.02825108516e-07,27.4170517662,28.9630950662,13.4441141137,13.6335394517,PF,6500
202700.0,Donatas,Motiejunas,22.7,71,HOU@LAC,HOU,LAC,O,Back,0.0,0.0,0,0.0,0.0,0.0,0.0,0.0,0.0,0.0,0.0,0.0,0.0,0.0,0.0,0.0,0.0,0.0,,,0.0,,0.75313246111,,PF,6400
1626157.0,Karl-Anthony,Towns,30.3,4,MIN@CHI,MIN,CHI,,,45.6,47.75,0,1.33367680747,2.26430964702,0.625603614176,2.03873247426,2.07692121332,6.07041327704,0.577980796748,1.52482281372,8.14733449036,5.83693881355,0.198302825939,12.4213242137,1.65297108719,13.5251515402,27.0,0.25259945014,3.24572540935e-05,29.4622262137,31.110152305,13.3441962114,12.9855889286,C,6400
201144.0,Mike,Conley,25.4,6,MEM@UTA,MEM,UTA,,,30.3,34.0,0,7.51484309753,0.107354954902,5.13106221136,4.60109592596,0.54949472733,2.15476565797,1.33731108055,2.58786572172,2.7042603853,6.36827919146,1.78424943586,15.5113841239,4.11078336413,18.6315911829,40.0,0.217267972912,0.000110320492098,33.4504346407,36.0979381596,14.4697185695,15.060714523,PG,6300
2207.0,Joe,Johnson,21.8,6,BKN@MIL,BKN,MIL,,,27.8,29.25,0,3.88294058421,0.159774571317,3.79695204427,2.51303896955,1.07378053048,2.59329536324,0.744761592643,1.40987289925,3.66707589372,4.60665421492,0.987546812357,12.2955152881,2.15530879895,12.3561640411,35.0,0.0086398775448,2.34248916768e-05,22.9802654186,24.3753591601,11.3404795904,11.6047488065,SG,6100
200765.0,Rajon,Rondo,27.7,6,GS@SAC,SAC,GS,,,55.9,61.0,0,11.1855487364,0.0659784776271,2.67775714562,2.46463355269,1.63665066799,4.975310564,2.42045867046,4.1614616575,6.61196123199,7.30875553016,0.633317549945,17.2217323139,0.936382255724,16.187210866,44.0,0.751628997541,0.0826238575057,41.7113000876,45.8146028218,16.428341739,16.2773081736,PG,6100
101127.0,Jarrett,Jack,28.4,5,BKN@MIL,BKN,MIL,,,15.2,18.5,0,5.57321157296,0.167637654231,2.35178761322,2.28874816029,0.45719275199,2.32820091886,0.619586735742,2.67205726609,2.78539367085,4.79749196354,0.673083876936,11.9941334029,1.95513516993,12.2232029739,30.0,0.0444989355477,2.7926671639e-05,22.8278842522,24.7065566906,11.5830595193,11.5330308942,PG,6100
202718.0,Chandler,Parsons,9.4,3,NO@DAL,DAL,NO,,,7.4,8.0,0,1.1260325539,0.0985212505098,2.30621863755,1.25716560913,0.463046658588,0.740985917468,0.491690374851,0.705309882584,1.20403257606,2.50833827749,0.803916076031,5.81800974978,0.775979827861,6.59657245887,15.0,2.61972595181e-07,5.51543069697e-14,10.2055737491,11.0203887502,6.49551592724,6.73759702995,SF,6000
101162.0,Marcin,Gortat,22.7,5,WAS@ATL,WAS,ATL,,,26.5,30.0,0,1.3829150826,1.20392423668,0.0149021993414,2.42271053088,1.56661116385,4.10522180109,0.567304718958,1.791421296,5.67183296494,3.9281794518,0.00027393194635,7.49532636919,1.91145229345,9.76808512901,26.0,0.0372885514221,9.74391094631e-08,20.3996939261,21.6350663078,9.13476288756,8.67470919454,C,6000
203953.0,Jabari,Parker,8.0,2,BKN@MIL,MIL,BKN,,,9.4,10.0,0,1.23705286243,0.134653195891,0.407590414076,1.68350902372,1.17019495893,1.92233159147,0.732431417456,1.33463009568,3.0925265504,3.919405633,0.105573973112,8.2236063192,1.11350176575,9.05788700485,24.0,0.000713387350541,5.43030214885e-10,15.02403729,15.8998357346,9.34027786322,8.95652635364,PF,5900
202703.0,Nikola,Mirotic,22.1,6,MIN@CHI,CHI,MIN,,,8.6,9.25,0,0.720248141573,0.439584724818,3.64142972043,2.43275467015,0.545045489303,1.77926933604,0.552030491976,1.1694468399,2.32431482534,2.40738962769,1.11125511067,6.51168930643,2.03330499159,7.95933935766,17.0,6.42526186778e-05,3.77636478196e-13,12.6426729541,13.8993360496,7.37787255072,8.05025501861,SF,5900
201950.0,Jrue,Holiday,20.7,4,NO@DAL,NO,DAL,,,0.0,0.0,0,0.0,0.0,0.0,0.0,0.0,0.0,0.0,0.0,0.0,0.0,0.0,0.0,0.0,0.0,0.0,,,0.0,,0.949827914551,,PG,5900
1626143.0,Jahlil,Okafor,27.4,5,ORL@PHI,PHI,ORL,,,32.5,34.25,0,1.4581698088,1.03392397629,0.248566754203,4.37699655635,1.72469948692,3.68149585009,0.674302749356,2.50023391497,5.40619533701,7.20443837031,0.0684575278192,14.3275199983,3.07912185668,17.5564561251,33.0,0.0469261286794,1.576629649e-07,27.147364779,28.7724099333,15.7991102255,15.3450546524,C,5800
2772.0,Trevor,Ariza,24.0,6,HOU@LAC,HOU,LAC,,,22.9,23.25,0,2.37234367647,0.275392000395,6.82627666034,2.33735380653,0.866795564276,3.68516510339,1.9863223105,1.65361885948,4.55196066766,4.11984060744,2.3900588811,11.3707946717,2.03649905865,12.6662391546,39.0,0.014159380351,3.19345021393e-06,24.5569172328,26.8276027874,12.2144463161,13.7404462935,SF,5800
203496.0,Robert,Covington,10.4,1,ORL@PHI,PHI,ORL,O,Knee,0.0,0.0,0,0.0,0.0,0.0,0.0,0.0,0.0,0.0,0.0,0.0,0.0,0.0,0.0,0.0,0.0,0.0,,,0.0,,0.752592088016,,SF,5800
201583.0,Ryan,Anderson,26.0,5,NO@DAL,NO,DAL,,,33.3,35.25,0,1.21002622108,0.742631075871,7.21979689488,2.64802524054,2.03136366636,3.95730493292,0.76684802378,1.28246113519,5.98866859928,6.64972214561,2.49004753917,15.8750244536,2.21484652203,18.0043383524,35.0,0.0784446715814,4.99974326178e-08,28.7422770673,31.0456319918,15.2167371926,16.4340379114,PF,5700
203114.0,Khris,Middleton,22.3,6,BKN@MIL,MIL,BKN,,,36.3,38.75,0,2.59490105628,0.143327813829,3.87844892465,3.01777281404,0.50541367287,2.36115100169,1.05144303245,1.34055573554,2.86656467456,4.85141341359,1.64193915812,11.6391558645,2.57658895853,13.9213549438,33.0,0.000969890895579,2.44241409127e-07,22.3025700947,23.9386013444,11.3403476393,11.8552801223,SF,5700
203093.0,Terrence,Jones,18.3,2,HOU@LAC,HOU,LAC,O,Eye,0.0,0.0,0,0.0,0.0,0.0,0.0,0.0,0.0,0.0,0.0,0.0,0.0,0.0,0.0,0.0,0.0,0.0,,,0.0,,0.84140420564,,PF,5700
201152.0,Thaddeus,Young,24.4,6,BKN@MIL,BKN,MIL,,,36.6,39.25,0,2.41880718847,0.588923687203,1.35774257434,1.98680429655,3.05425764894,4.29964596005,1.58134820565,2.26146638598,7.35390360899,7.6674295974,0.378636030923,15.797781965,1.10537516115,16.8188703869,39.0,0.193574609702,4.26865989833e-05,31.3508429001,33.3290792634,16.1828003028,15.8092767077,PF,5600
203490.0,Otto,Porter,23.2,5,WAS@ATL,WAS,ATL,,,29.1,31.25,0,2.35348821446,0.548199631419,3.46966607096,2.1003801607,1.51370944426,3.10760857883,1.26366853984,1.50012552831,4.62131802309,5.44940916847,1.03814246787,10.9030570201,1.73600600373,13.6729668085,39.0,0.0168435835114,2.89959624529e-06,24.8723915721,26.3978655454,10.7890171956,10.8412361715,SF,5500
203095.0,Evan,Fournier,29.0,6,ORL@PHI,ORL,PHI,,,20.6,24.75,0,2.70467253211,0.023346862119,5.84275544731,3.31311760038,0.453396210269,2.7853353259,1.11780143398,1.99765853153,3.23873153617,7.009440622,2.19666345812,15.329758713,2.48155783579,18.6971025379,40.0,0.00232343761266,9.33972967032e-07,26.9252272401,29.1878127701,14.6912316181,15.4665128827,SG,5500
202692.0,Alec,Burks,23.7,5,MEM@UTA,UTA,MEM,,,16.6,19.25,0,2.3062666153,0.0749482031646,1.55924882007,4.28029001714,0.510184766464,1.83766201842,0.640718618596,1.58652496007,2.34784678488,3.89671552797,0.587605311898,9.31295562944,3.47041877015,11.851455138,25.0,0.000237473533285,1.86998504257e-08,17.9730798862,19.1778936279,9.74396290146,9.64497372387,SG,5500
201954.0,Darren,Collison,24.7,6,GS@SAC,SAC,GS,,,0.0,0.0,0,0.0,0.0,0.0,0.0,0.0,0.0,0.0,0.0,0.0,0.0,0.0,0.0,0.0,0.0,0.0,,,0.0,,0.801121203869,,PG,5500
202083.0,Wesley,Matthews,14.3,4,NO@DAL,DAL,NO,,,18.4,19.5,0,1.77058629578,0.0782413800555,6.06707161475,2.63677655984,0.491104575457,1.17520870197,0.784309035746,0.924647731116,1.66631327743,4.0857246824,2.31112609438,10.0551767659,1.96543683515,12.4480122943,29.0,2.02856657253e-05,1.28387523939e-10,17.9039207714,19.6051537769,11.3379681414,12.6923901056,SG,5400
203897.0,Zach,LaVine,14.0,4,MIN@CHI,MIN,CHI,,,15.8,18.0,0,3.09410506335,0.0667781063854,1.65431368545,1.79269143345,0.329195399141,1.04853407527,0.422096941273,2.0861866052,1.37772947441,2.86757035463,0.505856370873,7.05476532698,1.60847458823,7.84947166837,19.0,0.000553699773632,1.08046131854e-09,13.0354681228,14.4012066375,7.39285308225,7.34730640385,SG,5400
101106.0,Andrew,Bogut,29.5,1,GS@SAC,GS,SAC,O,Concussion,0.0,0.0,0,0.0,0.0,0.0,0.0,0.0,0.0,0.0,0.0,0.0,0.0,0.0,0.0,0.0,0.0,0.0,,,0.0,,0.97707945395,,C,5400
2585.0,Zaza,Pachulia,23.8,5,NO@DAL,DAL,NO,,,29.3,30.0,0,2.18632223545,0.437357681613,0.0240618342039,3.80492064259,3.48447836725,5.15377344152,1.09223575718,1.9802169205,8.63825180877,3.37774745465,0.0,8.14080152521,3.26170004525,10.0171949545,28.0,,,24.7415504353,,9.43952888178,,C,5300
201569.0,Eric,Gordon,25.1,5,NO@DAL,NO,DAL,,,33.0,36.75,0,3.94848066736,0.250846207544,7.71276655333,3.23801568229,0.623704151582,1.69296849968,0.968056183748,2.12320395649,2.31667265126,6.56661849574,3.21477060684,15.3734803452,2.61790499451,18.9659125928,41.0,0.00727686670122,1.08772007236e-06,27.9832416015,30.7789810789,15.5186174974,17.0993768271,SG,5300
203504.0,Trey,Burke,16.9,5,MEM@UTA,UTA,MEM,,,29.1,33.25,0,3.31304853924,0.095331791198,4.42289919298,1.69326001666,0.394867378114,1.33609349927,0.981924926352,1.85209792049,1.73096087738,5.24264508462,1.74978058631,12.5819397366,1.46598577424,13.7010565298,28.0,0.00186553580109,2.60367555995e-08,21.0501979061,22.9404835852,12.056728644,12.6583551781,PG,5200
2594.0,Kyle,Korver,22.3,5,WAS@ATL,ATL,WAS,GTD,Ankle,16.9,17.5,0,2.46908442088,0.305157049822,4.23665963861,0.798671292867,0.0841080471668,1.81235728274,0.700749514155,0.991743396897,1.8964653299,3.56392282253,1.93195180065,6.72671323665,0.73492728874,9.79472473445,26.0,0.000159942063518,4.2847799054e-09,16.7941794927,18.3510902839,8.66959640595,9.57151937165,SG,5200
101107.0,Marvin,Williams,28.0,5,CHA@SA,CHA,SA,,,15.8,16.5,0,1.52416826912,0.602581221826,3.68396351933,0.91451270515,1.05917599863,3.73514408495,0.494440075978,0.826479395152,4.79432008359,3.29776998412,1.49793697727,7.28337233427,0.687970694294,8.78144763981,27.0,0.0121264794085,5.7052162784e-08,18.1884473442,19.6085614249,8.25390027772,8.94780490861,PF,5100
2755.0,Kevin,Martin,21.0,4,MIN@CHI,MIN,CHI,,,0.0,0.0,0,0.0,0.0,0.0,0.0,0.0,0.0,0.0,0.0,0.0,0.0,0.0,0.0,0.0,0.0,0.0,,,0.0,,0.562409222349,,SG,5000
203084.0,Harrison,Barnes,24.7,6,GS@SAC,GS,SAC,,,25.4,25.5,0,2.28132430018,0.220314630381,3.11123932916,2.99426774903,1.22186490537,3.21377508241,0.782729193401,0.853619761868,4.43563998779,4.81246857242,0.942749739791,10.3063013194,2.61878060202,13.1864674867,32.0,0.0128630734569,1.72047807442e-06,23.083689808,24.2229563298,10.3089498635,10.3770446983,SF,5000
2225.0,Tony,Parker,17.5,5,CHA@SA,SA,CHA,,,17.2,19.25,0,3.79676943248,0.0160411417801,0.636583261459,2.10709579914,0.174324541804,0.947305935678,0.510368849716,1.94252682361,1.12163047748,4.77738321372,0.314309075992,9.46471587291,1.5624820385,11.4315575419,25.0,0.00412617878626,1.29922857902e-09,17.582961423,18.7736501688,10.5605854549,10.1886155975,PG,5000
203477.0,Isaiah,Canaan,17.0,5,ORL@PHI,PHI,ORL,,,35.1,38.75,0,2.29809604915,0.232999721408,6.65503742033,2.74133254574,0.451252887118,1.58749538468,0.832033724709,1.74278730038,2.0387482718,3.89382950352,2.48316381902,10.2062982531,2.29174359464,12.5625664207,27.0,0.000149472422929,5.8942119575e-09,18.8434880124,21.058625212,11.8063920816,13.3734482349,PG,4900
1626161.0,Willie,Cauley-Stein,20.1,6,GS@SAC,SAC,GS,,,9.7,10.25,0,0.698941067348,0.888673189544,0.197283526601,2.13946447889,1.96690003221,3.02399410057,0.814357997194,0.93483347186,4.99089413279,2.16762570386,0.0543336640247,4.04645025491,1.31665684544,5.70624191718,20.0,0.00580754290255,3.4157257964e-10,15.2149553792,15.9677949691,5.61712184673,5.20781923457,C,4900
2037.0,Jamal,Crawford,16.7,5,HOU@LAC,LAC,HOU,,,7.0,8.5,0,1.72761212411,0.0859419064929,3.33865078156,2.44208302054,0.249243294007,0.642070598234,0.628207198898,0.786076374036,0.891313892241,3.47290635123,0.952228902124,8.9434920335,2.21402424833,10.1120658529,19.0,8.36771265783e-06,3.36978883094e-13,14.4152825465,15.3290134308,8.82715162831,9.1563601691,SG,4800
203145.0,Kent,Bazemore,23.0,7,WAS@ATL,ATL,WAS,,,38.3,40.5,0,2.38151586412,0.621029625973,3.38240850579,2.30941333105,0.358563621946,2.5256865035,1.61170348781,1.31218308832,2.88425012544,4.11455918089,1.65038230595,8.52555387127,1.72739158917,11.6068922569,29.0,0.000722793541316,1.16046071922e-07,21.7935493428,23.4201290847,9.21840608083,9.74116200147,SG,4800
200755.0,J.J.,Redick,18.9,5,HOU@LAC,LAC,HOU,,,24.9,26.5,0,2.20377103724,0.157374409034,5.91223518851,2.95486660343,0.356032182552,0.664069586577,0.587332872529,1.37636713188,1.02010176913,6.4496822902,2.59371576505,13.0181972684,2.714203426,18.2072837714,35.0,9.70328517279e-05,1.30155548247e-11,22.8501098815,24.8863019677,13.3568535191,14.3670992432,SG,4800
201593.0,Nikola,Pekovic,23.5,31,MIN@CHI,MIN,CHI,O,Achilles,0.0,0.0,0,0.0,0.0,0.0,0.0,0.0,0.0,0.0,0.0,0.0,0.0,0.0,0.0,0.0,0.0,0.0,,,0.0,,0.771302157252,,C,4800
202391.0,Jeremy,Lin,20.8,5,CHA@SA,CHA,SA,,,16.6,18.25,0,3.53284699555,0.496858683895,2.76946101093,3.6208723833,0.4649049417,1.06011399704,0.809280257888,2.01850825589,1.52501893874,3.24276948137,1.01220392284,8.07050145781,2.98025683605,10.4779997216,22.0,0.00226566163725,1.07324050457e-08,18.2010625691,19.7960681301,8.41843931733,8.72530988332,PG,4800
2738.0,Andre,Iguodala,21.1,6,GS@SAC,GS,SAC,,,34.2,36.0,0,4.60728677809,0.401244205803,3.5163486722,1.53918197481,1.17531876715,2.50369429047,1.94258080571,1.12241539447,3.67901305762,3.88961838163,1.09654851914,8.14615805728,0.862744489896,9.73852977229,34.0,0.0139974497475,5.30898646696e-05,24.6295102371,25.944098291,8.62545369117,8.93677202607,SF,4600
203471.0,Dennis,Schroder,21.0,7,WAS@ATL,ATL,WAS,,,16.5,17.5,0,4.40825886801,0.0309968632149,2.78781291351,1.98083254626,0.371558563233,1.11757897571,0.832409035737,2.30873244565,1.48913753894,4.57781316365,0.916451786186,10.6818739186,1.65305922465,11.7251373381,24.0,0.0109448531919,4.23271190584e-08,19.5425700391,21.2460364388,10.4904117037,10.572041903,PG,4600
201574.0,Jason,Thompson,7.9,3,GS@SAC,GS,SAC,,,5.6,5.75,0,0.318143539591,0.205155123303,0.00278689597303,0.425048432784,0.524488308207,0.706586000163,0.170633697009,0.360631118352,1.23107430837,0.790312321257,0.0,1.61423787336,0.263456504561,1.84408114707,7.0,,,4.18953214877,,2.86971347363,,PF,4600
1938.0,Manu,Ginobili,21.7,5,CHA@SA,SA,CHA,,,26.1,28.25,0,3.29059512529,0.19118567775,3.12412396793,1.69996254184,0.246903438278,1.24800300363,1.0660522191,1.62224342846,1.49490644191,3.29094901399,1.27031945257,6.93450343983,1.28244295602,9.13466043657,18.0,0.00111743226109,4.65957957785e-09,16.75667322,18.279376145,7.88541939976,8.34391056231,SG,4600
203476.0,Gorgui,Dieng,14.8,4,MIN@CHI,MIN,CHI,,,16.4,17.75,0,1.09094192451,1.15544035969,0.0387604403806,1.99679025395,1.96777844785,2.93068392346,0.892382601146,1.42278301075,4.89846237131,2.98070892443,0.00808931557733,5.93017563972,1.55494238004,7.52444954448,23.0,0.0103277560973,7.18026729471e-09,17.7118801877,18.6877311252,7.46621381884,7.05511038236,C,4500
203939.0,Dwight,Powell,24.3,5,NO@DAL,DAL,NO,,,26.9,27.25,0,1.30431580273,0.693640498241,0.707550708326,3.45349983475,1.81141914992,4.48232356244,0.803830652361,1.02869239522,6.29374271236,4.32332402498,0.193811962486,9.01620916832,2.33586001833,11.1763200308,26.0,0.0744140855335,9.12313287329e-08,22.6515348957,23.6890956122,10.1033364751,9.74557137689,PF,4500
2754.0,Tony,Allen,16.3,6,MEM@UTA,MEM,UTA,,,18.4,19.25,0,1.27147673506,0.448758081549,0.688688104777,1.27206660004,1.75285036754,2.42912868996,1.86445041744,1.04267524734,4.1819790575,2.99903211422,0.152652698902,6.86702423881,0.760647980736,6.91136490808,24.0,0.00329632913084,8.87211426927e-08,17.4206966303,18.2324043162,7.65676111732,7.35791144876,SG,4500
202397.0,Ishmael,Smith,24.2,5,NO@DAL,NO,DAL,,,29.9,31.75,0,7.98200396454,0.270281218227,2.44089686009,1.44726898533,0.717633668757,2.22301651411,1.61946419384,2.70979578472,2.94065018287,4.58394007048,0.683122185104,13.2784532328,0.731351199063,10.5823535251,33.0,0.181392750654,0.000173345447903,27.1538347308,29.2699353872,12.1921690534,12.224584902,PG,4500
203991.0,Clint,Capela,21.3,6,HOU@LAC,HOU,LAC,,,20.6,21.0,0,0.637669687067,1.61977244046,0.134702785561,2.67629422637,1.97273405904,3.36234402164,0.512134421218,1.04739167451,5.33507808067,3.04873824496,0.0370983630511,5.48489229331,1.12147628175,7.25605113472,19.0,0.0153995085445,1.22182086036e-07,17.831071411,18.6631699631,7.15643294419,6.67779830234,C,4500
200826.0,Jose Juan,Barea,19.1,5,NO@DAL,DAL,NO,,,14.2,16.75,0,4.97975212316,0.00859325434496,3.30607091541,2.00380313733,0.527852814564,0.762919573378,0.387396782466,1.74204594752,1.29077238794,3.82768418036,1.08454178191,9.39660134387,1.6715358325,10.4114459751,24.0,0.019555994712,2.15289691613e-08,18.4799351515,19.9871016923,9.32731286306,9.66473942335,PG,4400
203918.0,Rodney,Hood,21.7,5,MEM@UTA,UTA,MEM,,,17.4,19.5,0,2.97897962616,0.573279806055,5.09778362959,1.75268606471,0.445587250455,1.29390490909,1.02352780711,1.55134033004,1.73949215955,5.05736119171,1.56964450839,11.7123317212,1.46450707767,13.1488739695,31.0,0.000846711255629,1.22580135488e-08,21.3470088965,22.9957460273,11.4602203426,12.1264786836,SG,4400
203089.0,John,Henson,22.1,2,BKN@MIL,MIL,BKN,,,11.3,12.0,0,0.482480537242,0.962499909301,0.000773438598665,1.08836460118,1.01931573049,0.849619362105,0.206112877577,0.628825720126,1.86893509259,1.68002747526,0.000108349482028,3.01813612939,0.700991878699,4.0611551787,9.0,1.72524764674e-06,1.35493038117e-13,8.73599794931,9.14391432662,4.62930507579,4.20269824426,PF,4400
201959.0,Taj,Gibson,14.8,6,MIN@CHI,CHI,MIN,,,10.6,11.25,0,1.21302428796,1.08086087517,0.00367076189766,2.4511189248,2.06470218668,2.76589847323,0.388891006696,1.28962988772,4.83060065991,3.51052589519,6.13502692826e-07,6.67443433653,1.57219353234,8.59324593622,25.0,0.012413399816,1.06728412319e-08,17.8593770361,18.7643424514,8.332851756,7.87776958144,PF,4300
202349.0,Greivis,Vasquez,18.9,6,BKN@MIL,MIL,BKN,,,7.9,9.0,0,4.92874804399,0.0646427232276,4.70773962782,1.94591999037,0.393899584047,1.54238662042,0.712885194115,1.79467979301,1.93628620447,3.05475203593,1.2099827213,9.61547314491,1.75722932345,9.07671611662,28.0,0.0150975926661,5.37012897277e-07,18.5537576696,20.1755512371,9.19206925486,9.97002764669,PG,4300
203087.0,Jeremy,Lamb,23.0,4,CHA@SA,CHA,SA,,,6.8,8.0,0,1.49757402234,0.473103347219,4.02787487903,1.39271430158,0.518832955671,1.30346380084,0.649455577764,0.934659439029,1.82229675651,4.45617137645,1.49783232495,9.57682341018,1.02396525351,11.4341403314,23.0,1.7762145601e-05,6.04449112432e-11,17.1777158836,18.4851032468,9.91375078605,10.4468671684,SG,4300
201585.0,Kosta,Koufos,21.4,6,GS@SAC,SAC,GS,,,28.0,30.0,0,0.592372247747,1.24168229372,9.13155180646e-05,0.987128004524,3.23460825492,3.38991059804,0.673013551664,1.13032704745,6.62451885296,4.37569268138,2.63136617476e-06,7.84331304363,0.61493229119,9.36632028531,27.0,0.0716909292522,5.62421003039e-08,20.9033659238,21.9072932685,9.4620745396,8.93949487994,C,4200
201980.0,Danny,Green,16.4,5,CHA@SA,SA,CHA,,,23.6,24.25,0,1.88348728912,0.823932719466,4.90522026162,1.36776367189,0.794293259115,2.19075545164,1.14824948817,1.27532519409,2.98504871076,2.98305349083,1.58138713516,8.14607743322,1.11139449996,8.65888861677,27.0,0.000518874714888,1.45154111805e-08,17.7352172245,19.3136041803,9.05174270537,10.0851787839,SG,4200
2746.0,Josh,Smith,12.2,5,HOU@LAC,LAC,HOU,,,16.9,17.0,0,1.27001084557,0.72465495134,1.12631532076,1.25844950505,0.784205120028,1.1473610224,0.320095462957,1.14173927824,1.93156614243,1.81031292608,0.360603234143,4.44071504242,0.629364658336,4.61059374463,11.0,4.08209097305e-06,3.81244181778e-12,9.78125093425,10.6290066207,5.18655882452,5.13585576634,PF,4200
201149.0,Joakim,Noah,15.3,6,MIN@CHI,CHI,MIN,,,27.7,29.75,0,4.03739947685,0.946798719085,0.0134768124644,1.91591046953,2.61727450572,3.91657833941,0.686308916049,2.0628009257,6.53385284513,1.94750642043,0.0,4.90030128119,1.01378268245,4.90879552331,25.0,,,20.0089324973,,6.06660973726,,C,4200
204456.0,T.J.,McConnell,22.2,5,ORL@PHI,PHI,ORL,,,34.1,37.0,0,8.53233211133,0.649205087295,1.63595517921,0.62640991602,1.32085086823,4.61965154889,1.58145984345,2.66656193684,5.94050241712,3.29199470549,0.561528103414,7.33780092016,0.461504601401,7.60702211579,36.0,0.18057573554,0.010618559308,29.328891108,31.5426805302,7.79224850678,7.72443125056,PG,4200
2399.0,Mike,Dunleavy,17.8,63,MIN@CHI,CHI,MIN,O,Back,0.0,0.0,0,0.0,0.0,0.0,0.0,0.0,0.0,0.0,0.0,0.0,0.0,0.0,0.0,0.0,0.0,0.0,,,0.0,,0.594152155376,,SF,4200
202344.0,Trevor,Booker,14.1,4,MEM@UTA,UTA,MEM,,,11.2,12.0,0,0.952282665488,0.516038864372,0.774736255881,1.05111630343,1.73962484153,2.15865477881,0.528654390997,0.771670315145,3.89827962034,2.30256386684,0.264340049755,5.70669865316,0.612468097082,5.48193588052,19.0,0.00121247330049,8.71299714751e-11,12.9060116188,13.6207494924,6.34490304981,6.17927570882,PF,4200
201145.0,Jeff,Green,14.0,6,MEM@UTA,MEM,UTA,,,13.8,14.5,0,1.92226550467,0.287862592747,3.29762622541,2.72796249365,0.629687836694,1.96129015232,0.570984059836,1.43426121964,2.59097798901,4.17550789395,1.00967159255,10.385992053,2.17952885271,11.5402162332,29.0,0.000285535105768,8.7701700458e-09,17.8162201625,19.168163797,10.0841365069,10.3342995616,SF,4200
201600.0,Omer,Asik,3.2,1,NO@DAL,NO,DAL,O,Calf,0.0,0.0,0,0.0,0.0,0.0,0.0,0.0,0.0,0.0,0.0,0.0,0.0,0.0,0.0,0.0,0.0,0.0,,,0.0,,0.803643691601,,C,4200
203924.0,Jerami,Grant,20.4,5,ORL@PHI,PHI,ORL,,,16.8,18.0,0,1.28684067566,1.25084118419,2.23423461291,3.14725006356,0.72434025835,2.27657608034,0.577923397715,1.18111107012,3.00091633869,2.5222611491,0.566869797945,6.43989835938,2.11039099324,7.72178308939,23.0,0.000427372680397,8.13404930131e-10,15.729561803,16.7542391154,6.9028233474,6.99320959875,PF,4100
203499.0,Shane,Larkin,11.1,6,BKN@MIL,BKN,MIL,,,17.6,18.25,0,2.59152718776,0.17941009495,0.92806059666,0.905046480001,0.171311460829,0.82524208448,0.975359560439,1.20856005675,0.996553545309,2.03661764394,0.203157731321,4.75320487278,0.671115709622,4.94750872882,18.0,4.83179698076e-05,9.50284377068e-12,11.1316430189,11.8874020671,5.49228122123,5.26738415461,PG,4100
201977.0,Marcus,Thornton,25.7,4,HOU@LAC,HOU,LAC,,,30.3,32.0,0,2.10700696464,0.174798059323,7.68563440254,1.46004762389,1.56730846583,2.09340875542,1.34271588785,1.36103934771,3.66071722125,7.17670086757,2.99047355199,16.7867613,1.19687122166,18.5407465088,38.0,0.00433573918531,3.10434607838e-07,27.7681061679,30.1334030189,16.1863684671,17.5966629324,SG,4100
203080.0,Thomas,Robinson,12.1,6,BKN@MIL,BKN,MIL,,,10.2,11.5,0,0.575479848418,0.52104159192,0.0230054345621,1.78823554339,1.7944224902,2.61571993607,0.544022658129,1.16674637122,4.41014242627,2.18152108975,0.000562191043182,4.36656671612,0.910375619785,5.27397999033,15.0,0.00222807397315,2.86688469488e-12,12.3927528034,13.2002563168,5.87848638452,5.49188485415,PF,4100
203932.0,Aaron,Gordon,18.3,6,ORL@PHI,ORL,PHI,,,22.2,23.0,0,0.975659761701,0.785449048552,1.50211527808,2.69060531762,1.91473077478,2.34807245612,0.633267211497,1.12132258859,4.2628032309,3.21434261805,0.428547549485,6.77706156218,1.90011730828,8.75735009386,22.0,0.00599070315675,6.15348117366e-10,17.052313545,18.0493748322,7.54006741294,7.33857142915,PF,4100
201166.0,Aaron,Brooks,14.7,6,MIN@CHI,CHI,MIN,,,13.5,14.5,0,2.07527062389,0.191999322524,3.19491423248,0.851584685007,0.342401157157,0.57469982453,0.449389758408,0.899590796615,0.917100981687,3.04168925094,1.18699706946,7.02471582456,0.711195747779,7.98157131912,15.0,2.61202132265e-05,1.32065611387e-12,12.5781857982,13.6673739607,7.69670601888,8.19834513205,PG,4100
2403.0,Nene,Hilario,12.4,5,WAS@ATL,WAS,ATL,,,31.5,34.0,0,1.87546246458,0.191260072197,0.0390826216358,3.08391659492,1.05074848922,2.57807280909,0.918960577169,1.53421319564,3.62882129831,3.61359841823,0.00779747296591,6.97237096979,1.71047349608,8.94546780551,22.0,0.00218695392493,5.9488218618e-08,16.7994751634,17.755202172,8.64582738184,8.2004994949,PF,4100
201147.0,Corey,Brewer,17.7,6,HOU@LAC,HOU,LAC,GTD,Thigh,3.0,3.5,0,1.38622301348,0.179337028984,1.63372589553,1.70511435974,0.514227650549,1.12971048511,0.91564160314,0.814388422208,1.64393813566,2.27552313643,0.348706878707,6.12669982405,1.16897271545,6.06872586701,17.0,2.51532320757e-06,4.32606972398e-12,11.4963549921,12.1601033223,6.3549810318,6.2965105075,SF,4100
2734.0,Devin,Harris,15.5,5,NO@DAL,DAL,NO,,,20.4,21.0,0,3.04967671217,0.262395414313,3.55502747712,2.82779316256,0.341600064034,1.37444580667,1.15341387811,1.32666072169,1.71604587071,2.89405263843,0.961597421471,7.59710734733,1.94385334679,8.69355604512,24.0,0.000604204933922,7.99395835606e-09,16.8322840214,18.0631217179,7.94817363799,8.40694799957,SG,4100
201584.0,Courtney,Lee,18.3,6,MEM@UTA,MEM,UTA,,,15.0,15.75,0,1.26651824759,0.140278760033,3.10708875281,2.11601660869,0.550565658835,1.1385738412,0.96488165795,0.687624778194,1.68913950003,3.37172943882,0.889789639691,8.38992897508,1.8798035052,9.51305202252,27.0,6.87065900851e-06,6.42053623358e-12,14.9624928517,15.8356673417,8.41853544739,8.68907238285,SG,4100
200757.0,Thabo,Sefolosha,17.3,4,WAS@ATL,ATL,WAS,O,Rest,20.0,21.25,0,1.40569879987,0.430589046366,1.36169579816,1.24727201877,1.00869955963,1.78872589636,1.27917728001,0.991226969688,2.79742545599,2.20437658035,0.518653785775,4.81154877665,0.838317236859,5.76572418333,20.0,0.000135511977315,4.51638658431e-10,13.6594886134,14.5545035333,5.69810294316,5.67983295021,SF,4100
203498.0,Shabazz,Muhammad,13.0,4,MIN@CHI,MIN,CHI,,,5.9,7.0,0,0.792528912688,0.181720683479,1.14825339792,3.50509307707,1.31214164644,1.79489599142,0.390722197992,0.972573673357,3.10703763785,3.89737796341,0.364128432021,8.38541192849,2.63301561023,10.7918999691,21.0,0.000960027920928,1.26260804821e-11,15.8814505931,16.7065935696,9.19834677585,8.93345574955,SF,4100
203469.0,Cody,Zeller,16.4,5,CHA@SA,CHA,SA,,,10.5,11.25,0,1.06826103161,0.602429690169,0.255199677335,2.74880811496,1.79873984327,2.61658143629,0.885292157654,0.915067668796,4.41532127956,2.63051483207,0.0101048562372,5.8749432489,2.07047637179,7.34161089216,24.0,0.00523829500849,1.25890628881e-09,16.3027640019,16.9939737747,7.14467288701,6.79745978761,PF,4000
201148.0,Brandan,Wright,16.1,6,MEM@UTA,MEM,UTA,,,2.0,2.0,0,0.182681369349,0.43107254037,0.00660069324682,0.652788400851,0.435569165373,0.685525878006,0.139506371993,0.16868398703,1.12109504338,0.955375648408,6.24718582494e-07,1.52509053781,0.40240892797,2.3131608495,6.0,2.47746958406e-09,1.02303457462e-19,4.90497079328,5.04536785504,3.10274413013,2.6878405453,C,4000
201967.0,Dante,Cunningham,13.2,5,NO@DAL,NO,DAL,,,7.5,7.75,0,0.627675217624,0.329578502522,0.808347733061,0.534301273998,0.635224549743,1.78471421611,0.456760172529,0.241377351416,2.41993876585,1.6409519102,0.208998688429,3.82089507125,0.338024411145,3.82892691997,19.0,1.39379228395e-05,2.16795310248e-14,9.00566626411,9.35187212921,4.62087352923,4.44098290446,PF,4000
202325.0,Wesley,Johnson,8.0,5,HOU@LAC,LAC,HOU,,,11.7,11.75,0,0.373623548727,0.203186277892,1.08418355204,0.410945630158,0.257669172912,0.560426787679,0.240198659276,0.236788386935,0.818095960591,1.22931688842,0.324324936802,2.66478600358,0.314491581868,3.09745029551,9.0,6.63774759955e-10,7.01529797238e-21,5.28958225871,5.61104371961,3.75069337702,3.72040850139,SF,4000
2561.0,David,West,6.3,5,CHA@SA,SA,CHA,,,27.8,28.75,0,3.43210063218,0.481116713103,0.306578693436,1.84870968688,1.63267615296,2.78513404899,0.589348874443,2.09536564054,4.41781020196,4.59973951034,0.0388279199584,9.23139910801,1.31858032241,10.556887263,29.0,0.0118549217841,2.87931469653e-05,21.0519759882,22.3578320407,10.5045990413,10.0585531944,PF,4000
201196.0,Ramon,Sessions,16.2,5,WAS@ATL,WAS,ATL,,,8.9,9.5,0,2.03649791392,0.00453846348766,0.808433240053,2.66719761274,0.343230608806,0.672458654966,0.665298216885,1.00007095596,1.01568926377,1.7478329579,0.314366637285,4.51902010232,2.18598083548,5.99601338856,15.0,1.13531414198e-05,1.4828987515e-12,10.6091897808,11.3172100703,5.39620347086,5.328105559,PG,4000
201168.0,Tiago,Splitter,14.8,7,WAS@ATL,ATL,WAS,,,0.0,0.0,0,0.0,0.0,0.0,0.0,0.0,0.0,0.0,0.0,0.0,0.0,0.0,0.0,0.0,0.0,0.0,,,0.0,,0.85581828817,,C,4000
201962.0,Toney,Douglas,17.3,3,NO@DAL,NO,DAL,,,20.7,21.25,0,3.45376449685,0.317359088134,3.45271452889,1.83256664822,0.643730172316,0.932099570037,1.41493313368,1.65479533481,1.57582974235,3.64312650268,1.08507909093,8.78693805603,1.31831541069,9.68964750698,28.0,0.00172318038487,1.50175246937e-08,18.5710790519,20.0223925675,8.8934920851,9.27522213485,PG,3900
203501.0,Tim,Hardaway Jr.,16.7,70,WAS@ATL,ATL,WAS,,,0.0,0.0,0,0.0,0.0,0.0,0.0,0.0,0.0,0.0,0.0,0.0,0.0,0.0,0.0,0.0,0.0,0.0,,,0.0,,0.561033765165,,SG,3900
201956.0,Omri,Casspi,18.9,6,GS@SAC,SAC,GS,,,19.6,22.5,0,1.89849771606,0.101672474786,2.30597753075,3.44253252806,1.25010897536,3.40557984129,0.856612051162,2.09653237684,4.65568881665,4.36042888171,1.17060523892,8.62656092799,2.23835289124,12.1298158936,29.0,0.0157798266667,4.76977510641e-07,20.3844257227,22.2744501424,9.33587837701,9.42569412241,SF,3900
1718.0,Paul,Pierce,13.0,5,HOU@LAC,LAC,HOU,,,24.1,26.0,0,1.79924019609,0.173568716261,3.9126422068,2.71782687841,0.394011432679,2.66249035962,0.682011299931,1.10435889101,3.0565017923,3.01929957808,1.25431996717,7.29287190535,2.13475950578,9.4276786291,24.0,0.000700190229402,1.33257485682e-08,16.4011422154,17.7343570594,8.20781833053,8.86441883654,SF,3900
2564.0,Boris,Diaw,15.1,5,CHA@SA,SA,CHA,,,14.4,14.5,0,2.31458502321,0.343719368062,1.12618871699,0.84459174552,0.483590956823,0.88899436456,0.347389311368,0.94138632647,1.37258532138,2.247079796,0.425767631715,4.58832142531,0.570489756419,5.49041698014,16.0,2.79769541121e-05,5.22529578557e-11,11.050227933,11.8024761437,5.5673077269,5.42971297153,PF,3900
2743.0,Kris,Humphries,13.5,5,WAS@ATL,WAS,ATL,,,15.2,16.5,0,0.872904627107,0.391399275904,1.60593545182,1.96406954509,1.78522369765,3.32221869066,0.443550284514,0.939436273204,5.10744238831,3.463439413,0.597720275061,7.84170823632,1.64661219509,9.17121129616,25.0,0.0189465994503,6.09450623013e-10,17.3399619504,18.392332245,8.29925886987,8.21885701918,PF,3900
202347.0,Quincy,Pondexter,12.6,75,NO@DAL,NO,DAL,O,Knee,0.0,0.0,0,0.0,0.0,0.0,0.0,0.0,0.0,0.0,0.0,0.0,0.0,0.0,0.0,0.0,0.0,0.0,,,0.0,,0.580124192446,,SF,3900
202711.0,Bojan,Bogdanovic,14.0,6,BKN@MIL,BKN,MIL,,,16.7,19.25,0,0.918959176377,0.0583706484738,3.03756622799,1.65162831391,0.374416576245,1.12082444655,0.643774398011,1.47726029345,1.4952410228,3.7735105821,1.04237753727,8.06664317623,1.1751019857,9.76450068717,24.0,2.32282894257e-06,1.22378677981e-13,12.8642584786,14.1988429294,8.49410574421,8.73644195178,SF,3900
203917.0,Nik,Stauskas,20.7,4,ORL@PHI,PHI,ORL,,,31.1,32.75,0,2.67291619976,0.387141283235,7.16960058737,2.63321903731,0.308395085391,2.43082987821,0.589140437842,1.79607727925,2.7392249636,4.45736886959,2.24307285425,11.5946279752,2.23806121697,13.3958718104,36.0,0.000822870738195,2.08756686263e-07,20.8488022293,23.0065734766,12.4928115826,13.9576590089,SG,3900
203088.0,Kendall,Marshall,10.3,28,ORL@PHI,PHI,ORL,O,Knee,0.0,0.0,0,0.0,0.0,0.0,0.0,0.0,0.0,0.0,0.0,0.0,0.0,0.0,0.0,0.0,0.0,0.0,,,0.0,,0.899244200232,,PG,3900
2757.0,Beno,Udrih,14.3,6,MEM@UTA,MEM,UTA,,,3.0,3.5,0,1.46151786583,0.0549999567281,0.606153441566,0.410437932401,0.0673603634381,0.24066462734,0.238786413496,0.558000996261,0.308024990778,1.33089322783,0.206284296395,2.74744642215,0.362084771875,3.23015552392,8.0,1.25991470077e-07,2.186676798e-19,5.82163405578,6.21917814064,3.88537997348,3.69113875856,PG,3900
201158.0,Marco,Belinelli,16.6,6,GS@SAC,SAC,GS,,,26.6,30.25,0,3.09596542523,0.0376012253471,6.18979863418,3.79575415533,0.387363080544,1.36352639947,0.857908434923,1.50558128065,1.75088948002,4.62914408297,2.18455440492,12.1916139661,3.13163823131,14.5744808022,35.0,0.00120617890576,1.83610187894e-08,21.6049343559,23.5393559962,12.3523634233,13.5687469288,SG,3900
203105.0,Festus,Ezeli,23.0,6,GS@SAC,GS,SAC,,,25.4,28.0,0,0.665644777329,1.82258365105,0.0046349398222,3.41648133166,2.58695485843,3.76677571207,0.354491171722,1.31651370948,6.3537305705,3.41750697696,0.00127650058648,6.10261564798,1.89229597056,8.72858642507,22.0,0.05415966888,1.16557636475e-06,20.3891662117,21.4469908453,7.98084583175,7.49322517123,C,3800
203138.0,Hollis,Thompson,18.4,5,ORL@PHI,PHI,ORL,,,10.4,11.5,0,1.76946456543,0.267917553504,4.3555312627,1.55309929644,0.815914492274,2.20205821495,0.588051767652,1.30539071879,3.01797270723,3.03156544292,1.64542223983,7.78960219304,1.11710567086,8.82565879654,28.0,0.00057246955664,9.47507673966e-09,15.5079708169,17.1351346643,8.72640898513,9.68152701651,SF,3800
708.0,Kevin,Garnett,10.9,4,MIN@CHI,MIN,CHI,,,13.0,13.25,0,0.961670895042,0.221295041407,0.0570128716644,0.688440974264,0.476038045933,1.47525880046,0.586616144585,0.425444977289,1.95129684639,1.46087516044,0.00769799669284,3.35333027569,0.417789947088,3.34723826466,12.0,1.2796731887e-06,1.00645529213e-13,8.32167821759,8.63581646641,4.51792662799,4.2271409286,PF,3800
201564.0,O.J.,Mayo,19.0,71,BKN@MIL,MIL,BKN,O,Hamstring,0.0,0.0,0,0.0,0.0,0.0,0.0,0.0,0.0,0.0,0.0,0.0,0.0,0.0,0.0,0.0,0.0,0.0,,,0.0,,0.744187689592,,SG,3800
203515.0,Phil (Flip),Pressey,4.2,2,ORL@PHI,PHI,ORL,,,10.1,10.75,0,2.21848718374,0.088800409243,1.25016858997,0.881881417988,0.207857077702,0.475746514354,0.559685062183,0.84482536446,0.683603592056,1.09214199789,0.3122694774,3.10308255902,0.540648591175,3.03720206435,11.0,3.60758963985e-06,1.37254826795e-14,7.63740272882,8.25013574074,3.84800423641,3.92567463304,PG,3800
203926.0,Doug,McDermott,13.4,6,MIN@CHI,CHI,MIN,,,13.4,15.0,0,0.717514023436,0.066450609255,3.3146834058,0.766001275336,0.401287083761,1.03470372322,0.330125181888,1.081277994,1.43599080698,3.26846729248,1.5233991089,7.09602714387,0.566024819521,8.62635851337,21.0,1.32607045363e-06,6.88771531737e-15,11.1376921052,12.5118321861,7.97916884654,8.61599226419,SF,3800
201578.0,Marreese,Speights,14.6,6,GS@SAC,GS,SAC,,,4.0,4.0,0,0.164395548116,0.0961125312093,0.0582714700917,0.421798888487,0.250355991471,0.418415259579,0.0569024837564,0.200062057054,0.668771251051,0.695723224142,0.00938140357829,1.55213250618,0.337295086458,1.73812293832,3.0,6.81781352756e-12,2.34465795523e-26,2.89320973463,3.03137002751,2.7190094677,2.47809393418,PF,3800
201580.0,JaVale,McGee,9.1,23,NO@DAL,DAL,NO,O,Leg,0.0,0.0,0,0.0,0.0,0.0,0.0,0.0,0.0,0.0,0.0,0.0,0.0,0.0,0.0,0.0,0.0,0.0,,,0.0,,0.88414802411,,C,3700
203473.0,Dewayne,Dedmon,16.9,5,ORL@PHI,ORL,PHI,,,30.8,31.25,0,0.402730287368,2.29529500128,0.0287868304053,2.72635208911,3.30104337079,4.89415017559,0.733948358995,1.3230981558,8.19519354638,3.14079152934,0.00611729903667,6.29370125652,1.93008264324,8.21778300095,30.0,0.134897700542,1.90925250992e-05,23.3914992524,24.6682704855,7.90293897021,7.51439448229,C,3700
203960.0,Jakarr,Sampson,8.5,5,ORL@PHI,PHI,ORL,,,1.0,1.0,0,0.244438253189,0.0750901071103,0.406705393906,0.462520089449,0.144958752524,0.366563650818,0.171779131379,0.382547588594,0.511522403342,0.628889585187,0.11041971492,1.42386321208,0.311479077473,1.67967796277,5.0,7.96060904427e-13,1.37891181409e-25,2.77135311495,3.04341288687,2.51858487912,2.3888289865,SF,3700
203463.0,Ben,McLemore,10.4,6,GS@SAC,SAC,GS,,,1.2,3.25,0,0.903428327445,0.0635894325555,2.0711028821,1.09098683144,0.220530751152,0.723916408754,0.530228922013,1.17886109159,0.944447159906,1.97486651571,0.682455362829,4.92907435808,0.823267270205,5.45545566446,16.0,2.02700207063e-08,5.40433222296e-16,7.95271036506,8.93059098067,5.63471138531,5.8874559258,SG,3700
101109.0,Raymond,Felton,14.5,5,NO@DAL,DAL,NO,,,10.7,10.75,0,2.50671746833,0.15227159566,1.76453134348,0.76051298552,0.297880047683,0.579544308328,0.526849572622,1.18101275243,0.877424356011,2.6051723187,0.565626103609,6.20111834377,0.618551757065,6.39452249807,18.0,7.48304793476e-05,2.53953680041e-12,11.3847375119,12.3020404035,6.63056092972,6.64929161142,PG,3700
203210.0,JaMychal,Green,14.4,6,MEM@UTA,MEM,UTA,,,5.9,6.0,0,0.254774150462,0.229211749195,0.441919768551,0.772828051704,1.01623199377,1.39140450697,0.27860685434,0.600724685704,2.40763650073,1.3584499811,0.118195849669,2.86049574894,0.587081434844,3.42217724671,9.0,8.44866344019e-06,7.97941076731e-18,7.10841479466,7.58826956037,4.02446701299,3.76078824362,PF,3700
1626171.0,Bobby,Portis,11.4,1,MIN@CHI,CHI,MIN,,,0.0,0.0,0,0.0,0.0,0.0,0.0,0.0,0.0,0.0,0.0,0.0,0.0,0.0,0.0,0.0,0.0,0.0,,,0.0,,0.808559151967,,PF,3700
201162.0,Jared,Dudley,13.0,4,WAS@ATL,WAS,ATL,,,6.2,6.75,0,1.27248683474,0.224252308614,2.11108732537,0.765731876029,0.387126327064,1.64019276953,0.784724014419,0.877165600562,2.02731909659,2.06175476292,0.673841565412,4.47736163175,0.483295712163,5.28064680341,20.0,9.12235398645e-06,8.7969915015e-12,10.7629470169,11.6398302383,5.49316538422,5.67764728164,SF,3700
2571.0,Leandro,Barbosa,10.6,6,GS@SAC,GS,SAC,,,14.3,15.0,0,1.22439464473,0.11605572553,1.38171094469,0.838393489294,0.40413655939,0.40413655939,0.542311048654,0.603168309418,0.80827311878,2.17060919594,0.513097672929,4.69594222981,0.606992082547,5.46130814736,12.0,1.28428781908e-07,2.02603889809e-15,8.98139309594,9.5799399357,5.55902481163,5.53836924515,SG,3700
200745.0,Andrea,Bargnani,8.1,6,BKN@MIL,BKN,MIL,,,5.2,5.25,0,0.285559033039,0.212708994327,0.394446856852,0.947917361084,0.42322784686,0.451831352117,0.051036347722,0.502739870774,0.875059198976,1.49077077451,0.134492108527,3.35233670848,0.796677442572,3.91271110013,8.0,2.04344003625e-09,1.65450451582e-21,5.41587150178,5.77824045445,4.4132079047,4.18399615001,C,3700
204060.0,Joe,Ingles,11.9,5,MEM@UTA,UTA,MEM,,,9.5,10.5,0,1.16991055727,0.0487591100413,1.65909778391,0.293003412156,0.154922644508,0.717564147785,0.470619999928,0.45275592278,0.872486792292,1.33937826125,0.669151377077,2.81444210293,0.241098111461,3.58900601103,13.0,3.34220775088e-08,1.00152456444e-15,6.97685829485,7.58143633452,4.27413620983,4.5850561489,SF,3600
203098.0,John,Jenkins,10.9,3,NO@DAL,DAL,NO,,,0.0,0.0,0,0.0,0.0,0.0,0.0,0.0,0.0,0.0,0.0,0.0,0.0,0.0,0.0,0.0,0.0,0.0,,,0.0,,0.582810322533,,SG,3600
203200.0,Justin,Holiday,10.0,4,WAS@ATL,ATL,WAS,,,13.1,14.25,0,1.22724613486,0.504601072554,2.60301203601,0.789210614284,0.313615134101,0.615680389019,0.769716059776,0.756604822635,0.929295523119,2.2448844364,0.744623838236,5.78286681885,0.62940040689,5.86379311794,17.0,1.69645518296e-07,1.05412360717e-14,10.61184639,11.408925751,6.2755838457,6.59108081265,SG,3600
201601.0,Luc Richard,Mbah a Moute,0.5,3,HOU@LAC,LAC,HOU,,,0.0,0.0,0,0.0,0.0,0.0,0.0,0.0,0.0,0.0,0.0,0.0,0.0,0.0,0.0,0.0,0.0,0.0,,,0.0,,0.707667257319,,SF,3600
201961.0,Wayne,Ellington,7.4,6,BKN@MIL,BKN,MIL,,,2.7,2.75,0,0.881485754378,0.0772912677892,2.42389553689,0.389454322584,0.253209575967,0.682225918779,0.468818819723,0.308872850003,0.935435494746,2.044813989,0.80978979775,5.53405276078,0.319956188794,5.21937396454,16.0,1.64270915117e-08,3.66402163582e-16,8.44747251483,9.05357563808,5.99359453296,6.39015059503,SG,3600
2400.0,Drew,Gooden,14.2,4,WAS@ATL,WAS,ATL,,,0.0,0.0,0,0.0,0.0,0.0,0.0,0.0,0.0,0.0,0.0,0.0,0.0,0.0,0.0,0.0,0.0,0.0,,,0.0,,0.82573521243,,PF,3600
202332.0,Cole,Aldrich,0.5,2,HOU@LAC,LAC,HOU,,,0.0,0.0,0,0.0,0.0,0.0,0.0,0.0,0.0,0.0,0.0,0.0,0.0,0.0,0.0,0.0,0.0,0.0,,,0.0,,0.945372680048,,C,3600
202341.0,James,Anderson,7.2,5,GS@SAC,SAC,GS,,,7.5,8.0,0,0.964974169467,0.1792368902,2.46053108287,0.900644595465,0.324120337067,0.565849338507,0.55615321797,0.826801908194,0.889969675574,1.7389933005,0.792816418991,4.57917864332,0.715247759476,4.98605077947,14.0,1.80627642553e-08,4.75892836654e-16,8.14545395251,8.99976162697,5.50555306664,5.95467499733,SG,3600
201228.0,C.J.,Watson,13.9,6,ORL@PHI,ORL,PHI,,,15.1,15.75,0,2.28662172976,0.0526840576177,1.70243176851,1.27233450921,0.304285487619,0.696345962711,0.682099053044,0.807486961874,1.00063145033,1.63469152662,0.648452986363,4.07762393002,1.01023017126,4.92806621087,15.0,1.93590430829e-05,2.23035557529e-12,10.2208358054,10.9988663906,5.00133757571,5.2604067542,PG,3600
202357.0,Nemanja,Bjelica,17.7,4,MIN@CHI,MIN,CHI,,,39.7,43.75,0,3.58376391325,0.62300993463,4.60881023306,3.18787673493,1.48173529818,8.64182360719,1.20146920174,2.08321514691,10.1235589054,3.58335015607,1.50470747279,8.75668500202,2.05763717327,10.7290449582,40.0,0.365055897027,0.00141166032484,29.8187046404,32.670662722,9.51047604817,10.3382245077,SF,3600
202337.0,Luke,Babbitt,17.0,3,NO@DAL,NO,DAL,,,8.9,9.5,0,0.674593923121,0.239585069872,3.02409173642,0.435497495012,0.223943943523,1.51644253181,0.303756524408,0.514693126957,1.74038647533,2.09521658915,1.14050785957,4.79481558357,0.345833325168,5.67677436305,19.0,3.12326801814e-06,9.11536733359e-15,9.34911907973,10.2637435817,6.27079700646,6.92410785359,SF,3600
2440.0,Matt,Barnes,15.2,6,MEM@UTA,MEM,UTA,,,15.6,17.25,0,1.10050365271,0.640903053968,3.95617361414,1.13733157008,0.591617417987,1.4699445154,0.795503216855,0.761009960467,2.06156193339,2.34613317571,1.11962904168,6.51718233336,0.966000086752,6.77789547985,21.0,1.82082223791e-05,5.08639643098e-12,13.0143278602,14.0577527702,7.35954226479,8.10916670844,SF,3600
2733.0,Shaun,Livingston,10.0,6,GS@SAC,GS,SAC,,,12.7,13.25,0,2.74231858732,0.28456873906,0.082818828826,1.17932782838,0.524224507615,0.920382594367,0.578809809862,1.27421416074,1.44460710198,1.99327076855,0.000527286413468,4.26023342273,0.920294251114,4.90736307463,18.0,6.72883940697e-05,1.97909976157e-10,11.2069124151,11.916614427,5.57423852305,5.21809381111,PG,3600
201160.0,Jason,Smith,8.5,5,ORL@PHI,ORL,PHI,,,19.5,20.75,0,1.08999427172,0.706492050795,0.422214002431,1.51633631609,0.854209579478,1.61576316973,0.297512931717,1.01520857801,2.46997274921,2.90277440456,0.172191222085,6.55755707451,1.25731432609,7.2350543573,18.0,8.51482041923e-05,2.10725023522e-11,12.826814451,13.5441407108,7.55677555638,7.27447772556,PF,3600
201976.0,Patrick,Beverley,12.3,5,HOU@LAC,HOU,LAC,O,Concussion,0.0,0.0,0,0.0,0.0,0.0,0.0,0.0,0.0,0.0,0.0,0.0,0.0,0.0,0.0,0.0,0.0,0.0,,,0.0,,0.800547583419,,PG,3600
101112.0,Channing,Frye,6.3,2,ORL@PHI,ORL,PHI,,,0.0,0.0,0,0.0,0.0,0.0,0.0,0.0,0.0,0.0,0.0,0.0,0.0,0.0,0.0,0.0,0.0,0.0,,,0.0,,0.627989395575,,PF,3600
203893.0,Russ,Smith,3.9,4,MEM@UTA,MEM,UTA,,,0.0,0.0,0,0.0,0.0,0.0,0.0,0.0,0.0,0.0,0.0,0.0,0.0,0.0,0.0,0.0,0.0,0.0,,,0.0,,0.826115480007,,PG,3500
203948.0,Johnny,O'Bryant,11.2,6,BKN@MIL,MIL,BKN,,,18.9,19.75,0,0.757870010353,0.266904585468,0.0382267754655,1.42128522963,1.2008169732,1.44165895134,0.290856043306,0.676760263423,2.64247592454,1.89360179508,0.0105279996936,4.44551898729,0.878840546313,4.67657213616,16.0,4.36677450563e-05,3.78505262784e-13,9.42310925526,9.89894268466,5.63407502552,5.34306083822,C,3500
1626209.0,Mario,Hezonja,5.0,6,ORL@PHI,ORL,PHI,,,13.4,14.0,0,0.576889021123,0.0796428317738,1.54062744445,0.474277870161,0.230677723168,1.05024794237,0.328518866556,0.894740198435,1.28092566553,1.69074760235,0.569158646098,4.07106123247,0.367195083774,4.31784893457,12.0,1.06426888646e-07,7.12233929792e-17,6.64187646312,7.43787232831,4.87577499512,5.0387062446,SF,3500
2406.0,Caron,Butler,5.8,4,GS@SAC,SAC,GS,,,1.0,1.0,0,0.2281984167,0.0152322678817,0.752984181979,0.236111652335,0.11689135709,0.144872304005,0.181023015877,0.172593811581,0.261763661096,0.676913724686,0.244006896221,1.66260114389,0.188992353311,1.7868266989,6.0,2.99002469468e-15,2.2493211064e-28,2.66315747321,2.88454601016,2.68345613487,2.74904347307,SF,3500
1626257.0,Salah,Mejri,2.9,3,NO@DAL,DAL,NO,,,0.0,0.0,0,0.0,0.0,0.0,0.0,0.0,0.0,0.0,0.0,0.0,0.0,0.0,0.0,0.0,0.0,0.0,,,0.0,,0.884913745721,,C,3500
1626183.0,Branden,Dawson,0.0,0,HOU@LAC,LAC,HOU,,,0.0,0.0,0,0.0,0.0,0.0,0.0,0.0,0.0,0.0,0.0,0.0,0.0,0.0,0.0,0.0,0.0,0.0,,,0.0,,0.845620626624,,PF,3500
203940.0,Adreian,Payne,8.9,2,MIN@CHI,MIN,CHI,,,2.0,2.0,0,0.170852549204,0.0668866394151,0.0724441720139,0.269243345418,0.24785993554,0.353986549178,0.0969062255144,0.251286652609,0.601846484718,0.531112005802,0.0266427633978,1.20668361805,0.193253477946,1.28212025295,4.0,9.31101204409e-13,4.67383303019e-27,2.33691393567,2.50597096791,2.27689380747,2.08533831795,PF,3500
201582.0,Alexis,Ajinca,10.9,5,NO@DAL,NO,DAL,,,14.2,15.0,0,0.709423447096,0.836809648204,0.0289376516045,1.39412483951,1.88276645128,1.95214629801,0.409587081422,0.99262246618,3.83491274929,2.94527188187,0.00896498576662,5.39670162709,1.17498181096,7.07449056046,16.0,0.00196070432316,5.18401655881e-11,14.2406920233,14.9361724434,7.00439150274,6.53096527601,C,3500
204014.0,Damjan,Rudez,1.1,2,MIN@CHI,MIN,CHI,,,0.0,0.0,0,0.0,0.0,0.0,0.0,0.0,0.0,0.0,0.0,0.0,0.0,0.0,0.0,0.0,0.0,0.0,,,0.0,,0.537522261663,,SF,3500
203118.0,Mike,Scott,7.4,7,WAS@ATL,ATL,WAS,,,13.8,15.0,0,1.12182131505,0.0271474758746,1.9319676142,1.0831273873,0.641112730638,0.961326841481,0.201058079519,0.552939558801,1.60243957212,2.19418603461,0.619145160053,5.09122902143,0.944575246057,5.95209247533,14.0,1.68395209775e-06,5.08572284113e-13,9.46122348644,10.1273903504,5.81678232344,5.94410152171,SF,3500
201573.0,Jerryd,Bayless,16.5,6,BKN@MIL,MIL,BKN,,,41.2,45.25,0,4.12104992938,0.347159896053,3.63783078778,2.43459803741,0.345093637902,1.43884415954,0.979659517035,2.21293075169,1.78393779744,3.89246372546,1.41880339847,9.5203987536,1.96391069328,11.1676415427,32.0,0.00673552100626,1.21522069477e-07,19.9306498682,21.8458174792,9.61161646497,10.1506510404,PG,3500
1626158.0,Richaun,Holmes,6.9,5,ORL@PHI,PHI,ORL,,,18.7,19.0,0,0.963767158334,0.740686872159,1.1352245057,2.19147822891,1.59994053142,1.69687027781,0.484458962245,0.821512565116,3.29681080923,2.092728857,0.303640971939,4.70550632374,1.4786546894,5.96775337533,18.0,0.000465263501237,4.03470789142e-11,12.9983561876,13.726471392,5.63288269329,5.47174569218,PF,3500
203912.0,C.J.,Wilcox,2.8,21,HOU@LAC,LAC,HOU,,,0.0,0.0,0,0.0,0.0,0.0,0.0,0.0,0.0,0.0,0.0,0.0,0.0,0.0,0.0,0.0,0.0,0.0,,,0.0,,0.729975285981,,SG,3500
203503.0,Tony,Snell,12.2,6,MIN@CHI,CHI,MIN,,,21.2,24.5,0,1.22561165909,0.30628167588,3.83862040554,0.945880433242,0.414050462385,2.41564263684,0.527969909031,0.973033570962,2.82969309923,2.96591820963,1.58860486082,7.25469366519,0.825608338712,8.3460496188,28.0,0.000320226349455,2.22566717366e-10,14.2755684254,15.6983526364,8.17020911796,9.01653028483,SG,3500
1626173.0,Rashad,Vaughn,5.3,3,BKN@MIL,MIL,BKN,,,1.0,1.5,0,0.072738204154,0.0470039123348,0.246816377296,0.096981183053,0.10138505603,0.198072726658,0.0535610343892,0.112062681696,0.299457782688,0.271736926052,0.0791126382301,0.647906272872,0.0714504369801,0.694036927315,2.0,2.91942457771e-16,3.31159555716e-34,1.25156078452,1.36212133362,1.66145998337,1.63308604847,SG,3500
203946.0,Cameron,Bairstow,3.2,1,MIN@CHI,CHI,MIN,,,0.0,0.0,0,0.0,0.0,0.0,0.0,0.0,0.0,0.0,0.0,0.0,0.0,0.0,0.0,0.0,0.0,0.0,,,0.0,,0.75900244077,,PF,3500
203950.0,Jarnell,Stokes,2.4,1,MEM@UTA,MEM,UTA,,,0.0,0.0,0,0.0400847226664,0.0334479375023,0.0113950517909,0.185838993529,0.111864033506,0.131256067188,0.0343917078349,0.0549724872678,0.243120100694,0.144793786624,0.00313830012174,0.288826031565,0.110797082834,0.403522956203,1.0,5.79526077765e-19,2.27904542269e-39,0.836100964442,0.877312363171,1.35907136215,1.24763613079,PF,3500
1626251.0,Duje,Dukan,0.0,0,GS@SAC,SAC,GS,,,0.0,0.0,0,0.0,0.0,0.0,0.0,0.0,0.0,0.0,0.0,0.0,0.0,0.0,0.0,0.0,0.0,0.0,,,0.0,,0.845620626624,,PF,3500
1626163.0,Frank,Kaminsky,6.1,5,CHA@SA,CHA,SA,,,11.0,11.5,0,0.851250764933,0.0828602934669,0.987355297721,0.683179170618,0.248676975287,1.01878559091,0.252589953539,0.337129567883,1.2674625662,1.21561503978,0.463838944817,2.68977026561,0.505585855572,3.40065487995,9.0,4.98229264144e-08,1.23492391217e-15,6.53225703292,6.99611449231,3.84073153511,3.96347353763,PF,3500
201971.0,DeJuan,Blair,0.3,2,WAS@ATL,WAS,ATL,,,0.0,0.0,0,0.0,0.0,0.0,0.0,0.0,0.0,0.0,0.0,0.0,0.0,0.0,0.0,0.0,0.0,0.0,,,0.0,,0.82158931938,,C,3500
1626162.0,Kelly,Oubre,5.7,2,WAS@ATL,WAS,ATL,,,0.0,0.0,0,0.100620191767,0.0154788395797,0.166336697875,0.118536280605,0.0321958219985,0.130668244188,0.0293048171248,0.0569047611962,0.162864066186,0.162499661553,0.0315010683339,0.435295356043,0.0777990425695,0.434299434009,1.0,7.91717399808e-20,2.10011055955e-36,0.813329153296,0.86567527137,1.39684101363,1.33768603698,SF,3500
203481.0,Jeff,Withey,0.0,1,MEM@UTA,UTA,MEM,,,0.0,0.0,0,0.0,0.0,0.0,0.0,0.0,0.0,0.0,0.0,0.0,0.0,0.0,0.0,0.0,0.0,0.0,,,0.0,,0.852666543515,,C,3500
201988.0,Patrick,Mills,12.3,5,CHA@SA,SA,CHA,,,26.4,28.5,0,2.00516893236,0.0346888789539,3.81292325584,0.689122079512,0.347293880932,0.964344089964,0.657772473872,0.863550688108,1.3116379709,3.11231406425,1.56942464173,6.90398750711,0.5348583135,8.32891108374,19.0,2.17251246802e-05,2.6887467945e-11,13.4320020649,14.7141042161,8.10962464002,8.89965245986,PG,3500
2570.0,Kendrick,Perkins,9.5,3,NO@DAL,NO,DAL,O,Pectoral,0.0,0.0,0,0.0,0.0,0.0,0.0,0.0,0.0,0.0,0.0,0.0,0.0,0.0,0.0,0.0,0.0,0.0,,,0.0,,0.785342715413,,C,3500
203584.0,Troy,Daniels,2.8,2,CHA@SA,CHA,SA,,,1.5,1.5,0,0.23914992189,0.0145118150191,1.16154303001,0.1220110695,0.071350340668,0.159719890071,0.0694607674233,0.20654433835,0.231070230739,0.642525246892,0.436794443261,1.64811906597,0.0968187434943,1.81866368054,4.0,2.91340978871e-15,1.64751571742e-28,2.4160736668,2.74929656914,2.93850287247,3.27163990783,SG,3500
203187.0,Chris,Johnson,3.3,4,MEM@UTA,UTA,MEM,,,0.0,0.0,0,0.0,0.0,0.0,0.0,0.0,0.0,0.0,0.0,0.0,0.0,0.0,0.0,0.0,0.0,0.0,,,0.0,,0.645070634758,,SG,3500
203906.0,Roy Devyn,Marble,7.0,16,ORL@PHI,ORL,PHI,,,0.0,0.0,0,0.0,0.0,0.0,0.0,0.0,0.0,0.0,0.0,0.0,0.0,0.0,0.0,0.0,0.0,0.0,,,0.0,,0.728847424875,,SG,3500
1891.0,Jason,Terry,5.1,4,HOU@LAC,HOU,LAC,,,5.5,5.5,0,1.25792480767,0.10448725106,2.47483205796,0.296576085309,0.0893166025946,0.327199868619,0.503589418314,0.511716640627,0.416516471213,1.36989027602,0.813748875996,3.4873674905,0.238666377736,3.79219580578,13.0,7.30230220541e-08,1.55303417636e-17,6.88333948086,7.56689817227,4.96926427158,5.52121884166,PG,3500
202379.0,Jeremy,Evans,6.3,4,NO@DAL,DAL,NO,,,8.6,8.75,0,0.458902193446,0.535087729138,0.238107104148,1.10716058175,1.07557588145,1.46817025217,0.429326952555,0.292252713428,2.54374613361,1.46659925419,0.0834121397133,2.66591521923,0.852270032792,3.86888068088,13.0,1.82232490208e-05,8.04206157994e-15,9.24630598135,9.56135304947,4.13295199304,3.77482628036,PF,3500
1626145.0,Tyus,Jones,0.0,0,MIN@CHI,MIN,CHI,,,0.0,0.0,0,0.0,0.0,0.0,0.0,0.0,0.0,0.0,0.0,0.0,0.0,0.0,0.0,0.0,0.0,0.0,,,0.0,,0.845620626624,,PG,3500
203900.0,Markel,Brown,8.1,5,BKN@MIL,BKN,MIL,,,0.0,0.0,0,0.0,0.0,0.0,0.0,0.0,0.0,0.0,0.0,0.0,0.0,0.0,0.0,0.0,0.0,0.0,,,0.0,,0.685709187795,,SG,3500
203909.0,K.J.,McDaniels,1.7,3,HOU@LAC,HOU,LAC,,,0.0,0.0,0,0.0,0.0,0.0,0.0,0.0,0.0,0.0,0.0,0.0,0.0,0.0,0.0,0.0,0.0,0.0,,,0.0,,0.825032501743,,SF,3500
2550.0,Kirk,Hinrich,1.5,1,MIN@CHI,CHI,MIN,O,Toe,0.0,0.0,0,0.0,0.0,0.0,0.0,0.0,0.0,0.0,0.0,0.0,0.0,0.0,0.0,0.0,0.0,0.0,,,0.0,,0.67264711861,,SG,3500
202734.0,E'Twaun,Moore,8.8,6,MIN@CHI,CHI,MIN,,,6.5,7.0,0,0.922980232433,0.208237224075,1.16554275546,0.402255555521,0.22566086357,0.665453389341,0.487243175292,0.54598033238,0.891114252911,1.72019874364,0.382289693046,4.01990853494,0.259532194276,4.0822193746,15.0,7.904594771e-09,1.78730188867e-16,7.3810072931,7.88969803031,4.78053354576,4.74769712662,PG,3500
202353.0,Tibor,Pleiss,1.6,2,MEM@UTA,UTA,MEM,,,0.0,0.0,0,0.0,0.0,0.0,0.0,0.0,0.0,0.0,0.0,0.0,0.0,0.0,0.0,0.0,0.0,0.0,,,0.0,,0.836696595705,,C,3500
203961.0,Eric,Moreland,2.5,3,GS@SAC,SAC,GS,,,0.0,0.0,0,0.0,0.0,0.0,0.0,0.0,0.0,0.0,0.0,0.0,0.0,0.0,0.0,0.0,0.0,0.0,,,0.0,,0.838381179146,,PF,3500
101111.0,Charlie,Villanueva,11.0,5,NO@DAL,DAL,NO,,,0.0,0.0,0,0.0,0.0,0.0,0.0,0.0,0.0,0.0,0.0,0.0,0.0,0.0,0.0,0.0,0.0,0.0,,,0.0,,0.689724409219,,PF,3500
2419.0,Tayshaun,Prince,6.9,4,MIN@CHI,MIN,CHI,,,14.0,15.25,0,1.93568734695,0.397390881141,1.48780508192,2.00084362312,1.08492186678,2.04815125866,1.02648604208,0.845094123107,3.13307312544,3.69319931778,0.483412814713,9.03305350238,1.31972609397,9.18953754424,39.0,0.000820477055806,2.85857092345e-08,17.8554160385,18.677553965,9.23573663688,9.109418871,SF,3500
203488.0,Mike,Muscala,0.1,2,WAS@ATL,ATL,WAS,,,11.4,12.5,0,0.97769347704,0.668711115067,0.825383960356,0.944225420715,1.64933838063,1.8820508491,0.495403799786,0.881393267157,3.53138922973,2.93342774102,0.313800104226,5.75252153699,0.830213174833,7.0108687611,19.0,0.00111855327536,1.04663843821e-10,14.1619126149,14.9377565923,6.78952826977,6.4852624549,PF,3500
202362.0,Lance,Stephenson,13.0,5,HOU@LAC,LAC,HOU,,,19.1,19.75,0,3.07430041151,0.0606204384468,1.68269424675,1.39702044679,0.544368940906,1.59867579589,0.522114889001,1.45599482755,2.1430447368,2.6395328602,0.541045608389,6.79005195198,0.92869678703,6.74880811581,22.0,0.000413197529299,3.17666625959e-08,13.6413882446,14.747680591,7.0369124641,7.05679586997,SG,3500
1626246.0,Boban,Marjanovic,6.3,2,CHA@SA,SA,CHA,,,3.2,3.25,0,0.358991951616,0.0681013019547,0.239537132426,0.609220089447,0.483274390621,0.578062324557,0.120630412576,0.268234995148,1.06133671518,0.755641523172,0.0659706884751,1.69566493865,0.450852533862,2.02810626868,4.0,1.11407732774e-09,7.87869372219e-21,3.94942668823,4.16959636747,2.87028684934,2.67689549234,C,3500
202714.0,Shelvin,Mack,0.4,1,WAS@ATL,ATL,WAS,,,0.0,0.0,0,0.0,0.0,0.0,0.0,0.0,0.0,0.0,0.0,0.0,0.0,0.0,0.0,0.0,0.0,0.0,,,0.0,,0.808965645111,,PG,3500
203492.0,Ray,McCallum,2.5,2,CHA@SA,SA,CHA,,,1.2,1.25,0,0.493311595595,0.0299302871854,0.286941113563,0.216975057744,0.130720208539,0.154895531992,0.160122575898,0.239611709022,0.28561574053,0.556372919897,0.0893272196396,1.27963792561,0.148605674815,1.35067873425,4.0,2.8217873149e-13,2.16380456567e-25,2.57387903342,2.75262928478,2.34115092964,2.21665176529,PG,3500
202708.0,Norris,Cole,15.9,75,NO@DAL,NO,DAL,O,Ankle,0.0,0.0,0,0.0,0.0,0.0,0.0,0.0,0.0,0.0,0.0,0.0,0.0,0.0,0.0,0.0,0.0,0.0,,,0.0,,0.737434341042,,PG,3500
101187.0,Alan,Anderson,13.2,74,WAS@ATL,WAS,ATL,O,Ankle,0.0,0.0,0,0.0,0.0,0.0,0.0,0.0,0.0,0.0,0.0,0.0,0.0,0.0,0.0,0.0,0.0,0.0,,,0.0,,0.577654934554,,SG,3500
2446.0,Rasual,Butler,7.2,4,CHA@SA,SA,CHA,,,2.2,2.75,0,0.436561790718,0.313601999144,1.61211642898,0.445673168909,0.142752639764,0.378438461701,0.201465560433,0.304983487144,0.521191101465,1.38849219026,0.540973705072,3.35446506554,0.364681008903,3.6826390945,10.0,2.04935357337e-11,8.41524779064e-22,5.68806273435,6.13710088556,4.3543712181,4.5756375762,SF,3500
203934.0,Lamar,Patterson,5.7,7,WAS@ATL,ATL,WAS,,,0.0,0.0,0,0.0,0.0,0.0,0.0,0.0,0.0,0.0,0.0,0.0,0.0,0.0,0.0,0.0,0.0,0.0,,,0.0,,0.772013044387,,SG,3500
201575.0,Brandon,Rush,5.6,5,GS@SAC,GS,SAC,,,0.0,0.0,0,0.0,0.0,0.0,0.0,0.0,0.0,0.0,0.0,0.0,0.0,0.0,0.0,0.0,0.0,0.0,,,0.0,,0.676150498112,,SG,3500
201946.0,Tyler,Hansbrough,4.3,2,CHA@SA,CHA,SA,,,0.0,0.0,0,0.0728960090418,0.0547560751838,0.0221075426187,0.603979713803,0.445881175537,0.38236918777,0.104758108701,0.107158361901,0.828250363307,0.332302723534,0.0030045938297,0.714957019813,0.44615887035,1.11376891125,4.0,4.43778142885e-12,1.82115888338e-28,2.42888336665,2.52537736269,1.86861016695,1.69731904516,PF,3500
203101.0,Miles,Plumlee,7.3,6,BKN@MIL,MIL,BKN,,,0.2,0.75,0,0.119700610984,0.270187911029,0.000288578831342,0.162219957645,0.393215290028,0.42940958621,0.118211090767,0.276003507256,0.822624876238,0.49596815332,7.94770565455e-05,0.880978243341,0.0985450708743,1.09056085457,4.0,5.80270538369e-12,2.59552904063e-24,2.75805611887,2.93722885485,2.18863373571,1.90969654328,C,3500
101236.0,Chuck,Hayes,6.8,2,HOU@LAC,HOU,LAC,GTD,Foot,0.0,0.0,0,0.0,0.0,0.0,0.0,0.0,0.0,0.0,0.0,0.0,0.0,0.0,0.0,0.0,0.0,0.0,,,0.0,,0.809432383888,,C,3500
202407.0,Elijah,Millsap,1.5,5,MEM@UTA,UTA,MEM,,,0.0,0.0,0,0.0,0.0,0.0,0.0,0.0,0.0,0.0,0.0,0.0,0.0,0.0,0.0,0.0,0.0,0.0,,,0.0,,0.762405227214,,SF,3500
203085.0,Austin,Rivers,9.9,5,HOU@LAC,LAC,HOU,,,14.5,15.5,0,2.21167124209,0.474305756963,3.16918896084,2.67305418749,0.308303921485,0.734830819936,1.07862312,1.29546976459,1.04313474142,4.0202131527,0.763487749427,10.1419798883,1.74918580786,10.5530998627,31.0,6.81273462459e-05,2.61470331543e-11,16.9327564049,18.01449409,9.73336234418,9.85279614576,PG,3500
202388.0,Donald,Sloan,3.7,2,BKN@MIL,BKN,MIL,,,0.0,0.0,0,0.0,0.0,0.0,0.0,0.0,0.0,0.0,0.0,0.0,0.0,0.0,0.0,0.0,0.0,0.0,,,0.0,,0.742629874112,,PG,3500
203552.0,Seth,Curry,6.8,4,GS@SAC,SAC,GS,,,0.0,0.0,0,0.0,0.0,0.0,0.0,0.0,0.0,0.0,0.0,0.0,0.0,0.0,0.0,0.0,0.0,0.0,,,0.0,,0.796947461917,,SG,3500
1626245.0,Cristiano,Felicio,0.0,0,MIN@CHI,CHI,MIN,,,0.0,0.0,0,0.0,0.0,0.0,0.0,0.0,0.0,0.0,0.0,0.0,0.0,0.0,0.0,0.0,0.0,0.0,,,0.0,,0.845620626624,,C,3500
203894.0,Shabazz,Napier,6.2,5,ORL@PHI,ORL,PHI,,,2.9,4.0,0,1.42894897939,0.0353112740146,1.15247054074,0.614018277197,0.132779380904,0.401594714232,0.337770077478,0.768869898157,0.534374095137,0.908977225576,0.405893072609,2.32477694303,0.472396844654,2.69624436842,10.0,7.08535326681e-08,2.31052479836e-17,5.45820955649,6.07230985291,3.43027793621,3.62713586638,PG,3500
202087.0,Alonzo,Gee,7.1,5,NO@DAL,NO,DAL,,,6.2,6.75,0,0.347229557919,0.114869683127,0.522723810891,0.76349925976,0.464195952715,0.500746704922,0.418143385458,0.44622964671,0.964942657638,1.00812294132,0.135835402776,2.39362213236,0.548121363402,2.70020264881,9.0,1.50739989009e-09,5.41411810459e-20,4.99877466531,5.3380543252,3.38962826801,3.23280211558,SF,3500
1626151.0,Aaron,Harrison,0.0,0,CHA@SA,CHA,SA,,,0.0,0.0,0,0.0,0.0,0.0,0.0,0.0,0.0,0.0,0.0,0.0,0.0,0.0,0.0,0.0,0.0,0.0,,,0.0,,0.845620626624,,PG,3500
203546.0,Ian,Clark,7.5,4,GS@SAC,GS,SAC,,,0.0,0.0,0,0.0,0.0,0.0,0.0,0.0,0.0,0.0,0.0,0.0,0.0,0.0,0.0,0.0,0.0,0.0,,,0.0,,0.742704991217,,SG,3500
203613.0,Jonathon,Simmons,0.0,0,CHA@SA,SA,CHA,,,0.0,0.0,0,0.0,0.0,0.0,0.0,0.0,0.0,0.0,0.0,0.0,0.0,0.0,0.0,0.0,0.0,0.0,,,0.0,,0.845620626624,,SG,3500
1626149.0,Montrezl,Harrell,9.2,6,HOU@LAC,HOU,LAC,,,1.2,1.25,0,0.127720649082,0.0959092840042,0.0717089317556,0.436015939921,0.272392004198,0.462646108565,0.106075405052,0.199063272126,0.735038112764,0.593199486398,0.019749287093,1.14225487039,0.287455313079,1.49360357297,4.0,9.73306253678e-12,3.35985540811e-27,2.77213638789,2.91829457316,2.40168401471,2.14291666336,PF,3500
202066.0,Garrett,Temple,2.2,3,WAS@ATL,WAS,ATL,,,1.0,1.0,0,0.0822759825055,0.0123009586735,0.108133991632,0.0796564096724,0.0299295581074,0.0348561526491,0.052102678319,0.0514047349344,0.0647857107565,0.089003535057,0.0404015482314,0.22820354149,0.0580183137906,0.276426932136,1.0,5.78963636634e-23,1.99732118885e-41,0.554986297853,0.604128724973,1.14975754791,1.16311260471,PG,3500
1713.0,Vince,Carter,5.2,1,MEM@UTA,MEM,UTA,,,0.0,0.0,0,0.0,0.0,0.0,0.0,0.0,0.0,0.0,0.0,0.0,0.0,0.0,0.0,0.0,0.0,0.0,,,0.0,,0.698363826671,,SF,3500
1626178.0,Rondae,Hollis-Jefferson,12.3,6,BKN@MIL,BKN,MIL,,,23.9,24.25,0,1.91926529555,0.545248910474,0.279131673947,1.67724818152,1.56526543904,4.17221917249,1.13010942818,1.23888488468,5.73748461152,2.23720608065,0.0768753826138,4.74390962023,0.993615464565,5.54490300848,24.0,0.0116086773493,3.87902905178e-07,17.4206142783,18.3827828222,6.00797116736,5.67726063091,SF,3500
203142.0,Chris,Copeland,7.4,6,BKN@MIL,MIL,BKN,,,0.0,0.0,0,0.118665046757,0.0223376612334,0.463155041477,0.107350436658,0.0495427705032,0.080489048711,0.027783866802,0.121907568007,0.130031819214,0.306189813993,0.158660875844,0.791580173975,0.084823166759,0.85586367059,2.0,4.18433962234e-19,4.07995854606e-35,1.16823491185,1.31502072473,1.81652077203,1.91561368104,SF,3500
1626147.0,Justin,Anderson,5.5,4,NO@DAL,DAL,NO,,,0.0,0.0,0,0.231799907336,0.101053634373,0.638067755896,0.210429018876,0.161421455955,0.688202840092,0.127648626202,0.2329661037,0.849624296048,0.62557764555,0.147611209404,1.66112397213,0.155032604044,1.55379910455,4.0,9.2240050045e-11,9.25111928629e-24,3.14548653826,3.37825640975,2.59115947614,2.55308809135,SF,3500
1626185.0,Jarell,Martin,0.0,0,MEM@UTA,MEM,UTA,O,Foot,0.0,0.0,0,0.0,0.0,0.0,0.0,0.0,0.0,0.0,0.0,0.0,0.0,0.0,0.0,0.0,0.0,0.0,,,0.0,,0.845620626624,,PF,3500
203148.0,Brian,Roberts,3.6,3,CHA@SA,CHA,SA,,,1.0,1.0,0,0.44289612015,0.0152133441107,0.52089824602,0.258690436975,0.033571280549,0.0741869313816,0.085010643061,0.151216117396,0.107758211931,0.517393823555,0.155936600474,1.40535441785,0.218338988448,1.40906323603,4.0,1.43307009648e-13,8.27987054679e-30,2.25194912752,2.41091339705,2.31551291642,2.33182844453,PG,3500
,Martell,Webster,5.6,32,WAS@ATL,WAS,ATL,O,Hip,0.0,0.0,0,0.0,0.0,0.0,0.0,0.0,0.0,0.0,0.0,0.0,0.0,0.0,0.0,0.0,0.0,0.0,,,0.0,,0.652648481497,,SF,3500
204002.0,Walter,Tavares,2.2,1,WAS@ATL,ATL,WAS,,,0.0,0.0,0,0.0798348795377,0.0196418770182,0.0836005913604,0.133990621964,0.0690964039355,0.127158343684,0.0313749747788,0.0552664103744,0.19625474762,0.132023650892,0.0230243574894,0.311420567982,0.094201434144,0.381273093417,1.0,2.21310025427e-19,5.96533532819e-37,0.783298403087,0.8322565244,1.31745732332,1.26057392805,C,3500
1889.0,Andre,Miller,3.5,1,MIN@CHI,MIN,CHI,,,0.0,0.0,0,0.0,0.0,0.0,0.0,0.0,0.0,0.0,0.0,0.0,0.0,0.0,0.0,0.0,0.0,0.0,,,0.0,,0.902418694082,,PG,3500
203996.0,Damien,Inglis,4.8,3,BKN@MIL,MIL,BKN,,,0.0,0.0,0,0.129684218889,0.027613354379,0.222214518205,0.176823558848,0.088608720482,0.288373593002,0.0746469449462,0.121266470178,0.376982313484,0.222240478137,0.0644707778378,0.562029449396,0.136900213123,0.645851947234,2.0,1.6216013172e-15,5.36640076532e-31,1.37601118022,1.4877289199,1.59234703167,1.56932097884,SF,3500
203949.0,James Michael,McAdoo,5.8,6,GS@SAC,GS,SAC,,,0.0,0.0,0,0.0,0.0,0.0,0.0,0.0,0.0,0.0,0.0,0.0,0.0,0.0,0.0,0.0,0.0,0.0,,,0.0,,0.868620569945,,PF,3500
203112.0,Quincy,Acy,2.7,1,GS@SAC,SAC,GS,,,10.6,11.25,0,0.91795896013,0.334832377342,0.579486594808,1.16599211125,0.866302851037,1.18494107972,0.297203534789,0.693907387489,2.05124393076,1.61652570056,0.173170600209,3.41438355111,0.858937633196,4.26515963453,15.0,4.74719891359e-06,2.41795644655e-13,8.67375522841,9.2098635396,4.53990475474,4.2947424588,PF,3500
203937.0,Kyle,Anderson,4.3,5,CHA@SA,SA,CHA,,,11.4,11.5,0,0.978787802341,0.318748483716,0.463909529837,0.691835900407,0.232751876722,0.638146981374,0.506431791359,0.370372615421,0.870898858096,1.31769460411,0.102618282338,3.35823169188,0.440517262115,3.17852475268,13.0,3.97634776853e-09,9.36777078859e-17,6.97177302064,7.25181341838,4.17362071071,3.97737715937,SF,3500
1626174.0,Christian,Wood,3.0,4,ORL@PHI,PHI,ORL,,,0.0,0.0,0,0.0,0.0,0.0,0.0,0.0,0.0,0.0,0.0,0.0,0.0,0.0,0.0,0.0,0.0,0.0,,,0.0,,0.796765451069,,PF,3500
203798.0,P.J.,Hairston,9.8,5,CHA@SA,CHA,SA,,,6.6,7.25,0,0.50230033399,0.247667097005,3.50104944126,0.963535662292,0.318590286641,1.35728959747,0.379747285729,0.537065083749,1.67587988411,1.89204277855,0.926672053446,5.71280318688,0.865414465263,5.57617207581,17.0,2.10622762384e-06,4.02264209806e-16,9.05844211944,9.87410784158,6.44269120711,7.11168895384,SF,3500
203919.0,Jordan,Adams,9.0,2,MEM@UTA,MEM,UTA,,,0.0,0.0,0,0.0,0.0,0.0,0.0,0.0,0.0,0.0,0.0,0.0,0.0,0.0,0.0,0.0,0.0,0.0,,,0.0,,0.836764843022,,SG,3500
1626168.0,Trey,Lyles,4.2,5,MEM@UTA,UTA,MEM,,,0.0,0.0,0,0.0662728646982,0.011611513408,0.0478423352342,0.0981002307149,0.089179151187,0.132148999195,0.0308219893339,0.0553314239329,0.221328150382,0.134597916912,0.0118324676432,0.333206185765,0.0664867878941,0.347515089362,1.0,3.46353322592e-19,1.46948226881e-37,0.742053748418,0.786702101725,1.28606893708,1.21168050616,PF,3500
203143.0,Pablo,Prigioni,1.7,1,HOU@LAC,LAC,HOU,,,5.0,5.0,0,2.32368284677,0.0131775032547,2.39864517744,0.442198037317,0.359532353385,0.442584829713,0.988918464816,0.808144554932,0.802117183099,1.06207780461,0.675149843752,3.36151649299,0.378289081522,3.17759453448,16.0,8.08517239158e-06,9.32119896019e-13,8.82170680557,9.60347199183,4.55108941217,5.10242507885,PG,3500
203508.0,Sergey,Karasev,0.5,2,BKN@MIL,BKN,MIL,,,3.2,3.25,0,0.143173996519,0.00758571570036,0.208114550971,0.17206498277,0.0619026009914,0.0818846524978,0.0695042757945,0.106140141779,0.143787253489,0.183947685609,0.0546591019841,0.478141661461,0.141821719028,0.564376192229,2.0,1.44825186781e-19,6.48269418392e-35,0.999721732405,1.08731071696,1.42229766691,1.39614632505,SF,3500
203898.0,Tyler,Ennis,8.6,2,BKN@MIL,MIL,BKN,,,12.7,13.75,0,2.57924044026,0.167307250453,1.39513253875,0.458193371362,0.404066601642,0.753149717545,0.597644848668,1.41035694035,1.15721631919,2.19438200494,0.439272703607,5.62360463855,0.361686957401,5.1897236709,16.0,5.68459682925e-05,2.37006283779e-11,10.5667911722,11.5495520792,6.0144599963,5.9995745132,PG,3500
1626155.0,Sam,Dekker,1.1,3,HOU@LAC,HOU,LAC,,,0.0,0.0,0,0.0,0.0,0.0,0.0,0.0,0.0,0.0,0.0,0.0,0.0,0.0,0.0,0.0,0.0,0.0,,,0.0,,0.824869165214,,SF,3500
203526.0,Raul,Neto,10.1,5,MEM@UTA,UTA,MEM,,,8.4,9.0,0,1.10345299006,0.154528243526,1.69540448992,0.464642946127,0.392185453823,0.951621888644,0.444008815742,0.673516587109,1.34380734247,1.45601803284,0.57583864124,3.7251996826,0.326664890785,3.81453959771,12.0,1.39093547248e-07,3.22191805579e-14,7.60584542518,8.29771361512,4.5907689393,4.84631934566,PG,3500
201150.0,Spencer,Hawes,14.4,5,CHA@SA,CHA,SA,,,4.4,5.5,0,1.17979412677,0.45654052618,1.57603431366,0.721455851939,0.333875080866,1.14904195639,0.313269851873,0.839389406385,1.48291703725,1.89714683624,0.52963623422,4.45875524724,0.360973978996,4.68490388569,14.0,5.31596133115e-07,2.32242441868e-13,8.93432687027,9.69298633983,5.21737046083,5.30250660217,C,3500
203094.0,Andrew,Nicholson,0.2,1,ORL@PHI,ORL,PHI,,,0.0,0.0,0,0.0,0.0,0.0,0.0,0.0,0.0,0.0,0.0,0.0,0.0,0.0,0.0,0.0,0.0,0.0,,,0.0,,0.628909708163,,PF,3500
202390.0,Gary,Neal,8.5,5,WAS@ATL,WAS,ATL,,,16.7,18.25,0,1.31117694953,0.00840631059375,2.27837300508,1.61375430173,0.191544287731,0.450829713949,0.340608997477,0.932752321465,0.64237400168,2.87678907679,0.752678394247,7.34834199137,1.45363777881,7.95989432664,18.0,5.21137153994e-07,9.60405236398e-16,10.4627868476,11.3376216873,7.49838645919,7.66876849228,SG,3500
2588.0,Matt,Bonner,7.0,72,CHA@SA,SA,CHA,,,0.0,0.0,0,0.0,0.0,0.0,0.0,0.0,0.0,0.0,0.0,0.0,0.0,0.0,0.0,0.0,0.0,0.0,,,0.0,,0.559305633408,,C,3500
