NBA_ID,First Name,Last Name,FPPG,Played,Game,Team,Opp,Status,Injury Details,Actual_FD,Actual_DK,Actual_MIN,AST,BLK,FG3A,FTA,OREB,DREB,STL,TOV,REB,FGM,FG3M,FGA,FTM,PTS,MIN,DD,TD,FD,DK,FD_std,DK_std,fd_Pos,fd_Salary
201939,Stephen,Curry,50.3,12,GS@LAC,GS,LAC,,,58.2,66.75,16,6.64625134768,0.249333240135,11.1386529524,6.50831447874,0.400365211,3.98653324695,2.50184609346,3.8518819657,4.38689845796,10.7938101751,5.04906129259,21.1641644826,6.01816534021,32.654846983,37.0,0.150100177625,0.00201912684593,49.5389788555,54.4400030546,21.6013962932,23.8753212657,PG,11000
202326,DeMarcus,Cousins,44.4,8,SAC@MIA,SAC,MIA,,,0.0,0.0,16,0.0,0.0,0.0,0.0,0.0,0.0,0.0,0.0,0.0,0.0,0.0,0.0,0.0,0.0,0.0,,,0.0,,0.987001941682,,C,10700
2544,LeBron,James,46.0,11,MIL@CLE,CLE,MIL,,,42.8,45.75,16,6.26574023238,0.62687886234,4.14511586365,7.84695037698,1.14493742734,3.82997427522,1.62063235515,3.57405148669,4.97491170256,9.55650478338,1.4108990691,18.8178257323,5.30687716989,25.8307858058,35.0,0.133989359079,0.00319073926653,42.1202611457,45.0720382651,18.1799381159,18.1597190671,SF,10100
201933,Blake,Griffin,44.8,10,GS@LAC,LAC,GS,,,42.7,45.0,16,4.92671161443,0.578334822292,0.395069823266,7.32633485161,2.31784459154,5.4808868754,0.917342521973,2.09522880328,7.79873146694,10.7330772354,0.115399734687,19.7795043241,5.46541648519,27.0469706906,37.0,0.287525235076,0.007555021606,44.6916417578,46.6408455176,21.3506610093,20.8225696683,PF,9700
101108,Chris,Paul,31.7,7,GS@LAC,LAC,GS,GTD,Groin,54.8,59.0,16,8.43441602505,0.0613518202879,4.05439637794,4.59120439804,0.296026702107,2.35584175732,1.58598626188,2.55859866052,2.65186845943,6.13286252446,1.49510149994,13.181453595,3.9144792444,17.6753057933,32.0,0.322109404314,0.000142740087427,34.245249486,36.8882853159,12.911773691,13.2297076193,PG,8900
202355,Hassan,Whiteside,38.0,10,SAC@MIA,MIA,SAC,,,30.0,30.25,16,0.15162417064,2.51669529716,0.00823813147914,2.31179037306,1.93708248744,4.24291767699,0.45249165395,1.19991256807,6.18000016443,3.89121557844,0.00226885556232,6.32293797674,1.20106886209,8.98576887453,18.0,0.0497573352367,1.44851570144e-05,21.367666662,22.3524368403,8.16491948217,7.56252449684,C,8600
203110,Draymond,Green,35.1,12,GS@LAC,GS,LAC,,,40.7,44.0,16,5.72519369954,1.28670375016,3.47284255378,2.09898368712,1.18103961352,4.56242928023,1.31895879265,2.14079238856,5.74346889375,4.09231557324,1.42567956938,8.64673561358,1.55389101894,11.1642017348,30.0,0.0923400613974,0.00303860822236,29.7146876537,31.9327229941,9.24830457295,9.71278835509,PF,7900
2547,Chris,Bosh,34.5,10,SAC@MIA,MIA,SAC,,,43.2,46.75,16,1.9189862683,0.995810913,4.37746308189,5.2174651165,1.206419048,6.48954492604,0.831353423793,1.33177244446,7.69596397404,7.15801566702,1.63842406293,15.3516221783,4.18701074087,20.1414661378,35.0,0.240992824972,7.99685848091e-06,34.5776585383,36.8090682187,14.7626042186,15.0714912116,PF,7900
201567,Kevin,Love,35.5,11,MIL@CLE,CLE,MIL,,,41.5,47.25,16,2.32819401989,0.466596835724,6.14859259934,3.84094949117,2.77468184601,6.98158762183,0.704671343531,2.25356589328,9.75626946784,5.94306047475,2.082066113,14.0163183329,3.26769239894,17.2358794614,34.0,0.478569785684,7.58609423555e-05,32.5246643179,35.8983760558,13.6291841956,14.5947607143,PF,7800
202328,Greg,Monroe,35.2,11,MIL@CLE,MIL,CLE,,,30.1,31.5,16,2.82924692601,0.82292952213,0.000290773254396,4.48960744417,3.21870372488,5.82409036307,1.26345111158,2.13012064384,9.04279408794,6.89310885368,1.81468642227e-07,13.2726801227,3.25274062602,17.0389585149,34.0,0.397847898917,0.000283795210845,34.176822433,36.291645784,15.0312656517,14.5652386607,C,7800
201599,DeAndre,Jordan,32.3,10,GS@LAC,LAC,GS,,,23.5,24.5,16,1.17213013384,3.05807325633,0.0161542074509,7.14011153982,4.02669602045,9.86409563328,0.648008739188,1.68075662332,13.8907916537,4.79315649921,0.00403819176339,6.82179936516,2.76157960034,12.3519307905,39.0,0.698450732365,0.000884874910285,36.5104833435,39.097751057,9.33595925619,8.61314129434,C,7600
200765,Rajon,Rondo,35.7,12,SAC@MIA,SAC,MIA,,,50.8,55.25,16,11.3518955712,0.0355265375671,2.34071713221,1.71232421598,1.58751344498,5.50398139223,2.0737643207,4.48791965702,7.09149483721,6.18260037751,0.726240282117,14.216891263,0.632609860742,13.7240508979,40.0,0.7476677935,0.103449900819,38.9923501189,43.385856223,13.8415820534,13.7451684251,PG,7600
200752,Rudy,Gay,30.0,11,SAC@MIA,SAC,MIA,,,31.4,34.0,16,2.25181046083,0.222000630611,2.0703272498,2.88365204836,1.28200738089,3.09794022593,0.874912393812,1.73440733152,4.37994760682,5.52625757404,0.706376116201,12.3865558349,2.38315474165,14.1420460059,25.0,0.0125491008434,1.51343709833e-06,23.2351175427,24.6933348385,12.3918700167,12.2464316115,SF,7600
203507,Giannis,Antetokounmpo,30.5,10,MIL@CLE,MIL,CLE,,,46.0,46.75,16,2.94967754581,1.17495403967,1.74106854721,5.22018143439,1.60516079955,4.70525164776,1.19593011082,2.86697463139,6.31041244731,7.16469175145,0.548180039301,13.9837231607,4.23886784668,19.1164313889,40.0,0.105143615307,0.000101514759136,32.9882363139,35.1693542389,14.4772434994,14.1199175357,SG,6900
2548,Dwyane,Wade,27.9,9,SAC@MIA,MIA,SAC,,,43.0,43.25,16,4.86607961955,0.531402387433,1.83682950386,5.17009456942,0.805242059391,1.75819357816,1.16457210119,2.65452555051,2.56343563755,7.45938475285,0.56285024317,16.7943434734,4.01106415358,19.4926839025,31.0,0.0269286746525,8.97054653255e-06,30.6053495236,32.3826291259,16.8413962654,16.5854757128,SG,6700
203487,Michael,Carter-Williams,27.2,6,MIL@CLE,MIL,CLE,,,15.7,16.75,16,4.94293974795,0.595350032988,1.91120930881,3.51542019566,0.712345579715,1.79174208294,1.24371971035,3.06994909994,2.50408766266,4.26092712518,0.557298144669,10.3319414121,2.53176212405,11.6109145191,27.0,0.0219505213453,6.12491547523e-06,22.6384197229,24.6101918851,10.4389711297,10.3292909309,PG,6600
202691,Klay,Thompson,24.8,11,GS@LAC,GS,LAC,,,29.6,32.25,16,3.06132820652,0.898572307534,7.93253648251,2.99147830736,0.516431753334,2.95554784604,0.957544785066,2.32896182615,3.47197959937,8.27967726169,3.22720379393,18.2577613352,2.60897808266,22.3955364,39.0,0.00434580953001,3.94720571798e-06,32.537176588,35.495388934,17.5080913257,18.8801394095,SG,6400
2590,Mo,Williams,26.9,11,MIL@CLE,CLE,MIL,,,0.0,0.0,16,0.0,0.0,0.0,0.0,0.0,0.0,0.0,0.0,0.0,0.0,0.0,0.0,0.0,0.0,0.0,,,0.0,,0.834602454108,,PG,6200
201609,Goran,Dragic,21.2,10,SAC@MIA,MIA,SAC,,,19.2,19.75,16,4.61593665745,0.250321847676,2.977940597,2.72058086599,0.626752518556,1.90158019213,0.815024795308,2.13836526936,2.52833271068,4.80306755905,0.861687834078,10.7452853745,2.12490488665,12.5927278388,32.0,0.0158357699694,4.72195658231e-06,22.5429600944,24.1931711025,10.5962187172,10.6302235242,PG,5700
203114,Khris,Middleton,22.9,11,MIL@CLE,MIL,CLE,,,22.2,23.25,16,2.23628726488,0.15083787223,3.69816662462,2.79266332353,0.340344036124,2.1332115827,1.19687574382,1.28298078686,2.47355561882,4.46207323735,1.54025135539,11.0970674095,2.49554876835,12.9599465984,32.0,0.000294224725982,2.34627296289e-08,20.6950906836,22.2308259431,10.7757815407,11.2822945905,SF,5600
203953,Jabari,Parker,12.7,5,MIL@CLE,MIL,CLE,GTD,Foot,20.1,20.75,16,1.45435601953,0.227415210583,0.375644705082,1.97260123867,1.4966053203,2.81012607721,0.890736473326,1.45792408115,4.3067313975,5.15176790493,0.0972994030877,10.2967935394,1.43275959387,11.8335948068,31.0,0.00970223505476,3.07754452947e-08,19.9615857998,20.9690875567,11.5210531902,11.0834107529,PF,5600
201954,Darren,Collison,23.8,7,SAC@MIA,SAC,MIA,,,10.5,10.5,16,3.35243175165,0.0767505394792,2.05179608722,2.29034810665,0.220101653614,0.484239388687,0.74629984824,1.36054669928,0.704341042301,3.66525465849,0.807115133413,7.97616041195,1.76295148403,9.90057593443,21.0,0.00144923210075,1.72192352129e-11,16.0599868888,17.1812087055,8.46345495872,8.48300760302,PG,5500
2736,Luol,Deng,19.3,10,SAC@MIA,MIA,SAC,,,22.3,22.5,16,1.52958664431,0.483572152245,3.62138399131,2.65954436615,1.22943969699,2.60007354261,0.999122301669,0.992473030542,3.8295132396,4.4080269453,1.18081946366,9.83228425068,1.81326085719,11.8101342114,31.0,0.00445173388073,2.20695642665e-08,20.6728459427,21.9576455188,9.9275621194,10.249577246,SF,5300
101106,Andrew,Bogut,25.4,6,GS@LAC,GS,LAC,,,6.2,6.25,16,2.1455674781,1.29672168172,0.00016138057228,0.868076728152,1.99823322786,3.30970922158,0.560020473659,1.37343446824,5.30794244944,2.69342601364,0.000106022480334,4.55922639565,0.435115569042,5.8220736188,20.0,0.00848861867485,7.07946202546e-07,17.7500056178,18.7149080375,6.23906552081,5.70629436242,C,5200
202684,Tristan,Thompson,20.7,11,MIL@CLE,CLE,MIL,,,26.7,29.75,16,0.597638785887,0.738348468931,0.000283809024295,2.77720832118,2.68742544809,5.62379458282,0.449561099439,0.786478031971,8.31122003091,3.40133044056,3.41102718139e-06,5.66429045287,1.60769845715,8.41036274929,26.0,0.147550940867,1.14916423673e-09,20.86962607,21.8997542078,7.53478287413,6.99301321707,PF,5200
203084,Harrison,Barnes,23.0,12,GS@LAC,GS,LAC,,,29.9,32.25,16,2.11514346613,0.285263131475,3.35245731757,2.80914565412,1.24604973279,3.42379739294,0.874530377209,1.12181465681,4.66984712572,5.59189792968,1.24981834142,11.1959757819,2.41592384474,14.8495380455,35.0,0.0188405377102,1.37935545603e-06,24.8238421561,26.2714159562,11.2496914611,11.3831986177,SF,5100
2747,J.R.,Smith,15.6,8,MIL@CLE,CLE,MIL,,,21.9,24.0,16,2.75527883513,0.557304150062,6.76456693815,0.96963889901,0.915815975091,2.19122443861,1.00316379534,1.81556906356,3.1070404137,5.16048934359,2.51434093175,12.8506760274,0.427079255653,13.2623988746,39.0,0.0015769678078,6.53703602824e-07,22.429132451,24.7518068821,13.0974807008,14.485273937,SG,5000
2738,Andre,Iguodala,22.8,12,GS@LAC,GS,LAC,,,20.3,23.0,16,4.35941395971,0.234211989383,3.12616251917,1.4948978064,1.10356906774,2.4157706049,1.37249433481,1.25162518469,3.51933967263,3.70191853361,1.35581736067,7.43907772273,0.861469460186,9.62112388807,31.0,0.00980763199921,2.70860797316e-05,22.3452398985,23.839720861,8.29976478883,8.71746739315,SF,4700
200755,J.J.,Redick,18.5,8,GS@LAC,LAC,GS,GTD,Back,0.0,0.0,16,0.0,0.0,0.0,0.0,0.0,0.0,0.0,0.0,0.0,0.0,0.0,0.0,0.0,0.0,0.0,,,0.0,,0.554330052762,,SG,4600
2037,Jamal,Crawford,19.4,10,GS@LAC,LAC,GS,,,22.0,23.75,16,3.62866153047,0.207784990903,6.64811630339,5.866984262,0.431884305765,1.95927447709,1.13163133851,2.24674080768,2.39115878286,7.46128126175,1.93567387309,18.7421456768,5.46417158198,22.3224079786,40.0,0.00439779737137,8.24474361161e-07,31.0668826648,33.2842471138,16.8831624573,17.6310676267,SG,4400
201573,Jerryd,Bayless,22.3,11,MIL@CLE,MIL,CLE,,,12.2,13.25,16,3.01207386268,0.191262519168,3.02396784729,1.80483229096,0.236476859967,1.34894211136,0.864197659393,1.63635532692,1.58541897133,3.34966488072,1.33790095311,7.74816700151,1.49916146585,9.53639218041,25.0,0.000631833493612,4.16639621836e-09,16.4315707702,17.9989176215,8.25822735779,8.74134647045,PG,4400
203105,Festus,Ezeli,20.7,12,GS@LAC,GS,LAC,,,16.3,17.5,16,0.940278656654,1.74253976013,0.00321314579039,3.13519616638,2.17713954487,3.3783385048,0.388653866949,1.20062456617,5.55547804967,2.99260820405,0.000884926804491,5.38072266641,1.83820146528,7.82430280018,21.0,0.0224867087842,3.33159043016e-07,18.9630571327,19.8753168444,7.23533896326,6.76271691067,C,4300
202389,Timofey,Mozgov,17.0,11,MIL@CLE,CLE,MIL,,,1.0,1.5,16,0.237502577503,0.528306240165,0.100997638825,1.44848891963,0.84575345033,1.46407974222,0.15769725708,0.571977038153,2.30983319255,1.57225988746,0.0329193762539,2.89996789636,1.11425589971,4.29169505088,11.0,1.13749700412e-05,3.28913976617e-15,8.21977870453,8.63773563382,4.44468625406,4.05831411752,C,4300
201956,Omri,Casspi,19.3,12,SAC@MIA,SAC,MIA,,,23.2,26.5,16,2.04443336833,0.249802326906,3.67294686278,3.68726421596,1.37496994053,5.53934096629,1.33065977172,2.77491778485,6.91431090682,6.25236885776,1.61680870471,12.2616576746,2.27557769153,16.3971241118,39.0,0.14786508606,8.44175366213e-06,28.1469536648,30.9103554093,12.3456654176,12.598353343,SF,4200
202349,Greivis,Vasquez,17.8,11,MIL@CLE,MIL,CLE,,,7.7,9.25,16,3.80675142198,0.0361055181753,3.40839184585,1.31597124118,0.220008488757,1.27386028161,0.489813845552,1.41477593535,1.49386877037,2.43931290486,0.996560336452,6.97430779924,1.11894095656,6.99412710274,21.0,0.00188944349552,7.46748810662e-09,14.1339595523,15.4171553143,7.27851972214,7.85204863772,PG,4200
1626161,Willie,Cauley-Stein,15.3,12,SAC@MIA,SAC,MIA,,,18.0,19.75,16,0.49370958486,1.01794894862,0.136992809932,1.8516954578,2.02457199677,4.12527940738,0.843299722135,1.10607649201,6.14985140416,2.20733347583,0.0377290564339,4.03867421848,1.1136944165,5.56609042459,22.0,0.0163502167982,2.5257892452e-09,16.3028973364,17.2068180136,5.62907528428,5.19886552193,C,4200
203521,Matthew,Dellavedova,18.2,11,MIL@CLE,CLE,MIL,,,24.7,26.75,16,7.58886963327,0.0243682992808,4.15614399009,1.14220519268,0.779689350171,2.10937610128,0.998781822586,2.10604440068,2.88906545145,3.6212465082,1.50131844928,9.13601999369,0.883602701395,9.62741416707,39.0,0.131076539323,0.000108916946953,24.4178530018,26.5629292591,9.35628678571,10.0989629042,PG,4000
203089,John,Henson,15.9,7,MIL@CLE,MIL,CLE,,,2.0,2.0,16,0.554415678474,1.10660466743,0.000702985158743,1.37549460606,1.2354877346,1.11986114474,0.264579044549,0.764686168016,2.35534887934,1.87464761572,9.84797991133e-05,3.3612735437,0.79169694013,4.54109065137,11.0,1.62588646247e-05,4.53195435248e-12,10.1768140802,10.6769982364,5.00678199128,4.56724971863,PF,4000
201574,Jason,Thompson,6.2,5,GS@LAC,GS,LAC,,,1.2,1.25,16,0.133567535211,0.0861311350014,0.00117003421313,0.178449864458,0.220198123979,0.311939128619,0.0716378599655,0.151405273436,0.532137252598,0.347090300848,0.0,0.708292585249,0.110608048173,0.804788649869,3.0,,,1.8078373723,,1.81775467187,,PF,4000
2405,Amar'e,Stoudemire,5.6,1,SAC@MIA,MIA,SAC,GTD,Knee,11.7,12.25,16,0.289821401846,0.214691490408,0.0205123840421,1.14952201748,0.707558668613,0.707558668613,0.160458447304,0.491474966887,1.41511733723,1.77600032041,6.10133699933e-05,3.10459749666,0.855027219571,4.40708887376,8.0,2.08321057352e-07,1.94880003705e-19,6.79878668974,7.11531085921,4.70953986837,4.25028644231,PF,3900
2746,Josh,Smith,12.3,10,GS@LAC,LAC,GS,,,18.4,20.0,16,1.85891693594,1.23807718755,2.07506766641,1.9009301041,1.14291585151,2.10120169985,0.510226165795,1.64326271028,3.24411755136,2.75532976198,0.673267228938,6.92361435233,1.06337829521,7.2473050481,18.0,0.000676432659356,1.74546188527e-08,15.78196551,17.1034510586,7.24042342269,7.352412436,PF,3900
201585,Kosta,Koufos,18.8,12,SAC@MIA,SAC,MIA,,,13.4,14.25,16,0.454418808913,1.05277955712,6.19315750468e-05,1.0907883497,2.72038978858,3.35234687825,0.667099404396,0.977256865882,6.07273666683,3.75760627211,1.78463261428e-06,7.05733025158,0.575045793294,8.09026012214,25.0,0.0367701332236,6.63324691991e-09,18.5216733929,19.3690947712,8.61424431779,8.14140500105,C,3800
204020,Tyler,Johnson,15.4,9,SAC@MIA,MIA,SAC,,,28.1,30.25,16,2.04480440505,0.502365362585,2.0121859455,1.99905749314,0.805306775602,1.7472985575,1.0245503063,1.29076359527,2.5526053331,3.52230567606,0.909717782544,7.20639116651,1.46137761792,9.41570675259,25.0,0.000208783925231,9.96525872072e-09,17.3091075024,18.5372916637,7.92297266404,7.98170035939,PG,3800
203085,Austin,Rivers,14.0,10,GS@LAC,LAC,GS,,,19.1,19.75,16,1.68803718538,0.261338732233,2.68506818189,2.587745689,0.40459477946,0.991681706327,0.946372570596,1.00720454361,1.39627648579,3.44732720494,0.831413325022,8.22870166537,1.55061278346,9.27668051836,26.0,7.24708379873e-06,1.37439663094e-11,14.8924861414,15.8816197707,8.42589590616,8.58758083923,PG,3800
201158,Marco,Belinelli,16.9,12,SAC@MIA,SAC,MIA,,,23.7,27.25,16,2.20379960814,0.0189841897557,4.505092197,2.8528189853,0.294142226991,1.03341346781,0.580996955704,1.45012769337,1.3275556948,3.52000648219,1.69435964782,9.16169871654,2.46823392043,11.2026065326,26.0,7.07809248846e-05,9.8538460231e-11,15.8512073761,17.4899350032,9.63221140575,10.5292689626,SG,3800
201564,O.J.,Mayo,19.0,71,MIL@CLE,MIL,CLE,GTD,Hamstring,9.7,10.25,16,1.54437986712,0.135653145385,2.26440623945,1.04015136748,0.227765375149,0.306053423115,0.576783588915,0.968301331724,0.533818798264,2.31990009595,0.834531958764,5.47778888114,0.86291583857,6.33724798924,14.0,1.37708878597e-06,1.35562222943e-15,9.75097248471,10.6790821355,6.22870687249,6.52637363097,SG,3800
1626159,Justise,Winslow,15.8,10,SAC@MIA,MIA,SAC,,,9.7,11.25,16,1.36571743935,0.223544755367,1.83852295301,1.64865837793,1.05117883359,3.59749505381,0.75097473406,1.59730098987,4.6486738874,2.75480493124,0.396327221965,6.54857786686,1.09057146303,6.99650854747,27.0,0.0065806623151,1.19601375967e-08,14.9752313604,16.21435019,6.87880811851,6.76248985984,SF,3700
1718,Paul,Pierce,13.7,10,GS@LAC,LAC,GS,,,13.1,14.25,16,2.34721046982,0.159428008846,4.9829878752,2.65075008266,0.593429521408,3.44882245127,0.857965933112,1.16873192808,4.04225197268,3.39069838148,1.61516674753,8.70521126694,2.11518542326,10.5117489338,32.0,0.00560271884051,9.29496791741e-07,19.7493229615,21.3517917647,9.56906615367,10.5407707281,SF,3700
202362,Lance,Stephenson,11.7,10,GS@LAC,LAC,GS,,,0.0,0.0,16,0.0,0.0,0.0,0.0,0.0,0.0,0.0,0.0,0.0,0.0,0.0,0.0,0.0,0.0,0.0,,,0.0,,0.786121436241,,SG,3600
203463,Ben,McLemore,10.3,12,SAC@MIA,SAC,MIA,,,18.7,22.25,16,1.84264310903,0.0905358260457,4.37949227698,1.95068788823,0.631933015158,1.34860476582,0.993456033481,2.07601428375,1.98053778098,4.48100577331,1.92536412841,10.1971702757,1.49002179944,12.3773974745,32.0,4.99800461722e-05,7.64704788332e-10,17.6099769105,19.709767978,10.5123348777,11.2956424603,SG,3600
202325,Wesley,Johnson,8.7,10,GS@LAC,LAC,GS,,,12.9,13.5,16,0.623202189184,0.281821823912,2.08117582439,0.72745929671,0.40988116071,1.14475513191,0.543121807379,0.380919317967,1.55463629262,2.2299869723,0.764788058021,4.79839963196,0.541185498117,5.76594750073,16.0,1.18761121146e-06,2.09025780916e-15,9.83528228027,10.4858695643,5.77948592938,5.99947788865,SF,3600
203143,Pablo,Prigioni,5.4,5,GS@LAC,LAC,GS,,,0.0,0.0,16,0.0,0.0,0.0,0.0,0.0,0.0,0.0,0.0,0.0,0.0,0.0,0.0,0.0,0.0,0.0,,,0.0,,0.856594469044,,PG,3600
2571,Leandro,Barbosa,11.9,10,GS@LAC,GS,LAC,,,0.0,0.0,16,0.0,0.0,0.0,0.0,0.0,0.0,0.0,0.0,0.0,0.0,0.0,0.0,0.0,0.0,0.0,,,0.0,,0.803099927727,,SG,3600
203546,Ian,Clark,5.8,8,GS@LAC,GS,LAC,,,4.7,4.75,16,0.460043902659,0.0762164967501,0.836534883386,0.320988399447,0.106028689545,0.218337288268,0.195062715165,0.324836880809,0.324365977813,0.676169850625,0.289566339267,1.72961531018,0.269334820464,1.91124086098,5.0,7.30456649002e-13,1.88204995833e-24,3.20826743137,3.5316873403,2.810033032,2.93971445056,SG,3500
2760,Anderson,Varejao,5.3,9,MIL@CLE,CLE,MIL,,,12.9,13.0,16,0.654800113971,0.239478742885,0.0696815267362,0.66904752689,1.09693970634,1.35389059581,0.341376643667,0.635016051761,2.45083030215,1.76092915497,2.99775853474e-07,3.39143389271,0.464953362518,3.98681197224,11.0,1.45249053807e-05,3.209601485e-14,8.43670322712,8.87677470535,4.80159362879,4.39378132214,C,3500
203948,Johnny,O'Bryant,11.5,11,MIL@CLE,MIL,CLE,,,2.7,2.75,16,0.301213238416,0.0941203036646,0.0111493016313,0.495780699732,0.446699487181,0.626634485251,0.0888013440394,0.246422535816,1.07333397243,0.636592932354,0.00307061850573,1.52302185016,0.319410561429,1.59566704464,6.0,3.5294762028e-10,4.54890497792e-22,3.45490842878,3.63332170509,2.59979762694,2.38710191282,C,3500
2592,James,Jones,4.4,11,MIL@CLE,CLE,MIL,,,10.5,11.5,16,0.437408027755,0.112176983065,2.67883880177,0.740953893794,0.157556965554,0.438279882956,0.21004169217,0.247542695938,0.595836848511,1.25203637851,1.05255215971,3.22486519344,0.548796565416,4.10542148214,11.0,1.05828422502e-10,4.78018295494e-21,5.87343239652,6.55327166693,5.21594688357,5.99068691249,SF,3500
203912,C.J.,Wilcox,2.8,21,GS@LAC,LAC,GS,,,0.0,0.0,16,0.0,0.0,0.0,0.0,0.0,0.0,0.0,0.0,0.0,0.0,0.0,0.0,0.0,0.0,0.0,,,0.0,,0.729975285981,,SG,3500
201177,Josh,McRoberts,7.9,10,SAC@MIA,MIA,SAC,,,11.8,12.0,16,2.08416073845,0.134714979865,1.27218023103,0.766641689517,0.723582728818,1.20287580357,0.611536125066,1.08971977437,1.92645853239,1.33368869625,0.41327129012,3.14200238727,0.490504470189,3.57115315282,17.0,5.74259361506e-06,1.28590992205e-10,9.41192693485,10.259754008,4.14826858028,4.22592164607,PF,3500
202332,Cole,Aldrich,2.6,3,GS@LAC,LAC,GS,,,0.0,0.0,16,0.0,0.0,0.0,0.0,0.0,0.0,0.0,0.0,0.0,0.0,0.0,0.0,0.0,0.0,0.0,,,0.0,,0.944143629489,,C,3500
2406,Caron,Butler,6.6,6,SAC@MIA,SAC,MIA,,,0.0,0.0,16,0.212964468791,0.0114158512561,0.648206872957,0.176954313293,0.108574815418,0.171485932227,0.177608777641,0.150321122666,0.280060747645,0.549254983907,0.203841790654,1.37186172717,0.141640667739,1.44399242621,5.0,2.46027844478e-15,1.1708433199e-28,2.3272401617,2.51832465574,2.39122441889,2.44941865565,SF,3500
203961,Eric,Moreland,2.5,3,SAC@MIA,SAC,MIA,,,0.0,0.0,16,0.0,0.0,0.0,0.0,0.0,0.0,0.0,0.0,0.0,0.0,0.0,0.0,0.0,0.0,0.0,,,0.0,,0.838381179146,,PF,3500
202341,James,Anderson,5.1,9,SAC@MIA,SAC,MIA,,,0.0,0.0,16,0.0,0.0,0.0,0.0,0.0,0.0,0.0,0.0,0.0,0.0,0.0,0.0,0.0,0.0,0.0,,,0.0,,0.685542041139,,SG,3500
203099,Jared,Cunningham,4.3,9,MIL@CLE,CLE,MIL,,,14.6,15.75,16,1.53371043381,0.0987821062063,1.64993167746,2.64621537347,0.239120837314,0.798267144252,0.489101641973,0.884541813978,1.03738798157,2.06323356937,0.498621982106,5.13518361143,1.81519460945,6.4402837303,17.0,1.32715431071e-06,2.00295273722e-13,10.2769406413,11.0203939291,5.87769749885,5.9323234869,SG,3500
203142,Chris,Copeland,5.5,9,MIL@CLE,MIL,CLE,,,0.0,0.0,16,0.0,0.0,0.0,0.0,0.0,0.0,0.0,0.0,0.0,0.0,0.0,0.0,0.0,0.0,0.0,,,0.0,,0.625425010099,,SF,3500
1626173,Rashad,Vaughn,3.3,7,MIL@CLE,MIL,CLE,,,0.0,0.0,16,0.0,0.0,0.0,0.0,0.0,0.0,0.0,0.0,0.0,0.0,0.0,0.0,0.0,0.0,0.0,,,0.0,,0.666444150054,,SG,3500
2365,Chris,Andersen,2.9,2,SAC@MIA,MIA,SAC,,,0.0,0.0,16,0.0,0.0,0.0,0.0,0.0,0.0,0.0,0.0,0.0,0.0,0.0,0.0,0.0,0.0,0.0,,,0.0,,0.79683328697,,C,3500
2733,Shaun,Livingston,10.7,11,GS@LAC,GS,LAC,GTD,Hip,0.0,0.0,16,0.0,0.0,0.0,0.0,0.0,0.0,0.0,0.0,0.0,0.0,0.0,0.0,0.0,0.0,0.0,,,0.0,,0.794757380399,,PG,3500
203950,Jarnell,Stokes,1.2,2,SAC@MIA,MIA,SAC,,,0.0,0.0,16,0.0,0.0,0.0,0.0,0.0,0.0,0.0,0.0,0.0,0.0,0.0,0.0,0.0,0.0,0.0,,,0.0,,0.875565325727,,PF,3500
1626251,Duje,Dukan,0.0,0,SAC@MIA,SAC,MIA,,,0.0,0.0,16,0.0,0.0,0.0,0.0,0.0,0.0,0.0,0.0,0.0,0.0,0.0,0.0,0.0,0.0,0.0,,,0.0,,0.845620626624,,PF,3500
203996,Damien,Inglis,4.3,5,MIL@CLE,MIL,CLE,,,0.0,0.0,16,0.0,0.0,0.0,0.0,0.0,0.0,0.0,0.0,0.0,0.0,0.0,0.0,0.0,0.0,0.0,,,0.0,,0.829738069957,,SF,3500
203949,James Michael,McAdoo,4.2,9,GS@LAC,GS,LAC,,,0.0,0.0,16,0.0442647880265,0.043004765573,0.00839337618167,0.186511995018,0.0894924440597,0.122735084593,0.0322218762345,0.0454232896634,0.212227528652,0.152644711512,0.00231161156404,0.306184313452,0.0964339078664,0.404034942455,1.0,1.53263293843e-19,2.09984931108e-39,0.830135152829,0.864613979876,1.36790262528,1.2518295417,PF,3500
2757,Beno,Udrih,11.1,9,SAC@MIA,MIA,SAC,,,0.0,0.0,16,0.0,0.0,0.0,0.0,0.0,0.0,0.0,0.0,0.0,0.0,0.0,0.0,0.0,0.0,0.0,,,0.0,,0.817896855638,,PG,3500
203112,Quincy,Acy,5.7,6,SAC@MIA,SAC,MIA,,,1.2,1.25,16,0.274721210902,0.10566965949,0.188304190075,0.338072943389,0.241373339792,0.403413285782,0.116130156221,0.217566424333,0.644786625575,0.473211158971,0.0643369742732,0.992804480061,0.239541132188,1.2503004244,5.0,2.10749568619e-12,1.10811229093e-24,2.66215939853,2.83535042912,2.13494500814,1.98619082602,PF,3500
101123,Gerald,Green,10.1,4,SAC@MIA,MIA,SAC,,,12.7,14.0,16,0.822658325938,0.0958190626433,4.12621412376,1.1163399734,0.357097539293,0.851816685301,0.299628347306,0.977831569505,1.20891422459,3.07710712693,1.46121031169,8.02933326294,0.966296138231,8.58172070379,16.0,2.97079332641e-07,5.35400282917e-15,11.0794685126,12.3594356101,8.58003512056,9.39730538194,SG,3500
201575,Brandon,Rush,7.5,6,GS@LAC,GS,LAC,,,2.7,2.75,16,0.315761145153,0.190016745879,0.703614818555,0.240619306633,0.0875320134104,0.361530685566,0.116696347005,0.252383397281,0.449062698977,0.428303690228,0.175681273152,1.38595359779,0.127090481806,1.15937913541,6.0,1.15237386028e-13,2.28931646491e-25,2.5329388804,2.76942435057,2.20202971778,2.30756078845,SG,3500
201578,Marreese,Speights,10.5,10,GS@LAC,GS,LAC,,,10.5,11.25,16,0.639108406341,0.435206532613,0.211121501265,1.83265110406,1.12451752803,1.73340769427,0.249653706649,0.985791275645,2.8579252223,2.65112908085,0.0339894635282,6.18887961721,1.43950379036,6.77575141559,12.0,0.000221252696593,3.98359699837e-13,11.5478534947,12.2009720045,7.30557397802,6.99186916298,PF,3500
203101,Miles,Plumlee,4.7,10,MIL@CLE,MIL,CLE,,,0.0,0.0,16,0.0,0.0,0.0,0.0,0.0,0.0,0.0,0.0,0.0,0.0,0.0,0.0,0.0,0.0,0.0,,,0.0,,0.888103969483,,C,3500
1626183,Branden,Dawson,0.0,0,GS@LAC,LAC,GS,,,0.0,0.0,16,0.0,0.0,0.0,0.0,0.0,0.0,0.0,0.0,0.0,0.0,0.0,0.0,0.0,0.0,0.0,,,0.0,,0.845620626624,,PF,3500
1626196,Josh,Richardson,5.5,3,SAC@MIA,MIA,SAC,,,0.0,0.0,16,0.0,0.0,0.0,0.0,0.0,0.0,0.0,0.0,0.0,0.0,0.0,0.0,0.0,0.0,0.0,,,0.0,,0.727293651797,,SG,3500
203552,Seth,Curry,5.0,6,SAC@MIA,SAC,MIA,,,0.0,0.0,16,0.0,0.0,0.0,0.0,0.0,0.0,0.0,0.0,0.0,0.0,0.0,0.0,0.0,0.0,0.0,,,0.0,,0.763104999389,,SG,3500
203925,Joe,Harris,2.4,4,MIL@CLE,CLE,MIL,,,0.0,0.0,16,0.0,0.0,0.0,0.0,0.0,0.0,0.0,0.0,0.0,0.0,0.0,0.0,0.0,0.0,0.0,,,0.0,,0.60152111977,,SG,3500
203898,Tyler,Ennis,8.4,6,MIL@CLE,MIL,CLE,,,0.0,0.0,16,0.0,0.0,0.0,0.0,0.0,0.0,0.0,0.0,0.0,0.0,0.0,0.0,0.0,0.0,0.0,,,0.0,,0.830909737434,,PG,3500
2617,Udonis,Haslem,5.2,3,SAC@MIA,MIA,SAC,,,0.0,0.0,16,0.0,0.0,0.0,0.0,0.0,0.0,0.0,0.0,0.0,0.0,0.0,0.0,0.0,0.0,0.0,,,0.0,,0.721661096248,,PF,3500
201601,Luc Richard,Mbah a Moute,2.7,8,GS@LAC,LAC,GS,,,0.0,0.0,16,0.0,0.0,0.0,0.0,0.0,0.0,0.0,0.0,0.0,0.0,0.0,0.0,0.0,0.0,0.0,,,0.0,,0.711563147892,,SF,3500
201619,Sasha,Kaun,2.9,2,MIL@CLE,CLE,MIL,,,0.0,0.0,16,0.0,0.0,0.0,0.0,0.0,0.0,0.0,0.0,0.0,0.0,0.0,0.0,0.0,0.0,0.0,,,0.0,,0.905047090032,,C,3500
2210,Richard,Jefferson,11.4,11,MIL@CLE,CLE,MIL,,,6.5,7.0,16,0.630776734358,0.12470055402,1.95722535954,1.19663732207,0.186563242044,0.655416144549,0.409243485465,0.688410765923,0.841979386594,1.72796140664,0.793539394741,3.99381900399,0.774141709311,5.02360391732,16.0,3.778132201e-09,5.578239824e-18,7.35962159582,8.14269565115,5.14461949952,5.50513651585,SF,3500
