NBA_ID,First Name,Last Name,FPPG,Played,Game,Team,Opp,Status,Injury Details,Actual_FD,Actual_DK,Actual_MIN,AST,BLK,FG3A,FTA,OREB,DREB,STL,TOV,REB,FGM,FG3M,FGA,FTM,PTS,MIN,DD,TD,FD,DK,FD_std,DK_std,fd_Pos,fd_Salary
203076.0,Anthony,Davis,42.3,13,NO@UTA,NO,UTA,GTD,Knee,58.7,61.75,18,2.2091369778,3.11051084635,1.72088046512,9.0417820939,2.63561621795,9.22402089198,1.62655035481,2.62403560637,11.8596371099,11.5318297313,0.584177375659,21.8083963066,7.02455345888,30.6723902971,44.0,0.742111175667,0.00114689738889,55.0677470917,58.3814428939,22.3900999191,21.9530565632,PF,11100
201939.0,Stephen,Curry,49.6,17,SAC@GS,GS,SAC,,,37.8,40.0,18,5.63744568043,0.159993573132,9.28721976176,5.18558734466,0.337652232478,3.40590919727,2.17060407351,3.15801818744,3.74356142975,8.62184925726,4.12809004586,16.9719729479,4.83069385234,26.2024824127,30.0,0.0662708757362,0.000325809949912,40.6541017549,44.5847176865,17.9509602702,19.8604385676,PG,10900
202326.0,DeMarcus,Cousins,46.4,10,SAC@GS,SAC,GS,O,Back,0.0,0.0,18,0.0,0.0,0.0,0.0,0.0,0.0,0.0,0.0,0.0,0.0,0.0,0.0,0.0,0.0,0.0,,,0.0,,1.01524172319,,C,10600
2544.0,LeBron,James,45.1,16,BKN@CLE,CLE,BKN,,,44.3,46.25,18,6.75593869933,0.583711054186,4.1881744723,7.74125726428,1.27686386747,4.76770844005,1.35531579933,3.35689713306,6.04457230752,9.31106888108,1.33791922388,18.8292964061,5.38113341779,25.3411904038,36.0,0.231932238848,0.0126326066195,43.2497417958,46.2851747678,18.0924117059,18.0879259099,SF,10100
203081.0,Damian,Lillard,40.8,16,LAL@POR,POR,LAL,,,41.3,46.5,18,6.74021946076,0.322290684962,7.6697367171,5.3088868794,0.614570581361,3.09865239758,1.09055624249,3.3380491502,3.71322297894,8.16319980552,2.7385586021,19.3417130294,4.59000668999,23.6549649031,36.0,0.147955254718,0.000710361078879,37.7088063737,41.1568353641,17.9509450086,19.1095351503,PG,9400
202695.0,Kawhi,Leonard,40.5,15,ATL@SA,SA,ATL,,,35.4,38.25,18,2.10588653174,1.05283028786,3.27124333484,2.74522152299,1.13025331532,4.47007517042,1.73658391433,1.20788785898,5.60032848574,6.93104473995,1.52240674917,13.4689562496,2.344108707,17.7286049361,29.0,0.0560560602241,4.78003567741e-06,31.978769462,33.7080316208,13.3616758353,13.4451542021,SF,8900
200794.0,Paul,Millsap,39.1,18,ATL@SA,ATL,SA,,,25.6,26.5,18,2.64862394722,0.837701648806,2.32383906306,4.71497591298,1.98333460926,4.53226663047,1.55242534823,1.90864777435,6.51560123973,4.74982404394,0.751982900164,9.87601707077,3.64203696441,13.8936679524,26.0,0.10644905319,4.65183796764e-05,28.5569315807,30.3728401148,10.3577088667,10.2612109281,PF,8800
200768.0,Kyle,Lowry,39.2,16,TOR@WAS,TOR,WAS,,,39.9,46.25,18,6.1121034421,0.483413080899,6.27244641029,5.59245627622,0.740905369312,3.10010972893,2.36668441734,2.91051743411,3.84101509824,6.06184243753,2.52917363832,14.43413103,4.83741040864,19.490268922,34.0,0.095248340304,0.000571751920215,36.0573197654,39.1138038228,14.2514926055,15.3664009159,PG,8800
200765.0,Rajon,Rondo,38.8,17,SAC@GS,SAC,GS,,,19.3,21.5,18,7.4539341905,0.0787084607959,1.52455745592,0.94542235629,0.947149831197,3.44403540417,1.21143385605,2.58629590112,4.39118523537,3.76985326277,0.533636234201,8.58286703235,0.365379500041,8.43872225978,25.0,0.10785376764,0.00146201699928,24.8830345605,26.8287265924,8.92913023754,8.79889950502,PG,8500
202322.0,John,Wall,33.7,13,TOR@WAS,WAS,TOR,,,32.1,34.25,18,9.43484616348,1.03849934615,4.48889255161,5.49356317797,0.819297581395,2.51944483487,2.31094302421,4.84089801419,3.33874241626,6.86534698213,1.30483593396,17.0212972649,4.08689276412,19.1224226623,39.0,0.45821085579,0.00115491484912,39.1391695336,43.0697546567,15.725343311,15.9889830741,PG,8500
201567.0,Kevin,Love,37.3,16,BKN@CLE,CLE,BKN,,,36.4,41.25,18,2.31710412148,0.502710879431,6.55062603207,4.05652186024,2.56341351817,7.57552837811,0.589055206133,2.35621104795,10.1389418963,6.58564603376,2.61012580585,14.276171249,3.42375180508,19.2051696785,34.0,0.538645905687,8.22124670072e-05,34.6748772594,38.473208277,14.357821493,15.505423823,PF,8300
201572.0,Brook,Lopez,35.2,15,BKN@CLE,BKN,CLE,,,39.8,41.25,18,1.49400831357,2.28421054917,0.199281090338,5.68021143148,3.48689828636,5.40798645851,0.549379898478,2.1970939591,8.89488474486,8.93952895032,0.00380444723416,18.0165854566,4.60185435168,22.4847166996,38.0,0.396194641485,5.55366310991e-05,38.8696777999,41.0093298125,19.5322530814,19.081981005,C,8200
202324.0,Derrick,Favors,33.8,14,NO@UTA,UTA,NO,,,0.0,0.0,18,0.0,0.0,0.0,0.0,0.0,0.0,0.0,0.0,0.0,0.0,0.0,0.0,0.0,0.0,0.0,,,0.0,,0.963074409755,,PF,8000
200752.0,Rudy,Gay,30.3,15,SAC@GS,SAC,GS,,,28.4,28.75,18,2.03277386601,0.232811493256,2.31945315707,3.14559869335,1.39389207967,3.452452278,0.839170571383,1.66497608195,4.84634435767,6.16296719628,0.773797951525,13.7649330244,2.63100050116,15.7307328452,27.0,0.0242994451483,1.28890630392e-06,25.0744949208,26.5726521898,13.5875808641,13.4500293469,SF,7900
203110.0,Draymond,Green,34.9,17,SAC@GS,GS,SAC,,,51.2,56.25,18,7.09185636327,1.63851593338,4.11334205746,2.88503070278,1.54026892767,5.96156856655,1.3737941389,2.77651593519,7.50183749423,4.93490980782,1.66949056824,10.1522179883,2.13257354784,13.6718837317,36.0,0.339069653352,0.0330196779487,36.559977479,39.7657361193,10.6295924003,11.196893906,PF,7700
200746.0,LaMarcus,Aldridge,29.3,14,ATL@SA,SA,ATL,,,29.7,31.0,18,1.35221475158,0.789815397029,0.544610951329,3.14633975332,2.21548569251,4.25957525219,0.331253666259,1.25710608521,6.47506094469,5.30601914353,0.0907092132909,12.0928680531,2.67274819995,13.3754957003,25.0,0.10099787676,1.68789558989e-07,24.1589230027,25.3080810207,12.9709411343,12.6273945907,PF,7700
201942.0,DeMar,DeRozan,32.7,16,TOR@WAS,TOR,WAS,,,22.6,25.25,18,4.16209294454,0.239004384576,1.56672943195,8.96060661664,0.690101479313,3.18346237754,1.19916944528,2.70986532766,3.87356385685,7.01216170746,0.391953975426,17.0068199835,7.36601568959,21.7822930799,38.0,0.0168202440871,6.80963913009e-05,32.840191457,34.6102139567,17.2856068723,17.0354116734,SG,7500
201936.0,Tyreke,Evans,0.0,0,NO@UTA,NO,UTA,GTD,Knee,0.0,0.0,18,0.0,0.0,0.0,0.0,0.0,0.0,0.0,0.0,0.0,0.0,0.0,0.0,0.0,0.0,0.0,,,0.0,,0.903399748848,,PG,7400
201952.0,Jeff,Teague,31.2,15,ATL@SA,ATL,SA,,,11.6,14.25,18,5.07816904104,0.347801569437,2.38743092099,3.87317881263,0.385742268176,1.33502388931,1.13113690467,2.07944506715,1.72076615748,4.19039906965,0.876765742904,9.83531661547,3.29614725977,12.553711142,23.0,0.0273369582728,3.71876294474e-07,23.1143159736,24.7194662395,9.99554043229,10.0582832971,PG,7200
201143.0,Al,Horford,32.0,18,ATL@SA,ATL,SA,,,19.3,19.5,18,2.11713390616,0.966953094683,1.86622934763,1.24866659119,1.61775501476,2.80226793083,0.447122646248,1.00858629391,4.42002294559,4.68777267491,0.660723369889,9.42574780143,1.05071914499,11.0869878647,22.0,0.0105073736262,7.74577492931e-07,21.3862814466,22.4577008099,9.83735223954,9.64064758609,C,7200
201568.0,Danilo,Gallinari,30.5,16,DEN@DAL,DEN,DAL,,,25.3,28.25,18,2.31793737649,0.607246611808,5.01206207287,6.29750998497,1.35015173183,4.21002397109,0.609869984478,1.44510089582,5.56017570293,5.02630086581,1.7827310875,13.0427468236,5.7273670643,17.5626998834,34.0,0.0542997392148,8.29137526779e-06,28.7009490884,30.6743483482,12.559821534,13.3085248718,SF,7200
203497.0,Rudy,Gobert,28.6,12,NO@UTA,UTA,NO,,,34.8,36.0,18,1.47489346401,2.65797819449,0.00952323192544,3.69182043782,3.48337859023,6.08577691987,0.884811561922,2.20133569991,9.5691555101,3.27700627532,0.00158124955308,5.71155789677,2.26281940186,8.81841320204,32.0,0.244040952369,0.000109287618172,27.3979838231,29.3442893647,7.67965652673,7.20120790949,C,7000
202330.0,Gordon,Hayward,27.9,14,NO@UTA,UTA,NO,,,22.2,24.25,18,3.24021873658,0.256770060532,4.17248706516,5.80735690793,0.915580443032,3.19174887226,1.14016999288,2.56636490416,4.10732931529,6.30539161505,1.49061605773,14.8019394479,4.57867223256,18.6800715204,36.0,0.0111791014604,1.79569957094e-05,28.6967100063,30.9473894762,14.1478018967,14.4657860124,SF,6900
977.0,Kobe,Bryant,25.7,11,LAL@POR,LAL,POR,,,25.4,26.5,18,4.42032888985,0.129643617546,6.67428900699,5.55954859396,0.602046318893,2.8715381635,1.17554788943,2.88804258291,3.4735844824,6.34446792817,1.45720158003,18.7223881445,4.61071766477,18.7568551011,34.0,0.017851314616,4.65861805916e-05,29.2779902458,31.6512082819,16.0831044127,16.738233317,SG,6900
203078.0,Brad,Beal,28.0,10,TOR@WAS,WAS,TOR,,,38.2,41.5,18,3.29873375402,0.403525831549,5.71080457249,3.58359299591,1.15020673065,3.02995685963,1.40774004063,3.10677295096,4.18016359028,8.26685574389,2.41758153556,18.1671446462,2.85112353754,21.8024165609,41.0,0.0127800761717,2.32815402554e-05,32.2824722936,35.2728976753,16.9677009882,17.6247760016,SG,6800
201583.0,Ryan,Anderson,29.0,16,NO@UTA,NO,UTA,,,20.9,22.5,18,1.39158480756,0.546576757771,6.95417354853,3.50514262305,2.47346153173,4.67281313673,0.668989017901,1.70372681426,7.14627466846,7.7059139105,2.59920373255,17.1202608908,3.00762054756,21.0186521011,38.0,0.180717437255,3.86026711388e-07,32.4089636517,35.1888199725,16.2583146033,17.3098239027,PF,6700
203468.0,C.J.,McCollum,29.4,16,LAL@POR,POR,LAL,,,32.9,35.5,18,2.81106945787,0.327317118284,5.21687609465,2.84387574263,0.514040056929,2.29790005832,1.03751914596,2.00568894025,2.81194011524,7.16189041395,2.04056058595,15.7841394385,2.3994349799,18.7637763937,34.0,0.00130484896081,4.44278912467e-07,27.0786923071,29.2443726822,14.9219227626,15.5048752558,SG,6600
1717.0,Dirk,Nowitzki,29.5,15,DEN@DAL,DAL,DEN,,,30.4,31.25,18,1.71401315825,0.503246482781,3.56360026407,3.18317169144,0.586099719469,5.25459729161,0.722059158508,1.01387079652,5.84069701108,6.68531257246,1.67008451851,13.2159509118,2.87268684122,17.9133965046,31.0,0.0697185628132,8.95075410755e-07,28.9299931414,30.6685861789,13.0901517578,13.2958091532,PF,6600
202397.0,Ishmael,Smith,30.1,16,NO@UTA,NO,UTA,,,31.2,32.5,18,9.34817768953,0.419980074618,2.27521170971,2.2615377047,0.764380425512,3.50322102513,1.45702401543,2.75044925189,4.26760145064,5.96012771711,0.69052729811,14.896671752,1.60966174608,14.2204444784,37.0,0.404995726951,0.0048459121785,34.3673916817,36.9232913562,14.3030854771,14.2169736973,PG,6600
1495.0,Tim,Duncan,27.4,15,ATL@SA,SA,ATL,O,Rest,42.6,45.5,18,3.00586012331,1.80977780641,0.069693883288,3.09690682503,2.10525520978,5.59433864114,0.859212521147,1.89040108072,7.69959385092,4.35081860635,0.00630686721052,8.36678052504,2.35798728268,11.0659313626,28.0,0.173677209776,0.000196788129075,28.261813743,29.8562535886,10.0206079571,9.57301581456,C,6600
202702.0,Kenneth,Faried,26.5,13,DEN@DAL,DEN,DAL,GTD,Ankle,19.0,20.75,18,0.555810199465,0.464525247479,0.0156988427716,1.65782684022,1.63990343996,2.62360191963,0.394428720268,0.856030780287,4.2635053596,2.74327760463,0.00191466022442,4.81892816815,1.04688221735,6.53535208683,14.0,0.00322024751829,1.8369742069e-12,13.3471509728,13.9941293323,6.50933595077,6.00983223706,PF,6500
201152.0,Thaddeus,Young,30.3,15,BKN@CLE,BKN,CLE,,,32.4,34.5,18,1.86339859281,0.4711709598,0.982176779944,2.39772901318,2.63050078118,5.78083696007,1.80531416088,1.78105179248,8.41133774125,7.81500055746,0.198165162132,15.2748015255,1.50188998663,17.3300562637,36.0,0.317614570383,1.45356479074e-05,32.9906778913,34.8773187182,16.0275390259,15.5651406099,PF,6500
101114.0,Deron,Williams,27.1,15,DEN@DAL,DAL,DEN,,,31.8,34.5,18,5.69593519999,0.244619015835,3.48870605344,3.21054200882,0.191925614768,2.18305553279,1.29871231268,2.02525441192,2.37498114756,4.6752412553,1.33044689501,11.2877245811,2.92912413378,13.6100535394,31.0,0.0537942378816,1.00162925529e-05,26.0653419616,27.9426630781,11.0031683854,11.3605854492,PG,6500
202691.0,Klay,Thompson,24.9,16,SAC@GS,GS,SAC,,,18.0,20.5,18,2.13156437927,0.621361915071,5.31565561691,1.938082056,0.305994578505,1.91953072148,0.533747067943,1.4779532996,2.22552529999,5.37682530713,2.21720795633,11.8273312194,1.62252918997,14.5933877606,26.0,0.000161154990127,7.38377571546e-09,21.2936293559,23.2527280035,12.0663429207,12.9986720627,SG,6300
203486.0,Mason,Plumlee,27.3,16,LAL@POR,POR,LAL,,,15.8,17.5,18,1.89177381974,0.926832298507,0.048450253008,3.75788781339,2.26600677734,4.19503272254,0.930790773778,1.55493592762,6.46103949988,3.41800695758,0.000865534518443,6.05664244724,2.03261411776,8.86949356744,24.0,0.0602512439872,1.77567723637e-06,21.6207119138,22.8120468129,7.95898666268,7.46232264594,C,6200
201163.0,Wilson,Chandler,0.0,0,DEN@DAL,DEN,DAL,O,Hip,0.0,0.0,18,0.0,0.0,0.0,0.0,0.0,0.0,0.0,0.0,0.0,0.0,0.0,0.0,0.0,0.0,0.0,,,0.0,,0.647602079227,,SF,6200
101127.0,Jarrett,Jack,28.8,14,BKN@CLE,BKN,CLE,,,36.0,40.25,18,7.38017565493,0.216242487707,3.19386720238,3.75249187283,0.292732956141,3.39657877373,0.777885185364,3.01775651538,3.68931172988,5.52215933667,1.13885913229,13.2338956194,3.26661781592,15.4497956215,35.0,0.193997621488,0.000901481389573,29.9177320105,32.4742062973,12.702806872,12.8577704234,PG,6200
2590.0,Mo,Williams,25.3,13,BKN@CLE,CLE,BKN,,,20.9,22.5,18,4.68990389021,0.209747520594,4.10883922262,2.02108479073,0.251204651464,1.97765417572,0.60249107407,2.33898899156,2.22885882718,5.11733761354,1.40091759823,10.9585749336,1.82323245658,13.4588252819,28.0,0.0180030418995,2.00628373779e-06,22.4537999076,24.4622067255,10.9149252151,11.3110126049,PG,6100
201569.0,Eric,Gordon,27.3,16,NO@UTA,NO,UTA,,,5.5,7.0,18,2.85139755271,0.179708320294,6.50922945773,3.02711260658,0.360595632266,1.4533468892,0.924385852871,1.48050362332,1.81394252147,5.25706194793,2.40661986309,12.911888209,2.58041893439,15.5011626933,32.0,0.000689113037956,1.39104697534e-08,22.6826747712,24.7179673518,13.1034038582,14.3703546694,SG,6100
101162.0,Marcin,Gortat,24.7,13,TOR@WAS,WAS,TOR,,,31.5,34.5,18,1.92995666459,1.30021507848,0.0115339639615,3.83994988926,3.05454673089,5.63338215037,0.6846843414,2.24613120025,8.68792888127,5.43495455262,0.000212017107322,10.7132797972,2.8916400435,13.7617611658,34.0,0.318781775059,1.14224080282e-05,28.8058784598,30.8416534423,12.3979453488,11.9641280526,C,6100
201960.0,DeMarre,Carroll,23.8,13,TOR@WAS,TOR,WAS,,,10.3,11.5,18,1.13193046184,0.223352679676,3.89974382176,1.99484440858,1.15720275213,2.25842422137,1.39601862489,1.20774487322,3.4156269735,3.6950748474,1.46842933213,9.09941408544,1.32313105335,10.1817100803,28.0,0.00169285198168,4.28763125131e-09,18.0093558771,19.5207636193,9.34349475079,9.99243860283,SF,6000
1626144.0,Emmanuel,Mudiay,25.5,16,DEN@DAL,DEN,DAL,,,24.0,25.25,18,6.52099326598,0.848250982239,3.82764369136,3.67379263667,0.910882943733,3.48036462365,1.16271029734,3.96021652753,4.39124756738,5.47112793365,0.998377888216,15.5912279879,2.58476183455,14.5253955901,34.0,0.121447265308,0.00159434384873,29.6380886015,32.5239021173,13.996840653,14.2027046245,PG,6000
2207.0,Joe,Johnson,22.8,15,BKN@CLE,BKN,CLE,,,20.1,24.25,18,4.55044431161,0.0986642013452,4.71812873958,2.87656019584,0.773474443072,3.69886486954,0.846278469027,2.19533164752,4.47233931261,4.88696080373,1.38257583455,13.3883274196,2.37967396613,13.5361714081,39.0,0.0286745235777,0.00024797223921,25.4231987439,27.4795251527,12.2550518399,12.8077539454,SG,5800
2585.0,Zaza,Pachulia,25.8,16,DEN@DAL,DAL,DEN,,,36.4,41.0,18,2.58701630051,0.575066334478,0.0611587765415,5.48792934121,3.20037794329,6.36904487613,1.12496711618,2.28234892691,9.56942281942,3.62215552439,0.0,7.80927615629,4.27889259427,11.523203643,31.0,,,28.0047534515,,9.56132232933,,C,5800
202329.0,Al-Farouq,Aminu,25.1,16,LAL@POR,POR,LAL,,,19.3,20.25,18,1.54763920838,0.868379684902,3.41285644248,2.47648930894,1.39755622238,4.81051168246,0.6823100909,1.52259181717,6.20806790483,3.41854856791,1.13122027142,8.68619156154,1.84407037599,9.81238778323,28.0,0.0573713852717,3.09838028687e-07,21.162315816,22.885683263,8.8078311532,9.26186937552,SF,5800
202684.0,Tristan,Thompson,23.0,16,BKN@CLE,CLE,BKN,,,24.2,27.25,18,1.10589689442,0.807872424776,0.000249727610176,3.1291909074,3.47202646818,7.21583160242,0.501034895138,1.11386981258,10.6878580706,3.94201600394,3.00141148918e-06,7.04054621575,1.78374461563,9.66777962493,32.0,0.362521032062,1.06216557639e-07,25.6559994785,27.2911106558,8.85390624033,8.3724296353,PF,5800
202685.0,Jonas,Valanciunas,24.9,14,TOR@WAS,TOR,WAS,O,Hand,0.0,0.0,18,0.0,0.0,0.0,0.0,0.0,0.0,0.0,0.0,0.0,0.0,0.0,0.0,0.0,0.0,0.0,,,0.0,,0.835640272524,,C,5700
203944.0,Julius,Randle,25.3,14,LAL@POR,LAL,POR,,,36.2,37.0,18,2.37674364509,0.608583562387,0.304332340797,3.88206827159,1.41590365332,6.7984976656,0.853723838735,1.84729769908,8.21440131892,4.66552478314,0.062516863108,10.3361235838,2.56133359192,11.9549000213,30.0,0.236356817989,4.40968410447e-05,26.4546141748,28.1749090394,11.5882337033,11.2465604303,PF,5700
2225.0,Tony,Parker,23.2,16,ATL@SA,SA,ATL,,,25.6,26.75,18,3.80062694626,0.11070435247,0.45680716441,2.14881678345,0.112350668838,1.25131167754,0.607535676659,1.55762643977,1.36366234638,4.41104529872,0.209368368464,8.05708924709,1.6985604468,10.7300194127,22.0,0.00387151918107,6.91630705891e-09,17.9462082663,18.9036960872,9.41863137002,8.95719384878,PG,5700
203903.0,Jordan,Clarkson,21.6,14,LAL@POR,LAL,POR,,,34.6,36.75,18,3.08527119688,0.307670797161,3.86135699037,2.74609598749,0.976917206237,2.15787615482,1.23144522431,2.25375156535,3.13479336106,6.86832807652,1.55775745168,14.7644821077,2.11675060541,17.4111642101,36.0,0.00270030006342,1.93389393138e-06,26.6253035163,28.6918539447,14.1670029454,14.3893184285,PG,5500
201950.0,Jrue,Holiday,20.3,12,NO@UTA,NO,UTA,O,Rest,3.4,5.5,18,2.98222238981,0.214985698288,1.56496963006,1.53296624983,0.131192288395,0.758023951962,0.508144126141,1.42029878197,0.889216240357,2.56895404045,0.514278087342,6.2210340455,1.23528091012,6.88746707836,14.0,0.000323313315031,1.23692487734e-11,12.4538210184,13.4660552351,6.72302186718,6.70314426075,PG,5500
203490.0,Otto,Porter,23.5,13,TOR@WAS,WAS,TOR,,,21.0,24.25,18,2.522417531,0.462195813308,4.03530655668,2.68778407415,1.56250019125,3.55747211918,1.78735152705,1.61741093302,5.11997231043,5.25158831285,1.20890459664,11.5735415154,2.27324162604,13.9853228484,39.0,0.0310368450978,9.71348974422e-06,26.7945996651,28.5103404536,11.2615600015,11.5428313975,SF,5400
2747.0,J.R.,Smith,19.1,13,BKN@CLE,CLE,BKN,,,25.5,26.75,18,2.7648371848,0.786063660496,7.06282912815,1.00160626807,0.830092389196,2.10873742882,1.15919677921,1.64916649219,2.93882981802,5.42414032449,2.66686370052,13.4583809219,0.494844984633,14.0099893341,39.0,0.00126663162152,4.65687135395e-07,23.9251952802,26.2320532119,13.6630566682,15.1219396732,SG,5400
203084.0,Harrison,Barnes,23.5,17,SAC@GS,GS,SAC,GTD,Ankle,0.0,0.0,18,0.0,0.0,0.0,0.0,0.0,0.0,0.0,0.0,0.0,0.0,0.0,0.0,0.0,0.0,0.0,,,0.0,,0.722823339162,,SF,5300
201579.0,Roy,Hibbert,22.8,14,LAL@POR,LAL,POR,,,15.2,16.0,18,1.71035701194,2.27984349193,0.116539196766,4.23394721745,2.20168141616,4.60622609109,0.350145518946,1.76806431461,6.80790750725,3.33287865377,0.000534931039636,7.32733977239,3.63982446432,10.3061167029,30.0,0.0974430593123,1.42916395103e-05,24.5330549366,25.9039573987,8.82377875923,8.47836576998,C,5200
1626156.0,D'Angelo,Russell,20.8,14,LAL@POR,LAL,POR,,,26.3,28.5,18,4.16342759794,0.419406780125,5.53915721175,1.76649931452,0.834761918969,5.48455323094,1.27795296949,2.29676277172,6.31931514991,5.91457185014,1.80532377057,14.3006207514,1.3303644051,14.9648318759,38.0,0.103061172772,0.000986817741162,29.8911081802,32.4156694213,13.4225630552,14.157074386,PG,5100
203145.0,Kent,Bazemore,23.4,13,ATL@SA,ATL,SA,,,21.4,22.75,18,1.57917929198,0.370168016645,2.3888569858,1.3603666931,0.208007667488,2.0536883451,1.06440765197,1.14224200947,2.26169601259,3.06921054159,0.972225122938,6.31889707496,1.08243829155,8.19308449767,20.0,5.75371520428e-05,3.60325146885e-10,15.0027979785,16.1732026522,7.17304128895,7.38809524367,SG,5100
202692.0,Alec,Burks,22.4,14,NO@UTA,UTA,NO,,,31.0,32.75,18,2.62789387073,0.160868219325,2.72764698668,5.17550921022,0.742298055642,2.7689914069,0.836699811798,2.10737146543,3.51128946254,5.37810662401,1.06495416584,12.9751257019,4.32313891996,16.1443063338,32.0,0.00351615709759,1.27975361809e-06,24.1874590918,25.9544644555,12.6869629676,12.7626493732,SG,5100
201954.0,Darren,Collison,20.5,12,SAC@GS,SAC,GS,,,24.3,25.5,18,3.88364084791,0.0728421976489,2.79964927205,2.82550391438,0.359305745167,0.91081739023,1.05925819328,1.84277563287,1.2701231354,4.43122108401,1.0167017738,10.2774136502,2.27482631268,12.1539702545,27.0,0.00505995264818,5.77942728808e-09,19.9250044378,21.4258392442,10.2474631944,10.3891987724,PG,5100
203115.0,Will,Barton,24.8,16,DEN@DAL,DEN,DAL,,,30.1,33.5,18,2.26410617785,0.633567124267,3.28845767438,3.01978002248,0.864111142577,3.88848149036,1.37885030343,1.55896010566,4.75259263293,5.2420024337,1.23749339598,11.5420981768,2.56736617658,14.28886444,30.0,0.0204801722711,2.62698474075e-06,25.854009616,27.5205941378,11.4140025814,11.6105096062,SG,5000
2738.0,Andre,Iguodala,22.7,17,SAC@GS,GS,SAC,,,13.1,16.25,18,2.9124677071,0.202863778068,2.23897383471,0.926329944264,0.770216452809,2.10513211032,0.993001040319,0.957866813243,2.87534856313,2.80898153845,1.01765927873,5.26167185994,0.52859762344,7.16421997908,22.0,0.000575239628952,2.42504147455e-07,16.417202639,17.5495967001,6.48579387545,6.71942063891,SF,5000
202083.0,Wesley,Matthews,17.4,14,DEN@DAL,DAL,DEN,,,16.2,16.75,18,1.78553639305,0.0843456395206,6.09338911358,2.10702949073,0.422767602749,1.59384836096,0.797521582274,1.05216119966,2.0166159637,3.78524253124,2.04462620733,10.112900343,1.78524507201,11.4003563418,28.0,4.67712290815e-05,6.21759744116e-10,17.2101733318,18.8594679922,11.0236194868,12.3302514296,SG,4800
2594.0,Kyle,Korver,19.5,16,ATL@SA,ATL,SA,,,9.2,10.25,18,1.68944682804,0.251828446483,3.62201142106,0.852371459737,0.075909223066,2.47857622549,0.582452469935,1.12815348261,2.55448544855,3.16496251378,1.70721485086,6.07185719274,0.71066835431,8.74780823272,25.0,0.000163572383509,1.79556077283e-09,14.8877693633,16.4334231664,7.82051057137,8.59315842094,SG,4800
101106.0,Andrew,Bogut,21.7,11,SAC@GS,GS,SAC,,,15.8,16.0,18,2.16373450723,1.62139604782,0.000123133682381,0.873009170818,1.73532072115,3.525973074,0.532629173691,1.31126432957,5.26129379515,2.79241659045,8.08953533522e-05,4.63735578201,0.437326494839,6.02224057108,20.0,0.00884383848753,8.49146464132e-07,18.5781809996,19.510186607,6.3441708258,5.79015260461,C,4800
203918.0,Rodney,Hood,21.6,13,NO@UTA,UTA,NO,GTD,Back,27.4,29.0,18,3.32182120516,0.343860686738,5.17946310448,2.8832848565,0.444209186067,1.72076991296,1.31538107058,1.87194137134,2.16497909902,5.28418477495,1.58981503115,12.4525120236,2.41481916474,14.5730037458,34.0,0.00206485095621,1.78853740276e-07,23.6002526156,25.4424775848,12.0393392576,12.6934948773,SG,4800
202334.0,Ed,Davis,19.2,16,LAL@POR,POR,LAL,,,12.8,13.5,18,1.31113530582,0.975552777271,6.04141335882e-06,2.78348656828,2.84494080096,4.42292261641,0.732960962448,1.09632273714,7.26786341737,3.12318694299,7.47984511092e-07,5.11753321447,1.45276660462,7.69914123858,24.0,0.0757588982593,1.0298354665e-07,20.7079850405,21.7331786102,7.02190733065,6.46864306733,PF,4700
202718.0,Chandler,Parsons,13.3,11,DEN@DAL,DAL,DEN,,,11.2,11.75,18,1.43903588665,0.381545932979,3.10275620946,1.61068382575,0.51508346154,2.12024367829,0.599042350505,1.19796553892,2.63532713983,3.98909032873,1.04453242884,8.60435691958,0.84228032512,9.86499341142,23.0,0.000244457391424,6.94188394649e-10,15.9491508372,17.2025328663,8.88634959526,9.11156682074,SF,4700
2449.0,Luis,Scola,20.3,16,TOR@WAS,TOR,WAS,,,11.2,12.5,18,1.11115576059,0.264373138535,1.22401003665,1.58956933382,1.93128571217,4.11644577923,0.707821191622,1.25822509088,6.0477314914,4.8704856101,0.567403169906,10.0670161313,1.10964088463,11.4180152747,26.0,0.061740518697,1.81390858431e-08,21.0281902747,22.3360018122,10.6986725986,10.4529110832,PF,4700
1938.0,Manu,Ginobili,21.8,12,ATL@SA,SA,ATL,O,Rest,15.7,17.75,18,3.17289310149,0.174856963671,3.44621467063,2.07682074484,0.471939889636,1.67915502511,0.993283722131,1.76457713694,2.15109491474,3.51805556908,1.1771549181,7.88269187817,1.57354241259,9.78680846885,19.0,0.00100363451861,8.04875732791e-08,17.6991662534,19.2790927199,8.47367596912,8.90592955555,SG,4700
203471.0,Dennis,Schroder,20.6,18,ATL@SA,ATL,SA,,,25.4,26.0,18,3.49217382964,0.0124535076879,2.30718884403,1.50789809299,0.297636323051,1.27977061755,0.630867542429,1.49167809594,1.5774069406,2.96783381423,0.694739046963,7.58488889062,1.22796855202,7.85837522745,17.0,0.00131522196145,8.30113510747e-09,14.7844883049,15.9585400812,7.6856255614,7.81024577211,PG,4600
101150.0,Louis,Williams,19.0,14,LAL@POR,LAL,POR,,,0.0,0.0,18,0.0,0.0,0.0,0.0,0.0,0.0,0.0,0.0,0.0,0.0,0.0,0.0,0.0,0.0,0.0,,,0.0,,0.729541449773,,SG,4500
203521.0,Matthew,Dellavedova,19.6,15,BKN@CLE,CLE,BKN,,,13.8,16.0,18,4.93335668518,0.0556971611822,2.71921152893,0.851773673912,0.448182998748,1.35433660007,0.605195214601,1.22370276017,1.80251959882,2.39833491851,1.08133605481,5.86641249268,0.717084993121,6.59509088495,25.0,0.00850029059027,1.66639696187e-07,16.2562314227,17.5116277459,6.65597683644,7.1665214541,PG,4400
203086.0,Meyers,Leonard,16.9,9,LAL@POR,POR,LAL,,,19.2,20.0,18,1.19960887789,0.453912556239,2.77799457494,0.841889613281,0.829144726783,2.50794518128,0.218538826824,0.813271325996,3.33708990806,2.93481334606,0.854948950633,6.29868371026,0.748020788134,7.47259643089,22.0,0.000872223602718,5.01015895743e-10,13.8081490775,14.8104220481,7.00222634396,7.22711274142,C,4400
201956.0,Omri,Casspi,20.8,17,SAC@GS,SAC,GS,,,20.9,22.75,18,1.57855107579,0.143308288459,3.09879966737,2.61117397805,1.10433616552,4.48505932075,0.898610857939,1.81731518418,5.58939548626,4.57857995186,1.37830478153,9.15293686478,1.66607918397,12.2015438692,29.0,0.0438601876259,2.8083690473e-07,21.543168175,23.4862390562,9.67959595987,9.95917639694,SF,4400
203999.0,Nikola,Jokic,16.4,15,DEN@DAL,DEN,DAL,,,14.2,16.5,18,0.9208831127,0.419508372473,0.44404661221,2.38322793226,2.16043787294,3.21170895691,0.82756593459,1.21074415624,5.37214682985,3.14532794125,0.142331312751,6.21040730774,1.76666744514,8.19965464039,19.0,0.0206551214083,1.48986326402e-09,17.3109599631,18.2870877257,7.53836391548,7.15582611154,C,4400
201980.0,Danny,Green,17.6,16,ATL@SA,SA,ATL,,,12.9,15.0,18,2.23210075232,0.761348572743,5.21778697874,0.878496915503,0.566395968272,2.98049611921,0.803739800716,1.45406460458,3.54689208748,3.1434626876,1.8441606718,8.63566582275,0.694267530149,8.82535357714,29.0,0.00183277830383,2.01437300293e-07,18.1058873529,19.9350943673,9.60271415275,10.7903349916,SG,4300
203504.0,Trey,Burke,17.0,14,NO@UTA,UTA,NO,GTD,Back,9.9,12.0,18,1.69210192653,0.0316428510738,2.37231703032,0.936208522355,0.224610587428,0.97356775078,0.513027761245,0.988930196216,1.19817833821,2.70670958395,0.954964929365,6.42121740434,0.704983465823,7.07336756309,15.0,3.99055753226e-06,2.162319541e-12,11.1497454872,12.1816079527,6.95406601913,7.26570123749,PG,4300
203105.0,Festus,Ezeli,20.2,17,SAC@GS,GS,SAC,,,24.7,27.25,18,0.845381936966,1.45469974117,0.00230242735352,2.82989084048,2.1432226518,3.27815510644,0.279222462547,0.963820761627,5.42137775825,2.66017020722,0.000634107449036,4.88524901244,1.55791753779,6.87889205968,18.0,0.0148008640187,4.68329870717e-08,17.1566419208,17.9321396798,6.67897935236,6.23267393599,C,4300
203499.0,Shane,Larkin,15.8,15,BKN@CLE,BKN,CLE,,,10.7,11.75,18,2.06571691603,0.0806178768332,0.998864754059,0.610103386497,0.164197066396,0.981225107767,0.786380796906,0.978598334918,1.14542217416,1.81573031941,0.468405541067,3.85127123642,0.418118681036,4.51798486091,13.0,6.89046912321e-06,2.68536356884e-12,9.74646585652,10.5272492389,4.88087846303,4.85402450232,PG,4300
203939.0,Dwight,Powell,21.5,16,DEN@DAL,DAL,DEN,,,19.3,20.0,18,1.13451293743,0.683733944708,0.410522996748,2.82539229535,1.61167964855,4.02266349915,0.756852270489,0.987040618391,5.6343431477,3.36464739667,0.0970901757191,6.68020131539,1.97392397654,8.80030894559,21.0,0.0303422667119,1.09399241454e-08,19.157421941,20.0267179283,8.04686813027,7.64320334776,PF,4300
200757.0,Thabo,Sefolosha,19.2,14,ATL@SA,ATL,SA,GTD,Rest,12.8,14.5,18,1.38608440572,0.668784290886,1.90230151013,1.43401440841,0.98592926098,3.21188185437,1.40478161605,1.12324580319,4.19781111535,3.1786743516,0.774096432964,6.11812666624,0.927346393299,8.05879152947,25.0,0.00468315879061,2.05039211173e-08,18.1991774872,19.3647639607,7.0351127948,7.02554962327,SF,4300
201585.0,Kosta,Koufos,20.6,17,SAC@GS,SAC,GS,,,27.4,28.25,18,0.364417547068,1.02151250439,4.45075249278e-05,1.46513943172,2.7119562224,3.2039628012,0.706494073133,0.853698193028,5.9159190236,3.64659125502,1.28253771209e-06,6.85058284555,1.01880383094,8.31198762353,23.0,0.0347174021895,4.85049953072e-09,18.5600317345,19.3347535413,8.44404806839,7.97600166035,C,4200
2403.0,Nene,Hilario,16.7,12,TOR@WAS,WAS,TOR,O,Calf,0.0,0.0,18,0.0,0.0,0.0,0.0,0.0,0.0,0.0,0.0,0.0,0.0,0.0,0.0,0.0,0.0,0.0,,,0.0,,0.86682779914,,PF,4200
1626178.0,Rondae,Hollis-Jefferson,17.5,15,BKN@CLE,BKN,CLE,,,31.5,32.0,18,2.13920450833,0.59271216921,0.536243614661,2.39879209712,2.34289510764,5.75102305145,1.80472902891,1.62258345228,8.0939181591,2.86465896563,0.133040968431,5.99210819621,1.60984298983,7.47220188952,30.0,0.106386751069,1.06660914619e-05,23.5660093869,25.0081296301,7.18653357547,6.85484168947,SF,4200
203914.0,Gary,Harris,16.9,16,DEN@DAL,DEN,DAL,,,0.0,0.0,18,0.0,0.0,0.0,0.0,0.0,0.0,0.0,0.0,0.0,0.0,0.0,0.0,0.0,0.0,0.0,,,0.0,,0.729614526622,,SG,4100
202709.0,Cory,Joseph,17.8,16,TOR@WAS,TOR,WAS,,,22.0,24.5,18,4.35060176215,0.346122171342,1.34130069362,3.41962060077,0.81416898222,2.36256466706,1.00237581141,1.59711578056,3.17673364928,4.75798299819,0.453507235882,9.29152580329,2.71596957007,12.6854428023,34.0,0.0124136891984,1.85175249752e-05,24.1233060096,25.3261302867,10.1129920416,9.7845149212,PG,4100
2749.0,Jameer,Nelson,15.7,14,DEN@DAL,DEN,DAL,,,8.9,10.0,18,2.98284847757,0.0221571685489,2.7187097446,0.576268619716,0.252007190552,1.06426179852,0.437000744241,1.26617818961,1.31626898907,2.15313880094,0.798951005099,5.84374439849,0.433014198625,5.5382428056,17.0,0.000206841141058,2.70307225271e-10,11.2441759448,12.3428642541,6.28767072712,6.68752881794,PG,4100
201581.0,J.J.,Hickson,16.3,14,DEN@DAL,DEN,DAL,,,0.0,0.0,18,0.0,0.0,0.0,0.0,0.0,0.0,0.0,0.0,0.0,0.0,0.0,0.0,0.0,0.0,0.0,,,0.0,,0.867180631801,,PF,4000
203994.0,Jusuf,Nurkic,0.0,0,DEN@DAL,DEN,DAL,O,Knee,0.0,0.0,18,0.0,0.0,0.0,0.0,0.0,0.0,0.0,0.0,0.0,0.0,0.0,0.0,0.0,0.0,0.0,,,0.0,,0.959889227623,,C,4000
202389.0,Timofey,Mozgov,15.3,13,BKN@CLE,CLE,BKN,,,15.2,17.0,18,0.416659984936,0.789323120775,0.183144824653,2.13456054315,1.39913145595,2.23641711394,0.34331210919,1.05061775902,3.63554856989,2.38989785866,0.0467024825497,4.75180071773,1.66041833993,6.48691653979,17.0,0.00110630208743,1.40334380155e-11,12.689217502,13.4213145044,6.21735178063,5.8312202148,C,4000
201158.0,Marco,Belinelli,18.5,17,SAC@GS,SAC,GS,,,6.2,7.75,18,1.8252558718,0.0453792332731,4.04291857602,2.35494791902,0.195520084266,0.883484296309,0.517236877607,1.22599995017,1.07900438057,3.12603794774,1.45386444239,7.92446904645,2.00102872688,9.70696906476,22.0,1.24936433372e-05,2.74812423372e-12,13.6388904007,15.0327915565,8.62754705694,9.40615814238,SG,4000
203530.0,Joffrey,Lauvergne,21.9,3,DEN@DAL,DEN,DAL,GTD,Back,1.4,2.0,18,0.50942345249,0.237999160893,0.533062249487,0.771473280845,0.787886571489,1.08646428901,0.222002701911,0.544430097395,1.8743508605,1.17821639677,0.169956879224,2.58424606431,0.563590275198,3.08997994795,8.0,8.37172231374e-07,1.71207008962e-16,6.47890978751,6.9298220746,3.71027196777,3.53755073972,PF,4000
202347.0,Quincy,Pondexter,0.0,0,NO@UTA,NO,UTA,O,Knee,0.0,0.0,18,0.0,0.0,0.0,0.0,0.0,0.0,0.0,0.0,0.0,0.0,0.0,0.0,0.0,0.0,0.0,,,0.0,,0.580124192446,,SF,3900
201196.0,Ramon,Sessions,16.2,13,TOR@WAS,WAS,TOR,,,14.4,14.75,18,3.79128416761,0.0630411534874,1.67300164724,4.57698515018,0.422435426747,1.87806748109,1.11354070204,1.70167712894,2.30050290783,2.9609473926,0.62470831026,7.64827830274,3.48410178583,10.0307048813,25.0,0.00357375790378,5.0360587363e-07,19.1297212042,20.4133012169,8.15741812846,8.18636871427,PG,3900
202390.0,Gary,Neal,13.2,13,TOR@WAS,WAS,TOR,,,0.0,0.0,18,0.0,0.0,0.0,0.0,0.0,0.0,0.0,0.0,0.0,0.0,0.0,0.0,0.0,0.0,0.0,,,0.0,,0.604567644696,,SG,3900
1626161.0,Willie,Cauley-Stein,14.5,17,SAC@GS,SAC,GS,,,15.3,15.5,18,0.444152692491,1.11209227021,0.0927374000043,1.58882929074,1.75920731569,3.42226700581,0.67202363181,0.805754735319,5.1814743215,1.99841352827,0.0255407170642,3.77375581638,0.890142460397,4.912510234,20.0,0.00468076064664,1.37747706348e-09,14.5589855273,15.2407281146,5.30832824367,4.90402139813,C,3800
202687.0,Bismack,Biyombo,14.3,16,TOR@WAS,TOR,WAS,,,30.2,32.0,18,0.491306322879,2.11370497505,1.39486732466e-05,4.20232580323,4.02221763827,7.40581211344,0.368137774925,1.45500179417,11.4280297517,2.75541322157,3.84381052534e-06,5.75702738548,2.70763572202,8.21846600896,35.0,0.308300488114,2.25100316966e-05,26.1777449011,27.93916747,7.54725809939,7.22321274719,C,3800
201589.0,Darrell,Arthur,13.2,15,DEN@DAL,DEN,DAL,,,28.5,30.25,18,1.55132999003,1.05535840523,1.86558755967,1.14077284773,2.06923290245,3.12476765292,1.06526191281,1.20739587407,5.19400055537,4.36773822085,0.524130752261,10.7878411898,0.817770466488,10.0773776605,31.0,0.0238233337245,1.39528090664e-07,21.671018074,22.8322168341,10.6241363465,10.5014892364,PF,3800
203463.0,Ben,McLemore,11.5,17,SAC@GS,SAC,GS,,,27.1,29.25,18,1.65009938896,0.160945409021,3.38900640729,1.82233498135,0.458907292121,1.48521597815,1.10201383861,2.00557692144,1.94412327027,3.65958839215,1.34453769671,8.57748080383,1.4738292158,10.1375436968,27.0,2.79675527433e-05,2.13813855397e-10,15.4659822784,17.238287703,8.90680540715,9.40511009034,SG,3700
201988.0,Patrick,Mills,15.5,16,ATL@SA,SA,ATL,,,17.7,19.25,18,2.04061528799,0.0942052146779,4.00034815454,0.410685741316,0.317270387856,1.23649857695,1.05374832453,0.99259382829,1.5537689648,3.2151653272,1.56033502177,7.386670862,0.318751480339,8.30941715651,20.0,2.68358088737e-05,1.39703343106e-10,14.5381760964,15.8923692238,8.40191841285,9.20730503761,PG,3700
200826.0,Jose Juan,Barea,16.1,16,DEN@DAL,DAL,DEN,O,Ankle,0.0,0.0,18,0.0,0.0,0.0,0.0,0.0,0.0,0.0,0.0,0.0,0.0,0.0,0.0,0.0,0.0,0.0,,,0.0,,0.851534784102,,PG,3700
2549.0,Chris,Kaman,7.5,3,LAL@POR,POR,LAL,GTD,Ankle,0.0,0.0,18,0.0,0.0,0.0,0.0,0.0,0.0,0.0,0.0,0.0,0.0,0.0,0.0,0.0,0.0,0.0,,,0.0,,0.808058892286,,C,3700
2561.0,David,West,12.5,16,ATL@SA,SA,ATL,,,2.0,2.0,18,0.902297118023,0.173256267724,0.0691200032813,0.567306735913,0.361950370277,1.07954739862,0.209875281849,0.626607821287,1.4414977689,1.24469904997,0.0252464608829,2.45686024895,0.404903405645,2.91954796646,8.0,6.23877076991e-08,2.67540866053e-15,6.14244624403,6.54044836714,3.81557898155,3.48086999754,PF,3700
2734.0,Devin,Harris,16.3,15,DEN@DAL,DAL,DEN,,,8.9,9.5,18,2.27144559339,0.284107146125,2.47999914986,2.27950833837,0.322891764622,1.4122205726,1.03165433314,0.999775359002,1.73511233722,2.50647701836,0.62648960973,6.13220658919,1.53542739562,7.17487104208,20.0,4.83237657701e-05,6.26587296162e-10,14.2959218363,15.1958824251,6.64670145924,6.78903296656,SG,3700
203526.0,Raul,Neto,11.1,14,NO@UTA,UTA,NO,,,13.9,14.5,18,2.42883104716,0.113036778795,1.96553094773,0.617011878477,0.332661952739,1.19666620413,0.931097929606,1.04403371367,1.52932815687,1.97585775318,0.629342169729,5.01564251912,0.417099454621,4.99815713072,18.0,3.40517844161e-05,1.63337002539e-10,11.5208331928,12.4340386205,5.60252754754,5.80998238517,PG,3700
201580.0,JaVale,McGee,14.2,2,DEN@DAL,DAL,DEN,,,7.8,8.0,18,0.0704176430278,0.402647625768,0.000958028312125,0.587808123692,0.507334186949,0.568508433451,0.0585130526852,0.371969244282,1.0758426204,0.980990996387,0.000937417174012,1.82696973397,0.347864511966,2.31078392191,5.0,1.72930581629e-09,3.70333687362e-20,4.25777364356,4.4980191079,3.25041902953,2.90426982547,C,3600
201582.0,Alexis,Ajinca,11.2,13,NO@UTA,NO,UTA,,,2.0,2.0,18,0.154456829912,0.202424625201,0.00529418340276,0.304407848607,0.406143042714,0.640634847618,0.0996099185467,0.255564859291,1.04677789033,0.736190349215,0.00164015655106,1.3695820956,0.264282547542,1.73830340252,4.0,4.16787531239e-10,1.18204142044e-23,3.57462634399,3.75556774706,2.73675206385,2.4284430919,C,3600
101109.0,Raymond,Felton,15.0,16,DEN@DAL,DAL,DEN,,,20.1,21.25,18,3.21949164321,0.178833269208,2.67966404093,1.77836991509,0.39382617443,1.74233986281,0.894356486469,1.65015441355,2.13616603724,3.72928380011,0.844883564783,9.23293428385,1.44022791639,9.74367908139,28.0,0.00110591113728,8.43769413396e-08,17.6325408887,18.9885272996,9.11094815625,9.2564957743,PG,3600
202087.0,Alonzo,Gee,10.2,16,NO@UTA,NO,UTA,,,16.4,17.0,18,1.04831737576,0.299516242095,1.23368012005,1.11607196834,1.0580852368,2.42330070683,1.28919324378,1.1803900962,3.48138594362,2.27129242277,0.278728387707,5.19230477863,0.828743910367,5.65005714362,26.0,0.000606590373164,7.64073638753e-10,13.3972252151,14.3017636421,5.84776824673,5.65148018565,SF,3600
101138.0,Brandon,Bass,12.7,13,LAL@POR,LAL,POR,,,13.6,13.75,18,1.00383136274,0.506441221866,0.163759901365,1.85843777015,1.75439407257,2.22014278303,0.343943778956,0.931443859815,3.9745368556,2.63744664137,0.0330241451894,5.30872797041,1.50088094816,6.80879837609,18.0,0.00226725446113,2.62017056635e-10,13.8533157888,14.5376775165,6.72425384187,6.32904127225,PF,3600
2571.0,Leandro,Barbosa,13.2,14,SAC@GS,GS,SAC,,,13.9,15.0,18,2.27550539628,0.188585972028,2.61740995375,1.24567868534,0.526482571469,0.841251913217,1.26562771699,1.07470080537,1.36773448469,3.96241921728,1.17890112758,8.44582524345,0.921801125462,10.0255406876,21.0,8.02299940076e-05,2.17778786999e-10,16.9138067363,18.1091147727,8.83812858771,9.06134027317,SG,3600
201574.0,Jason,Thompson,6.0,8,SAC@GS,GS,SAC,,,3.9,4.0,18,0.377687448352,0.182391437171,0.00210413607429,0.375910361527,0.47848566326,0.643468494603,0.128830254622,0.272280326732,1.12195415786,0.651688479826,0.0,1.4387438603,0.226409599581,1.52978655923,6.0,,,3.79282577805,,2.59988947605,,PF,3600
204060.0,Joe,Ingles,7.2,14,NO@UTA,UTA,NO,,,9.2,11.25,18,0.956880586227,0.0640459255256,1.43781081859,0.191156835453,0.101045711988,0.855252288528,0.403685443424,0.58174600926,0.956298000515,1.10688802813,0.597944286486,2.3852113846,0.157293567612,2.96901391037,11.0,6.23787880025e-09,2.31974653668e-16,5.90560911896,6.54326917622,3.82488379226,4.13310416416,SF,3500
2592.0,James,Jones,5.2,16,BKN@CLE,CLE,BKN,,,8.2,8.75,18,0.240101821761,0.102858226698,1.4663390233,0.350489204597,0.0745282749689,0.273711421565,0.0993548267051,0.117093713073,0.348239696534,0.691835219052,0.597474332796,1.79101716284,0.259594116867,2.24073888777,6.0,1.37984271066e-13,1.89675682369e-26,3.30611164998,3.68080765774,3.35180391493,3.84009275189,SF,3500
203461.0,Anthony,Bennett,3.6,7,TOR@WAS,TOR,WAS,,,0.0,0.0,18,0.0,0.0,0.0,0.0,0.0,0.0,0.0,0.0,0.0,0.0,0.0,0.0,0.0,0.0,0.0,,,0.0,,0.756369668843,,PF,3500
1626181.0,Norman,Powell,3.2,8,TOR@WAS,TOR,WAS,,,0.0,0.0,18,0.0,0.0,0.0,0.0,0.0,0.0,0.0,0.0,0.0,0.0,0.0,0.0,0.0,0.0,0.0,,,0.0,,0.760235738429,,SG,3500
2406.0,Caron,Butler,5.7,7,SAC@GS,SAC,GS,O,Knee,0.0,0.0,18,0.0,0.0,0.0,0.0,0.0,0.0,0.0,0.0,0.0,0.0,0.0,0.0,0.0,0.0,0.0,,,0.0,,0.59814332223,,SF,3500
201156.0,Nick,Young,13.5,14,LAL@POR,LAL,POR,,,9.2,10.25,18,0.52366037405,0.153434749778,3.41911694504,1.33557510248,0.157524428957,0.889005556242,0.44792857362,0.5684969868,1.0465299852,2.45896392817,1.34448660984,6.27999331821,1.23821117982,7.50062564601,15.0,6.25807840151e-08,2.03293803838e-17,10.1761818493,11.1850002408,7.27461706932,8.0373135407,SG,3500
2034.0,Mike,Miller,4.5,11,DEN@DAL,DEN,DAL,,,5.4,5.5,18,0.902690930052,0.0468524129641,2.03413415439,0.0945302894499,0.0724427019002,0.701754558694,0.414684951217,0.508834264951,0.774197260594,0.983515214273,0.829611432705,2.4031872672,0.0744378625292,2.87107972378,13.0,2.98729342282e-09,2.54948380369e-17,5.56839329498,6.27632601132,4.23838929286,4.86097453879,SF,3500
200751.0,Randy,Foye,8.9,16,DEN@DAL,DEN,DAL,,,9.7,10.75,18,3.53359043644,0.2906466077,7.35889727456,1.37187866048,0.493632953014,1.54858229919,1.00097700529,1.99934821441,2.04221525221,4.03763023869,1.93180214374,12.2933743136,1.09860141699,11.1056640381,37.0,0.00239965806411,1.30641421752e-07,19.440607007,21.5118928277,12.2259709309,13.6456171474,SG,3500
201962.0,Toney,Douglas,13.0,14,NO@UTA,NO,UTA,,,12.4,14.0,18,1.87841009575,0.125465404938,2.19149086316,1.15198401242,0.368491816995,0.567995026429,0.815878437748,0.967705105698,0.936486843423,2.1242725625,0.770972038416,5.18381975641,0.94867764168,5.96819480509,16.0,6.30763183524e-06,4.9344460601e-13,10.8245767405,11.7407491162,5.94263611044,6.23647220626,PG,3500
203501.0,Tim,Hardaway Jr.,4.6,3,ATL@SA,ATL,SA,,,6.1,6.75,18,0.798145683804,0.133149746651,2.43537114713,0.973217436147,0.128128575707,0.303250608811,0.123009893155,0.500875492408,0.431379184518,1.73531818899,0.792902996867,4.73304335377,0.803797423393,5.06733679825,12.0,2.20310882913e-09,9.13177466785e-20,6.79365413258,7.46211233975,5.52722319657,5.98218989276,SG,3500
1626257.0,Salah,Mejri,2.2,5,DEN@DAL,DAL,DEN,,,0.0,0.0,18,0.0,0.0,0.0,0.0,0.0,0.0,0.0,0.0,0.0,0.0,0.0,0.0,0.0,0.0,0.0,,,0.0,,0.871664190769,,C,3500
203098.0,John,Jenkins,8.3,5,DEN@DAL,DAL,DEN,,,-1.0,0.0,18,0.119853821404,0.00754900163977,0.301780034174,0.118846607234,0.033061062763,0.0682239784388,0.0428553581884,0.104072976275,0.101285041202,0.295131068956,0.0991505675102,0.676469850645,0.104597713357,0.794010418779,2.0,7.35075711405e-20,1.76598068179e-36,1.09206894371,1.19874496766,1.6952613714,1.67886678827,SG,3500
203200.0,Justin,Holiday,7.5,13,ATL@SA,ATL,SA,,,6.2,6.75,18,0.506283894771,0.174232104893,1.3182280465,0.313950048182,0.1290298727,0.421692251016,0.369552043107,0.385291323417,0.550722123716,0.985631573781,0.403621153455,2.58017831275,0.239291878674,2.61417617969,8.0,1.59583137297e-11,2.23730375888e-21,4.73674554289,5.15873788753,3.57188693219,3.7641092858,SG,3500
203925.0,Joe,Harris,1.7,5,BKN@CLE,CLE,BKN,,,0.0,0.0,18,0.0,0.0,0.0,0.0,0.0,0.0,0.0,0.0,0.0,0.0,0.0,0.0,0.0,0.0,0.0,,,0.0,,0.60401784843,,SG,3500
203118.0,Mike,Scott,8.1,16,ATL@SA,ATL,SA,,,20.9,22.0,18,1.20505652694,0.136033830511,1.91166177872,1.02182048832,0.583449942944,1.08807352497,0.223971403422,0.596657993147,1.67152346792,2.37383417588,0.644939267903,5.26028567072,0.843425821988,6.23603344165,14.0,2.73714359037e-06,1.54801246911e-12,10.1727988683,10.8771777779,6.02905528845,6.12477190788,SF,3500
203475.0,Erick,Green,0.9,3,DEN@DAL,DEN,DAL,,,0.0,0.0,18,0.0,0.0,0.0,0.0,0.0,0.0,0.0,0.0,0.0,0.0,0.0,0.0,0.0,0.0,0.0,,,0.0,,0.673447419146,,SG,3500
203082.0,Terrence,Ross,9.8,10,TOR@WAS,TOR,WAS,,,8.9,10.5,18,0.732707017216,0.345457260999,3.788968211,0.671026647853,0.205379676359,1.19530010255,0.648605632603,0.838964136885,1.40067977891,2.66803575973,1.29392466049,6.92491254319,0.61585411092,7.24585029087,20.0,7.89847192634e-07,6.57289079613e-15,11.1748882017,12.3113677741,7.70476988964,8.46343378492,SG,3500
1626148.0,Anthony,Brown,2.3,3,LAL@POR,LAL,POR,,,0.0,0.0,18,0.0,0.0,0.0,0.0,0.0,0.0,0.0,0.0,0.0,0.0,0.0,0.0,0.0,0.0,0.0,,,0.0,,0.787319822327,,SF,3500
203090.0,Maurice,Harkless,12.5,16,LAL@POR,POR,LAL,,,20.1,21.0,18,1.29251530757,0.494091589408,2.29927447776,1.77669435121,1.72986443555,2.52551478043,0.790197761602,1.32094909586,4.25537921599,2.8430477875,0.660009240158,6.47087901619,1.11595853893,7.46206335409,26.0,0.00439936452982,4.95786259313e-09,15.7549209808,16.9647681713,6.98519330371,7.06232350065,SF,3500
1626251.0,Duje,Dukan,0.0,0,SAC@GS,SAC,GS,,,0.0,0.0,18,0.0,0.0,0.0,0.0,0.0,0.0,0.0,0.0,0.0,0.0,0.0,0.0,0.0,0.0,0.0,,,0.0,,0.845620626624,,PF,3500
201971.0,DeJuan,Blair,4.6,6,TOR@WAS,WAS,TOR,,,0.0,0.0,18,0.0,0.0,0.0,0.0,0.0,0.0,0.0,0.0,0.0,0.0,0.0,0.0,0.0,0.0,0.0,,,0.0,,0.841716044253,,C,3500
201961.0,Wayne,Ellington,7.3,14,BKN@CLE,BKN,CLE,,,0.0,0.0,18,0.559867578168,0.0346401218019,1.44341340118,0.28441521893,0.140950295507,0.498031768437,0.374919782035,0.165897299796,0.638982063944,1.19111487616,0.445331903568,3.35919958758,0.2258000899,3.0533617458,10.0,9.0147482151e-11,3.59613254481e-20,5.31316409766,5.65072780267,4.03489850233,4.24339360989,SG,3500
201949.0,James,Johnson,8.1,12,TOR@WAS,TOR,WAS,,,8.7,8.75,18,0.365616576044,0.220969914459,0.196236728595,0.401834685798,0.221847396273,0.445384407074,0.190528983431,0.372985129829,0.667231803347,0.68505854181,0.0535898045867,1.20087363627,0.250298606413,1.67400549462,5.0,8.04564810153e-12,6.83081611288e-23,3.47312118865,3.71977024604,2.57990748491,2.28641290926,SF,3500
1626162.0,Kelly,Oubre,6.4,8,TOR@WAS,WAS,TOR,,,0.0,0.0,18,0.041691134985,0.00811113526914,0.166546868625,0.143287366233,0.0151481974987,0.172749361864,0.0228448354711,0.0497658180314,0.187897559363,0.152119620092,0.0396192326588,0.405340019706,0.0965418350589,0.440400307902,1.0,4.01630978704e-19,1.69480767844e-39,0.740560205064,0.794647608378,1.32653404236,1.29556422135,SF,3500
203481.0,Jeff,Withey,5.9,7,NO@UTA,UTA,NO,,,10.1,10.75,18,0.254003603387,0.524935452724,0.00793076247814,1.02968812579,0.639599473367,0.650137984857,0.194411270386,0.297412922915,1.28973745822,0.777462137929,0.0019614521853,1.5399920922,0.662353984774,2.21923971282,7.0,6.41004260968e-09,1.7443663326e-18,5.28921059107,5.50338466115,2.95684856287,2.6776660335,C,3500
1626146.0,Cliff,Alexander,4.8,4,LAL@POR,POR,LAL,,,-1.0,-0.5,18,0.0417127053254,0.0387223418136,0.0365528472558,0.054139327716,0.0569015312103,0.136457473008,0.0277361888761,0.0523556722942,0.193359004218,0.14418716408,0.010066984082,0.319303574182,0.0398868986884,0.33832821093,1.0,8.91423540283e-20,5.63367933511e-40,0.713489463065,0.754368741464,1.30177996258,1.20754312758,PF,3500
203080.0,Thomas,Robinson,9.9,15,BKN@CLE,BKN,CLE,,,3.2,3.25,18,0.175223657232,0.225283082965,0.00700452710749,0.644459518714,0.779602011043,1.02968562986,0.215629727207,0.455227953629,1.8092876409,0.864113647139,0.000171171832939,1.69606462194,0.327181164745,2.05557963086,6.0,9.95772052423e-08,1.30714094872e-20,4.9161579525,5.23432204664,3.0622017597,2.75500886428,PF,3500
2570.0,Kendrick,Perkins,9.5,3,NO@UTA,NO,UTA,O,Pectoral,0.0,0.0,18,0.0,0.0,0.0,0.0,0.0,0.0,0.0,0.0,0.0,0.0,0.0,0.0,0.0,0.0,0.0,,,0.0,,0.785342715413,,C,3500
201967.0,Dante,Cunningham,12.3,16,NO@UTA,NO,UTA,,,13.6,15.0,18,0.583319244123,0.338713369468,0.990651801394,0.530611666375,0.816590783343,2.53416673644,0.486841380894,0.517935750588,3.35075751978,1.88049062413,0.270648657191,4.10339886487,0.26714426729,4.29877417275,20.0,0.000229367814432,2.01162821087e-13,10.3278358128,10.8900099444,4.94696713759,4.75990911794,PF,3500
203187.0,Chris,Johnson,3.4,11,NO@UTA,UTA,NO,,,0.0,0.0,18,0.0,0.0,0.0,0.0,0.0,0.0,0.0,0.0,0.0,0.0,0.0,0.0,0.0,0.0,0.0,,,0.0,,0.668607456581,,SG,3500
2564.0,Boris,Diaw,13.2,16,ATL@SA,SA,ATL,,,16.9,18.0,18,2.44651582681,0.249632797501,0.9519500164,0.6689359289,0.660537547547,1.59644676391,0.359903349206,0.981073459413,2.25698431146,2.18857939077,0.336625811138,4.57967042181,0.498569818493,5.21235441117,17.0,5.66510690549e-05,4.58758930089e-09,11.8285081591,12.6002920004,5.52607642564,5.33817895518,PF,3500
201945.0,Gerald,Henderson,7.3,8,LAL@POR,POR,LAL,,,13.4,14.0,18,0.443140361814,0.0702030752849,0.666293401875,0.750231590467,0.0676469179441,0.561946479408,0.206340367045,0.455302528018,0.629593397352,1.16960658777,0.221681078787,3.00991840567,0.545961727213,3.10685598154,8.0,5.22288034616e-11,2.71695219617e-21,4.62486295773,4.99483443107,3.81971548226,3.75024585089,SG,3500
202379.0,Jeremy,Evans,5.0,12,DEN@DAL,DAL,DEN,,,3.2,3.25,18,0.137884817978,0.169806389337,0.076755977031,0.360683685635,0.319454269737,0.48228824204,0.118931288127,0.124144815969,0.801742511778,0.470861045763,0.0338505225418,0.824749642784,0.279278626076,1.25485124014,4.0,1.21177210945e-11,6.60579922717e-26,2.8771000202,2.99618481506,2.14910142014,1.92700936727,PF,3500
2743.0,Kris,Humphries,14.1,13,TOR@WAS,WAS,TOR,,,12.5,13.25,18,0.558429553235,0.408015063388,1.35556174787,0.875497600807,1.00212971173,2.10454529349,0.20085006756,0.583693124762,3.10667500522,1.89877809577,0.486359815481,4.46917749674,0.75495186146,5.03886786848,14.0,0.000208943418852,1.07406861045e-13,10.2385593417,10.9292329772,5.24180972362,5.27870275681,PF,3500
2400.0,Drew,Gooden,10.7,6,TOR@WAS,WAS,TOR,,,0.0,0.0,18,0.0,0.0,0.0,0.0,0.0,0.0,0.0,0.0,0.0,0.0,0.0,0.0,0.0,0.0,0.0,,,0.0,,0.827079292319,,PF,3500
203135.0,Robert,Sacre,3.4,1,LAL@POR,LAL,POR,,,0.0,0.0,18,0.0,0.0,0.0,0.0,0.0,0.0,0.0,0.0,0.0,0.0,0.0,0.0,0.0,0.0,0.0,,,0.0,,0.791501831316,,C,3500
2760.0,Anderson,Varejao,6.6,13,BKN@CLE,CLE,BKN,,,2.6,3.25,18,0.216581392559,0.0743474217916,0.0216329925442,0.274185736439,0.380436509768,0.56657057119,0.105982155288,0.223734617607,0.947007080958,0.599870779087,9.30669735137e-08,1.14595532911,0.184233060958,1.3839747122,4.0,6.17365120266e-11,3.17644123432e-24,2.98217983474,3.14139754422,2.41618167766,2.13184581461,C,3500
204028.0,Tarik,Black,9.3,8,LAL@POR,LAL,POR,,,0.0,0.0,18,0.0,0.0,0.0,0.0,0.0,0.0,0.0,0.0,0.0,0.0,0.0,0.0,0.0,0.0,0.0,,,0.0,,0.817652716967,,C,3500
203900.0,Markel,Brown,6.3,7,BKN@CLE,BKN,CLE,,,0.0,0.0,18,0.0,0.0,0.0,0.0,0.0,0.0,0.0,0.0,0.0,0.0,0.0,0.0,0.0,0.0,0.0,,,0.0,,0.677657990084,,SG,3500
202353.0,Tibor,Pleiss,1.6,4,NO@UTA,UTA,NO,,,0.0,0.0,18,0.0,0.0,0.0,0.0,0.0,0.0,0.0,0.0,0.0,0.0,0.0,0.0,0.0,0.0,0.0,,,0.0,,0.810870479905,,C,3500
203123.0,Kostas,Papanikolaou,3.6,12,DEN@DAL,DEN,DAL,,,2.0,2.0,18,0.156994291937,0.0304254648449,0.250980124906,0.0681008425088,0.0900530197447,0.155070432202,0.0721922836561,0.123764498934,0.245123451946,0.18957253312,0.0679896741101,0.484206948061,0.0501994582085,0.497334198558,2.0,1.65068995518e-17,3.54456655155e-32,1.10844477687,1.21657803599,1.47964829836,1.4716773575,SF,3500
203961.0,Eric,Moreland,2.5,3,SAC@GS,SAC,GS,,,9.2,9.25,18,0.421906434598,0.627332775596,0.378076215733,0.821097670722,0.412184074994,1.20434368686,0.256490409186,0.428366716814,1.61652776185,1.06766619129,0.104125602554,2.32832445425,0.518827521764,2.7582855069,9.0,1.51346365819e-07,2.27981983299e-16,6.67025812577,7.01733090056,3.49790255447,3.27849876612,PF,3500
101111.0,Charlie,Villanueva,11.5,14,DEN@DAL,DAL,DEN,,,3.9,4.0,18,0.257113837563,0.206540355728,2.02517277615,0.275497751059,0.280928726515,0.849337695775,0.104932670494,0.271871335615,1.13026642229,1.43980438072,0.634787659943,3.55727343893,0.170867222053,3.68526364343,7.0,2.41557222091e-08,7.43474653643e-21,5.77832882335,6.28817167848,4.65085617424,4.98604964553,PF,3500
202341.0,James,Anderson,4.6,10,SAC@GS,SAC,GS,,,2.4,2.5,18,0.356756024735,0.0662677320551,0.976484812447,0.332981859819,0.142102273237,0.25374219837,0.205677611623,0.350224991746,0.395844471607,0.665237547126,0.315379352146,1.78203551263,0.264437859707,1.9102923061,6.0,2.41593763169e-13,1.18314175059e-24,3.11410540475,3.46669980027,2.84795597116,3.02819663604,SG,3500
203099.0,Jared,Cunningham,6.8,14,BKN@CLE,CLE,BKN,,,0.0,0.0,18,0.0845629888632,0.00724712208358,0.108226186194,0.139125656014,0.0141387726558,0.0608827199493,0.0341238817551,0.0569587958684,0.075021492605,0.120670348696,0.0342051784212,0.317934498792,0.0938435855593,0.369389461372,1.0,1.03520303777e-22,1.15396693448e-40,0.612042947602,0.661376009377,1.21678068459,1.19323904125,SG,3500
203488.0,Mike,Muscala,8.9,12,ATL@SA,ATL,SA,,,14.3,15.5,18,1.14827987685,1.10697579319,1.6024616767,1.61978873992,1.39063395702,2.61415741129,0.609225334643,1.19617838178,4.00479136831,3.20288703552,0.604312439629,6.56088982224,1.35512470726,8.36521121792,23.0,0.0036982590822,2.47480195625e-09,17.129604549,18.2356369242,7.32567833791,7.22033310033,PF,3500
1626246.0,Boban,Marjanovic,4.1,8,ATL@SA,SA,ATL,,,3.4,3.5,18,0.431080852995,0.146105218155,0.197899484932,1.11718252012,0.829114775555,0.918047370856,0.162786452744,0.420055531562,1.74716214641,0.98241813202,0.0545033045088,2.14874633474,0.75379583995,2.7731354085,6.0,2.51941003455e-07,1.04052496013e-17,5.71407907392,6.03871697719,3.42335670295,3.1842788768,C,3500
202714.0,Shelvin,Mack,8.7,7,ATL@SA,ATL,SA,,,11.9,12.0,18,1.5712132904,0.0124665294431,1.07730512983,0.314812704167,0.0890273649884,0.36961870939,0.356404521354,0.489720504643,0.458646074378,1.1636211008,0.325857111866,2.89018876745,0.273349676692,2.92644899015,8.0,1.96869218852e-07,1.60357628708e-17,6.08166581196,6.51238721923,3.78927513643,3.82439338825,PG,3500
202711.0,Bojan,Bogdanovic,13.8,15,BKN@CLE,BKN,CLE,,,5.8,6.5,18,0.479712756541,0.0207296202648,1.76972891125,0.739797803822,0.286650065106,1.16606797845,0.331937897939,0.75608381489,1.45271804356,1.98267261339,0.524036975647,4.57902016814,0.544661566595,5.03404376901,14.0,4.63941789318e-07,5.49248539287e-17,7.44612577761,8.15882277097,5.32616789534,5.3977359906,SF,3500
203459.0,Allen,Crabbe,13.3,16,LAL@POR,POR,LAL,,,10.9,12.5,18,0.848561806068,0.169949950218,1.89304121505,0.601007499158,0.182632812842,1.04218108929,0.476406219548,0.561163061136,1.22481390214,2.17755032366,0.71533673675,4.78036620526,0.49754553607,5.56798292013,17.0,1.40301017222e-07,3.36399279671e-15,9.04215159019,9.7416423947,5.66713615466,5.84818938733,SG,3500
203492.0,Ray,McCallum,2.2,10,ATL@SA,SA,ATL,,,0.0,0.0,18,0.0,0.0,0.0,0.0,0.0,0.0,0.0,0.0,0.0,0.0,0.0,0.0,0.0,0.0,0.0,,,0.0,,0.780659142819,,PG,3500
202708.0,Norris,Cole,0.0,0,NO@UTA,NO,UTA,O,Ankle,0.0,0.0,18,0.0,0.0,0.0,0.0,0.0,0.0,0.0,0.0,0.0,0.0,0.0,0.0,0.0,0.0,0.0,,,0.0,,0.737434341042,,PG,3500
101187.0,Alan,Anderson,0.0,0,TOR@WAS,WAS,TOR,O,Ankle,0.0,0.0,18,0.0,0.0,0.0,0.0,0.0,0.0,0.0,0.0,0.0,0.0,0.0,0.0,0.0,0.0,0.0,,,0.0,,0.577654934554,,SG,3500
2446.0,Rasual,Butler,6.2,15,ATL@SA,SA,ATL,,,5.2,5.25,18,0.438183560342,0.295810483006,1.1981853411,0.290780395919,0.0768772321143,0.584577087448,0.235421133698,0.24039913078,0.661454319563,0.950830993751,0.367488023111,2.44112023592,0.221778324726,2.49092833534,8.0,5.30367683581e-11,2.57470995305e-21,4.76401296196,5.10102925496,3.43474042938,3.58836818339,SF,3500
203934.0,Lamar,Patterson,9.3,12,ATL@SA,ATL,SA,,,6.9,9.0,18,1.65154705676,0.129927873824,2.26067920268,1.38307498459,0.319337740527,1.9661220037,0.454188883734,0.889869001899,2.28545974422,1.20323591843,0.563599623814,3.58833186832,0.946384277143,3.91645573781,16.0,1.10558746792e-05,9.68904438313e-11,9.41469252924,10.2557164134,4.60775722559,4.99147461551,SG,3500
201575.0,Brandon,Rush,6.6,9,SAC@GS,GS,SAC,,,19.1,22.25,18,0.940375381501,0.534946904991,2.4436859167,0.883106739965,0.400700836972,1.22350392135,0.379955837291,0.916225546952,1.62420475832,1.56576304636,0.803139265634,4.62177373136,0.512068112865,4.44673347121,19.0,9.58824621301e-07,6.0814377988e-14,8.71992219106,9.66081627351,5.35726999349,5.87357872542,SG,3500
202335.0,Patrick,Patterson,12.2,16,TOR@WAS,TOR,WAS,,,21.3,22.75,18,1.06282575211,0.246121509721,3.25550734908,0.391692867724,0.920645231502,2.51433760553,0.643662420286,0.902919145425,3.43498283703,2.15302479991,1.11534531923,5.35860879654,0.301020758839,5.72241567788,20.0,0.000630441473387,1.23257069923e-10,12.3152824251,13.4971094618,6.56205424796,7.23766932396,PF,3500
202690.0,Jimmer,Fredette,1.1,4,NO@UTA,NO,UTA,,,0.0,0.0,18,0.0,0.0,0.0,0.0,0.0,0.0,0.0,0.0,0.0,0.0,0.0,0.0,0.0,0.0,0.0,,,0.0,,0.716480655305,,SG,3500
204025.0,Tim,Frazier,1.9,8,LAL@POR,POR,LAL,,,0.0,0.0,18,0.228546823305,0.00308688997548,0.0624275769461,0.0768018224392,0.0292738574108,0.0469684064774,0.0365168937551,0.0869688170221,0.0762422638881,0.0950392416686,0.0179625177821,0.242444025727,0.043868326184,0.251909327303,1.0,2.8585101053e-19,4.88111735024e-37,0.678459029365,0.734736809962,1.24724389748,1.195281635,PG,3500
203527.0,Ryan,Kelly,11.2,6,LAL@POR,LAL,POR,,,0.0,0.0,18,0.0,0.0,0.0,0.0,0.0,0.0,0.0,0.0,0.0,0.0,0.0,0.0,0.0,0.0,0.0,,,0.0,,0.777282627425,,SF,3500
202407.0,Elijah,Millsap,3.9,8,NO@UTA,UTA,NO,,,0.0,0.0,18,0.0,0.0,0.0,0.0,0.0,0.0,0.0,0.0,0.0,0.0,0.0,0.0,0.0,0.0,0.0,,,0.0,,0.785439249454,,SF,3500
202337.0,Luke,Babbitt,11.7,13,NO@UTA,NO,UTA,,,0.0,0.0,18,0.0,0.0,0.0,0.0,0.0,0.0,0.0,0.0,0.0,0.0,0.0,0.0,0.0,0.0,0.0,,,0.0,,0.618673104462,,SF,3500
202344.0,Trevor,Booker,12.5,13,NO@UTA,UTA,NO,,,43.5,46.75,18,1.87782400215,1.11074305461,1.33508621833,1.6633931599,3.89155190576,5.38480970563,1.45755875112,1.82919341197,9.2763616114,4.062508508,0.314005953207,10.5949644478,1.14232929982,9.58135226902,38.0,0.253934560414,7.89572123795e-06,26.8371324054,28.7534756964,10.5797830925,10.408878781,PF,3500
202388.0,Donald,Sloan,3.7,2,BKN@CLE,BKN,CLE,,,0.0,0.0,18,0.0,0.0,0.0,0.0,0.0,0.0,0.0,0.0,0.0,0.0,0.0,0.0,0.0,0.0,0.0,,,0.0,,0.742629874112,,PG,3500
203552.0,Seth,Curry,4.5,7,SAC@GS,SAC,GS,,,11.2,13.75,18,1.08552337202,0.0786130166783,1.34035760055,0.310769402769,0.148096280964,0.648134036217,0.281028326065,0.469208327541,0.79623031718,1.57539124958,0.705528618724,3.21944323822,0.228957916669,4.08526903454,9.0,2.33679361845e-08,3.02818463429e-16,6.91910483113,7.54628485517,4.45431274109,4.68514130982,SG,3500
1626242.0,Luis,Montero,1.6,2,LAL@POR,POR,LAL,,,0.0,0.0,18,0.0,0.0,0.0,0.0,0.0,0.0,0.0,0.0,0.0,0.0,0.0,0.0,0.0,0.0,0.0,,,0.0,,0.817576197931,,SF,3500
1897.0,Metta,World Peace,11.6,10,LAL@POR,LAL,POR,,,14.5,15.25,18,1.01260271358,0.451456746176,2.90900933758,1.1544847377,0.764241306944,1.5072824609,1.05154010103,0.730200758847,2.27152376784,2.45980791945,1.03658327703,6.31123631564,0.736177187456,6.69237630339,20.0,3.87002421291e-05,1.16186949245e-11,13.2129018307,14.2099280875,6.91353034834,7.42152015297,SF,3500
1626204.0,Larry,Nance Jr.,10.4,9,LAL@POR,LAL,POR,,,9.6,10.25,18,0.728210298279,0.0806999857547,0.338416987579,0.882242110911,0.895884663199,2.65908917888,0.491534000228,0.711284675866,3.55497384208,2.05043933006,0.107270871622,4.25601237579,0.642706741998,4.85085627373,18.0,0.000445740085734,2.72667047257e-12,10.6423236277,11.2300187037,5.43156829408,5.10601413388,PF,3500
203546.0,Ian,Clark,6.3,13,SAC@GS,GS,SAC,,,9.7,11.25,18,0.883455175819,0.14612943645,1.48898908582,0.564557677213,0.217823873393,0.467970987687,0.37748192827,0.613276811133,0.68579486108,1.26010948708,0.536161367974,3.18831540646,0.47979356256,3.5361739047,9.0,2.35725094779e-09,7.35555842979e-18,6.11825642003,6.72726525618,4.18678177362,4.43357105187,SG,3500
203943.0,Noah,Vonleh,7.1,16,LAL@POR,POR,LAL,,,12.5,13.25,18,0.468446618473,0.55604274239,0.960358715265,1.39492946098,1.44917783935,2.92076304871,0.311387523544,1.04314104486,4.36994088806,1.95138419021,0.256360322998,4.86799963802,1.00669548848,5.1658241919,20.0,0.00210532789698,1.18661333299e-12,11.8041426723,12.6755483925,5.53578447412,5.39592380964,PF,3500
203613.0,Jonathon,Simmons,6.9,4,ATL@SA,SA,ATL,,,6.5,6.5,18,0.623622133062,0.0786084634455,0.741133529207,0.821170314667,0.237991123198,0.809571736162,0.294760028787,0.53871474462,1.04756285936,0.996104322304,0.183873746496,2.38355580004,0.676852737183,2.85293512829,8.0,3.96294212606e-09,5.47813528586e-18,5.25346599896,5.66713839343,3.39446798421,3.28813854972,SG,3500
202066.0,Garrett,Temple,9.8,11,TOR@WAS,WAS,TOR,,,12.9,13.0,18,1.23754907901,0.162191653548,2.12733895892,1.53572796244,0.466898500401,1.20525837081,0.952813871366,0.715715259937,1.67215687121,1.62395896793,0.657994120182,4.50566091139,1.14704785268,5.05295990873,17.0,1.67399780765e-06,1.29447333501e-12,10.4301675626,11.2006326072,5.26463980883,5.6043050224,PG,3500
1626147.0,Justin,Anderson,5.1,12,DEN@DAL,DAL,DEN,,,0.2,0.75,18,0.400517865921,0.191490143543,1.44463199905,0.794891925287,0.189062900331,1.44021439543,0.25664889028,0.582561072795,1.62927729576,1.24282295537,0.374188302538,3.15725556847,0.510545904548,3.37038011782,9.0,3.98858782194e-07,8.23093647617e-18,6.24000666646,6.79984581721,4.05244815594,4.14144759143,SF,3500
2733.0,Shaun,Livingston,10.9,15,SAC@GS,GS,SAC,,,13.9,14.0,18,2.38101633306,0.161520679888,0.0844842416801,0.931719266237,0.484930995122,0.897171731164,0.478437079237,0.910623708528,1.38210272629,1.955858202,0.000299286774366,3.95463411286,0.784692296052,4.69670798683,17.0,1.9903906069e-05,3.95703657854e-11,10.2960475677,10.8206440576,5.31887878063,4.93039917923,PG,3500
1626153.0,Delon,Wright,1.0,4,TOR@WAS,TOR,WAS,,,0.0,0.0,18,0.0,0.0,0.0,0.0,0.0,0.0,0.0,0.0,0.0,0.0,0.0,0.0,0.0,0.0,0.0,,,0.0,,0.83942543237,,PG,3500
203998.0,Bruno,Caboclo,0.0,1,TOR@WAS,TOR,WAS,,,0.0,0.0,18,0.0,0.0,0.0,0.0,0.0,0.0,0.0,0.0,0.0,0.0,0.0,0.0,0.0,0.0,0.0,,,0.0,,0.77495954723,,SF,3500
,Martell,Webster,0.0,0,TOR@WAS,WAS,TOR,O,Hip,0.0,0.0,18,0.0,0.0,0.0,0.0,0.0,0.0,0.0,0.0,0.0,0.0,0.0,0.0,0.0,0.0,0.0,,,0.0,,0.77495954723,,SF,3500
204002.0,Walter,Tavares,1.3,3,ATL@SA,ATL,SA,,,0.0,0.0,18,0.0,0.0,0.0,0.0,0.0,0.0,0.0,0.0,0.0,0.0,0.0,0.0,0.0,0.0,0.0,,,0.0,,0.886898970594,,C,3500
203949.0,James Michael,McAdoo,4.3,12,SAC@GS,GS,SAC,,,0.0,0.0,18,0.0,0.0,0.0,0.0,0.0,0.0,0.0,0.0,0.0,0.0,0.0,0.0,0.0,0.0,0.0,,,0.0,,0.870455853446,,PF,3500
203112.0,Quincy,Acy,4.7,8,SAC@GS,SAC,GS,,,17.9,19.25,18,0.806576845011,0.289038030537,0.625424590474,1.0350292168,0.880879261488,1.32405346113,0.317799181143,0.650261096232,2.20493272262,1.51497327508,0.23106869465,3.15693649247,0.710452058747,3.97146730355,15.0,7.16826049326e-06,1.10837747166e-13,8.39066516534,8.9415874493,4.30419455886,4.1175354228,PF,3500
201578.0,Marreese,Speights,10.0,13,SAC@GS,GS,SAC,,,20.5,20.75,18,0.858158274861,0.547137104245,0.374775489835,2.57737915902,1.57776529007,2.72600072997,0.313862047266,1.34868223677,4.30376602004,3.7703947468,0.0427312132305,8.92883003451,1.97376273337,9.55728344019,17.0,0.00740482901245,2.06121832394e-10,16.3823561428,17.3043584129,9.88992015205,9.56482271326,PF,3500
203937.0,Kyle,Anderson,7.7,16,ATL@SA,SA,ATL,,,14.7,16.0,18,1.65914425677,0.602927824429,0.685116605023,1.37803436813,0.344063015254,2.37143304247,0.841264611116,0.75626661415,2.71549605772,1.95125422131,0.252239916167,5.08591694687,0.895750047121,5.05049840591,21.0,7.43940566118e-05,7.12889165797e-10,12.9299283173,13.5700679785,5.74778059554,5.61933035337,SF,3500
201162.0,Jared,Dudley,13.9,12,TOR@WAS,WAS,TOR,,,13.8,15.0,18,1.6787692783,0.386230051869,3.30087869656,1.68675918954,0.655313218854,3.0203647879,0.872264896429,1.20811046495,3.67567800675,3.06633710774,1.41531199371,6.56737146091,1.37791336933,8.92589957853,30.0,0.00232120970089,2.49957674204e-08,17.1637465357,18.6627235549,7.72531464692,8.34298714501,SF,3500
1626168.0,Trey,Lyles,4.6,12,NO@UTA,UTA,NO,,,9.8,10.5,18,0.685319929736,0.335714595707,1.06295902578,1.02783265738,1.4124332749,2.74419856129,0.421579316363,0.988697819831,4.15663183619,2.34555200679,0.245905965146,5.7987899496,0.655750159345,5.59276013807,18.0,0.00192586741448,6.58679025971e-12,12.1345882404,12.9626105258,6.31069854364,6.12739523897,PF,3500
1626192.0,Pat,Connaughton,1.3,4,LAL@POR,POR,LAL,,,0.0,0.0,18,0.0623122469362,0.0170253254887,0.0953450194899,0.112837522605,0.0574135808643,0.109191168445,0.0301576031441,0.0594892159477,0.166604749309,0.151706480099,0.0333044584157,0.354141974589,0.0873609885099,0.424078407123,1.0,9.3363440178e-20,2.14705272375e-38,0.752349118016,0.807076192663,1.33904350989,1.29116393267,SG,3500
203508.0,Sergey,Karasev,2.6,6,BKN@CLE,BKN,CLE,,,0.0,0.0,18,0.187924604142,0.00936626619717,0.303854098996,0.212012102836,0.0762165577062,0.136523051112,0.0984705808833,0.143963798551,0.212739608818,0.251891721006,0.0792304711517,0.671799547832,0.174747472699,0.757761385863,3.0,1.4557100174e-17,1.43621950632e-31,1.36664571827,1.48887983356,1.62448249095,1.61334688372,SF,3500
203512.0,Lucas,Nogueira,3.5,2,TOR@WAS,TOR,WAS,,,0.0,0.0,18,0.0,0.0,0.0,0.0,0.0,0.0,0.0,0.0,0.0,0.0,0.0,0.0,0.0,0.0,0.0,,,0.0,,0.837944180257,,C,3500
201600.0,Omer,Asik,8.0,9,NO@UTA,NO,UTA,,,1.4,2.0,18,0.150856133323,0.223248795287,1.93856173012e-05,0.954439582681,0.698318491809,1.58066275457,0.114215581588,0.46798819734,2.27898124638,0.508467195136,9.17794814492e-07,1.16641928231,0.544505401497,1.56144070956,8.0,1.53402360951e-07,1.08537540643e-20,4.72944296161,5.0773868116,2.388772192,2.19331719995,C,3500
200745.0,Andrea,Bargnani,8.8,15,BKN@CLE,BKN,CLE,,,5.2,6.25,18,0.476137058462,0.414674102366,0.786326138017,1.47568683919,0.746839490951,1.02497183159,0.0708947018995,0.857289816737,1.77181132254,3.18336229633,0.226556472719,7.39832844599,1.26559913862,7.85888020401,16.0,6.80668769889e-06,9.2275145338e-16,10.8131071705,11.4436310914,8.09075388092,7.82899591813,C,3500
201168.0,Tiago,Splitter,11.7,14,ATL@SA,ATL,SA,O,Hip,0.0,0.0,18,0.0,0.0,0.0,0.0,0.0,0.0,0.0,0.0,0.0,0.0,0.0,0.0,0.0,0.0,0.0,,,0.0,,0.827119822022,,C,3500
1626273.0,Marcelo,Huertas,9.7,8,LAL@POR,LAL,POR,,,0.0,0.0,18,0.0,0.0,0.0,0.0,0.0,0.0,0.0,0.0,0.0,0.0,0.0,0.0,0.0,0.0,0.0,,,0.0,,0.966956516481,,PG,3500
201619.0,Sasha,Kaun,1.7,4,BKN@CLE,CLE,BKN,,,0.0,0.0,18,0.0,0.0,0.0,0.0,0.0,0.0,0.0,0.0,0.0,0.0,0.0,0.0,0.0,0.0,0.0,,,0.0,,0.898056771046,,C,3500
2588.0,Matt,Bonner,1.4,4,ATL@SA,SA,ATL,,,0.0,0.0,18,0.0,0.0,0.0,0.0,0.0,0.0,0.0,0.0,0.0,0.0,0.0,0.0,0.0,0.0,0.0,,,0.0,,0.584408501232,,C,3500
2210.0,Richard,Jefferson,11.2,16,BKN@CLE,CLE,BKN,,,8.7,8.75,18,0.8005555046,0.211095652702,2.06821307691,1.31344539324,0.169098895585,0.790198923156,0.403623323943,0.722036464078,0.959297818742,1.99116862206,0.784634435032,4.46988050602,0.832431534836,5.59940321399,18.0,1.79042555941e-08,2.17522570767e-16,8.45879534259,9.26009570994,5.54354397849,5.84003998833,SF,3500
