NBA_ID,First Name,Last Name,FPPG,Played,Game,Team,Opp,Status,Injury Details,Actual_FD,Actual_DK,Actual_MIN,AST,BLK,FG3A,FTA,OREB,DREB,STL,TOV,REB,FGM,FG3M,FGA,FTM,PTS,MIN,DD,TD,FD,DK,FD_std,DK_std,fd_Pos,fd_Salary
203076,Anthony,Davis,45.4,6,NO@ATL,NO,ATL,GTD,Hip,0.0,0.0,1,0.0,0.0,0.0,0.0,0.0,0.0,0.0,0.0,0.0,0.0,0.0,0.0,0.0,0.0,0.0,,,0.0,,0.983840557563,,PF,10800
201939,Stephen,Curry,50.0,8,GS@MEM,GS,MEM,,,49.5,53.25,1,6.74058422858,0.323251914549,10.1178049067,5.99078193811,0.519059636758,3.45548661371,2.59101751678,3.28091589477,3.97454625047,9.75229560206,4.58831519333,19.200297575,5.43688796498,29.5297943624,35.0,0.152079878352,0.00117864815233,46.9577491738,51.3227477923,19.8102707782,21.8704106496,PG,10700
202326,DeMarcus,Cousins,39.0,4,DET@SAC,SAC,DET,,,43.3,47.75,1,3.39866701402,1.61062900714,2.40750655082,11.8127247604,3.42343308538,6.85614386385,1.25954862498,4.68629399832,10.2795769492,9.45850726257,0.999208158565,21.6491609648,8.79381606763,28.7100387513,38.0,0.558658928172,0.00150662517361,47.1975928773,51.396831071,21.7157355269,21.5644818694,C,10200
201933,Blake,Griffin,46.8,7,LAC@DAL,LAC,DAL,,,36.3,37.75,1,4.11669631357,0.491918220996,0.3641396836,6.79452815011,2.04943444335,5.34899317084,0.71676212925,1.95447676641,7.39842761419,9.67543593303,0.0520451235057,17.8523436519,5.25499523783,24.6579122274,34.0,0.22119195803,0.00207034787611,40.1739537689,41.8851350752,19.4207550444,18.8837284602,PF,10200
201935,James,Harden,45.5,7,BKN@HOU,HOU,BKN,,,40.8,44.75,1,6.09678037181,0.733081712903,9.20468449468,11.0630459462,0.881680152425,3.78009212106,1.69773378264,4.5026008723,4.66177227349,7.98295863257,2.57475324965,20.1666631634,9.47318650976,28.0138570246,38.0,0.105341722974,0.00180612551046,43.1121844292,47.0473810649,18.833542754,20.1997738293,SG,10100
203083,Andre,Drummond,49.2,7,DET@SAC,DET,SAC,,,33.4,38.25,1,0.537092919201,1.72539962911,0.010726280597,5.76663822958,6.41024017191,9.49699653157,1.56483436986,2.30351075585,15.9072367035,7.45934910531,0.000116205314601,13.7255427043,2.08805261887,17.0068670348,35.0,0.902081888325,1.7569638029e-05,41.1781476999,44.478498557,15.608110962,15.0861185907,C,9900
2546,Carmelo,Anthony,36.6,7,NY@CHA,NY,CHA,,,39.2,42.5,1,3.49090035,0.449065330939,4.9699229763,5.91681660729,1.36001379801,4.39654843477,1.01580815488,2.18044812971,5.75656223278,8.3468562244,1.72803453793,20.2724941746,5.06527845882,23.4870254455,35.0,0.0709616802932,0.000220504648046,36.3805494918,38.7297229717,18.5437885766,18.877695876,SF,9400
203081,Damian,Lillard,41.3,8,SA@POR,POR,SA,,,41.7,46.0,1,7.14376737631,0.237722602495,8.2490789419,5.1961825541,0.652493765978,2.168669985,1.14818494757,3.40436129065,2.82116375098,8.77409867612,3.45943976992,19.5011889913,4.36861182714,25.3762489493,37.0,0.184133686327,0.000128201614321,38.8447503244,42.6942941766,18.6159048706,20.0470538847,PG,9300
101108,Chris,Paul,32.6,6,LAC@DAL,LAC,DAL,,,26.7,29.75,1,9.26438464744,0.0726456498574,3.98774463007,5.07503510071,0.350520197262,2.42818011027,1.6069403148,2.75859416022,2.77870030753,6.08748898395,1.31865913022,13.6206087671,4.27373632375,17.7673734219,35.0,0.427403176763,0.000269148257868,35.5989685312,38.4184424017,13.1728933039,13.4279479284,PG,9100
202331,Paul,George,41.2,8,IND@BOS,IND,BOS,,,38.5,44.5,1,4.08578983621,0.275230895755,6.63344948701,6.41594353455,1.70790875808,4.34536832123,1.74981391725,3.87329829979,6.05327707931,7.66611791372,2.4361164806,18.5012664902,5.42512485124,23.1934771593,37.0,0.0961582136392,0.000812099915061,36.762885735,40.3669305994,17.1628146717,18.0730919701,SF,8900
200794,Paul,Millsap,38.3,9,NO@ATL,ATL,NO,,,45.2,48.5,1,3.6461797976,1.02846169325,3.32627329203,5.176769141,1.85055138416,5.43120218295,2.22412475411,2.11751403598,7.28175356711,5.74022136759,1.20242543584,12.1175397899,3.8027646058,16.4856327768,33.0,0.189533829078,0.000834349153651,35.0806656125,37.3915268178,12.1895086932,12.3188746548,PF,8300
202695,Kawhi,Leonard,38.1,7,SA@POR,SA,POR,,,33.9,35.25,1,1.93384392433,1.12986057923,3.61542660896,3.45919581392,1.12177636781,4.87456875819,2.17310669858,1.68518920232,5.996345126,8.417053981,1.25461448459,16.4545695567,2.98208483228,21.0708072789,35.0,0.0824148662879,1.04504009247e-05,36.0879326699,37.9813054202,15.8246238271,15.7573791796,SF,8300
202704,Reggie,Jackson,35.2,7,DET@SAC,DET,SAC,,,23.3,25.0,1,5.84979541579,0.223828668702,3.98691360076,4.76175384681,0.669523015007,2.19393690104,0.973262009403,3.56257988968,2.86345991605,7.57265151702,1.28207751801,17.4516326113,3.78479376474,20.2121743168,33.0,0.0731881193247,5.65519479618e-05,31.2546208063,33.9300743407,16.3842620658,16.4987396562,PG,8200
202328,Greg,Monroe,36.9,7,MIL@DEN,MIL,DEN,,,33.0,36.0,1,2.78715934863,0.834235741243,0.000345669929559,4.54489968877,3.03405510995,5.5550903641,1.35792576248,2.02807077195,8.58914547404,7.04202334093,2.15729101035e-07,13.1134078192,3.50669542004,17.5907423176,33.0,0.344452225477,0.000219842060843,34.4347081449,36.3955387769,14.9112031582,14.4122476389,C,8200
2730,Dwight,Howard,35.6,4,BKN@HOU,HOU,BKN,,,50.9,53.75,1,1.73582789174,2.12207451308,0.0344805089397,7.02373155768,4.72964530781,6.33037989047,0.792348640116,3.4245428489,11.0600251983,8.3010871203,0.0158148527664,13.5311921397,3.70017470875,20.3181638021,37.0,0.655433235585,5.87878020574e-05,38.5982393352,41.8547456627,15.5975906371,14.9488671722,C,8100
200746,LaMarcus,Aldridge,29.3,7,SA@POR,SA,POR,,,31.2,33.5,1,2.09869764034,0.899539026769,0.986891974086,4.79096899662,2.54467744075,5.59559012016,0.444798574187,2.15741193184,8.14026756091,8.08834451386,0.19341191196,17.4164259131,4.04267486899,20.4127758087,35.0,0.296319440278,2.04308080302e-05,33.8604066123,35.8873723651,18.0872899745,17.7074538017,PF,8100
200768,Kyle,Lowry,35.9,7,TOR@PHI,TOR,PHI,,,40.6,42.75,1,5.72228091186,0.36326009749,4.64378609832,4.81263993084,0.659858797043,2.51956101485,1.74613894397,2.50349138998,3.1794198119,5.09437579383,1.72446430059,12.2285124747,3.94711857607,15.8603344643,29.0,0.0617474179038,0.000102175733371,29.9743662993,32.3402427893,12.0604323575,12.7086908166,PG,8000
201599,DeAndre,Jordan,34.5,7,LAC@DAL,LAC,DAL,,,22.2,23.75,1,0.753959480023,2.52201193303,0.0140174677411,4.81423934591,2.90203373371,6.84900404356,0.430730036005,1.26109206703,9.75103777727,3.50133056774,0.00350405446679,4.86694496267,1.73847320152,8.74463839146,27.0,0.251178438278,7.45102375668e-05,26.2212148153,27.718055953,7.15680894105,6.44825861051,C,8000
203506,Victor,Oladipo,34.9,8,LAL@ORL,ORL,LAL,,,6.9,7.5,1,0.786774460219,0.121485754038,0.859063119487,0.557217078498,0.105143453363,0.901298848376,0.316214070402,0.409935761597,1.00644230174,1.19403505214,0.25302051337,2.98797038463,0.474123935934,3.11521455358,7.0,4.55452661281e-09,5.06576982651e-17,5.96857089328,6.35037115268,3.85207985484,3.80382778516,SG,7900
201572,Brook,Lopez,33.3,7,BKN@HOU,BKN,HOU,GTD,Foot,39.4,42.0,1,1.30177230001,2.181287835,0.222517869103,5.48836772488,3.12018606646,4.91048231925,0.349517790267,2.12981593173,8.03066838571,8.09874883342,0.00580161550392,15.8375815232,4.49493702223,20.6982363046,35.0,0.283547084909,2.70339764659e-05,35.2194921362,37.1142360584,17.3908538985,16.9152872602,C,7900
203110,Draymond,Green,32.2,8,GS@MEM,GS,MEM,,,21.2,23.5,1,4.62673918599,1.07536324108,3.20437308053,2.0205430281,1.33837523583,3.63989854401,1.24700675688,1.87533413951,4.97827377984,3.44945938581,1.24832954395,7.93403493254,1.34216968238,9.48941799795,28.0,0.0284654231286,0.000345112845241,25.1728611692,27.0273401731,8.46491702877,8.9211576789,PF,7800
202696,Nikola,Vucevic,33.2,5,LAL@ORL,ORL,LAL,O,Knee,28.0,28.75,1,1.60487356025,1.24156320152,0.0269586814588,2.00995151482,2.04520888872,3.62929120076,0.642483075747,1.53684021326,5.67450008949,6.20904832881,0.0089638474868,11.8614502136,1.60460779394,14.031668299,26.0,0.0544835962121,4.41958292539e-07,25.4796310881,26.6179848431,13.4412685293,12.9538715412,C,7800
201952,Jeff,Teague,33.1,9,NO@ATL,ATL,NO,,,34.0,36.5,1,6.89398823821,0.620679496371,2.90530530917,4.81135028712,0.417336764778,1.63706603155,1.54426443705,2.76225649626,2.05440279633,5.85179408301,0.95479347255,13.3506136531,4.12040534381,16.7787869824,30.0,0.149390735169,9.43750395103e-06,31.1526840659,33.3380436054,13.0678809307,13.0754429711,PG,7600
201942,DeMar,DeRozan,32.6,7,TOR@PHI,TOR,PHI,,,21.8,22.5,1,2.5989531038,0.219073651775,1.12934044478,6.83264970335,0.626210040216,1.92194647305,0.818465707372,1.77056472563,2.54815651326,5.09444100138,0.28264810195,11.9919238837,5.61486747723,16.0863975819,27.0,0.000652443643775,1.12890808674e-07,23.3471290462,24.5021222898,12.7261809713,12.4535136668,SG,7600
201143,Al,Horford,33.5,9,NO@ATL,ATL,NO,,,44.1,47.5,1,2.65684987324,1.46115345529,2.3717358223,1.68031758429,2.15888800934,4.16625562841,0.717398392683,1.55287476566,6.32514363775,6.9819302343,0.786504565635,13.3384257425,1.44496008762,16.1953251218,30.0,0.0997081274691,4.43543880657e-05,30.5750012273,32.2106433292,13.3398473481,13.0671022579,C,7500
203457,Nerlens,Noel,30.1,6,TOR@PHI,PHI,TOR,GTD,Wrist,0.0,0.0,1,0.0,0.0,0.0,0.0,0.0,0.0,0.0,0.0,0.0,0.0,0.0,0.0,0.0,0.0,0.0,,,0.0,,0.994841212526,,PF,7400
977,Kobe,Bryant,24.9,6,LAL@ORL,LAL,ORL,GTD,Back,0.0,0.0,1,0.0,0.0,0.0,0.0,0.0,0.0,0.0,0.0,0.0,0.0,0.0,0.0,0.0,0.0,0.0,,,0.0,,0.798131873107,,SG,7400
200752,Rudy,Gay,28.6,8,DET@SAC,SAC,DET,,,36.7,38.5,1,3.53001824154,0.41699649624,3.53897107741,4.36699933176,1.97076394269,4.15728358578,1.29355490392,2.64561110295,6.12804752847,8.54360953404,1.23936591967,19.5930240788,3.5143473678,21.8409323555,39.0,0.0953753788093,0.00032326259387,35.2651084494,37.6580321931,18.4970765832,18.5014802899,SF,7400
202738,Isaiah,Thomas,34.4,5,IND@BOS,BOS,IND,,,21.6,23.25,1,5.29630619584,0.0382357468927,5.68985040904,6.60094538744,0.490252645436,0.890394829256,1.31776462033,2.76867051139,1.38064747469,6.15020199969,1.75422138156,15.6241418686,5.77423817994,19.8288635609,30.0,0.042866871337,1.41976221408e-07,29.3734300473,31.7682091005,14.5587855349,15.242870228,PG,7300
2744,Al,Jefferson,29.4,6,NY@CHA,CHA,NY,,,13.0,13.25,1,1.25834054931,0.851767423033,0.0278131281717,1.47412643861,1.37941093742,2.99560397655,0.488496832529,0.665084819081,4.37501491398,5.6489580352,0.0102236641979,11.4073647257,0.934064322779,12.2422040574,23.0,0.0109803677781,9.93197998627e-09,21.3951764702,21.968052039,12.8610333943,12.4213420562,C,7300
202689,Kemba,Walker,30.8,6,NY@CHA,CHA,NY,,,17.9,18.5,1,4.31729601376,0.351785273282,3.24795078143,3.79295338997,0.438741332438,1.29638161177,1.16687101829,1.43904441811,1.7351229442,4.59893464784,1.02166478426,11.5711385902,3.21831527824,13.4378493582,27.0,0.0109825453174,1.61084919136e-07,23.5942090769,24.9277941265,11.1280142896,11.3308276715,PG,7200
201188,Marc,Gasol,25.1,8,GS@MEM,MEM,GS,,,40.9,42.75,1,4.29219756025,1.2447904422,0.273164287388,7.3470950389,1.71414042421,4.72070742936,0.562478758149,2.58066564592,6.43484785358,6.75024762513,0.107148672686,15.3078406988,5.9559016213,19.5635455442,40.0,0.127451882718,0.0014662294274,34.7575320637,36.618758128,16.6547967512,16.3181479574,C,7100
2216,Zach,Randolph,26.8,8,GS@MEM,MEM,GS,,,26.4,29.75,1,1.75168162036,0.0682306622455,0.162146386712,3.11292001898,2.43075973501,5.01961572779,0.797278193989,2.23827979076,7.45037546281,5.97449877381,0.0315884032904,12.1440139576,2.50724707655,14.4878330275,30.0,0.192406654364,2.96982373492e-06,25.5485439351,27.3446156963,13.5699796217,13.1451124056,PF,7100
203487,Michael,Carter-Williams,30.0,4,MIL@DEN,MIL,DEN,O,Ankle,0.0,0.0,1,0.0,0.0,0.0,0.0,0.0,0.0,0.0,0.0,0.0,0.0,0.0,0.0,0.0,0.0,0.0,,,0.0,,1.01379996712,,PG,7000
203507,Giannis,Antetokounmpo,32.7,6,MIL@DEN,MIL,DEN,,,28.9,30.75,1,2.06178058996,0.820171988341,1.34383370618,3.56202213353,1.01811554802,3.41902322227,0.906166453405,2.25178398136,4.43713877028,5.22693277921,0.44037773937,9.86827461725,2.92094635304,13.8151896508,29.0,0.0134327532188,7.99040741774e-07,23.4333199622,25.0214092881,10.7003317058,10.3179903093,SG,7000
202702,Kenneth,Faried,28.4,7,MIL@DEN,DEN,MIL,,,39.3,40.75,1,1.35077692178,1.14411368358,0.0501459634104,4.53119335474,4.04932543769,5.83272600939,0.835286907936,1.97006194843,9.88205144708,6.6396133796,0.00611589548059,11.4863605316,2.83445741389,16.1198000686,33.0,0.490532381993,1.00094529058e-06,31.9931664223,34.2111594925,13.3373267936,12.76982366,PF,6800
202691,Klay,Thompson,25.6,8,GS@MEM,GS,MEM,,,22.4,25.25,1,2.88977431131,0.940118570677,7.06437895146,2.19995514634,0.416113806067,3.03025901242,1.00753565743,2.13966369969,3.44637281849,7.72264791612,2.99226674503,16.7769648245,2.02409063301,20.4616532103,35.0,0.00370405442319,2.41801601411e-06,30.687606816,33.4314540149,16.1862058412,17.3803896722,SG,6800
1495,Tim,Duncan,27.0,7,SA@POR,SA,POR,,,27.2,28.0,1,2.21904401848,1.05887479701,0.0839217945963,2.94487945571,1.35865517554,4.04753521371,0.47443624529,1.54808554182,5.40619038924,3.50246393842,0.00759440555781,6.6577289868,2.27918383286,9.29170611525,21.0,0.0269021763882,2.90699381193e-06,20.6262371528,21.7147486316,8.32452057839,7.86939617723,C,6800
101114,Deron,Williams,26.0,5,LAC@DAL,DAL,LAC,,,26.0,27.0,1,6.10912732372,0.113557738098,3.57132109455,2.8624655058,0.278400144291,1.51778677926,1.15499352347,1.83579232022,1.79618692355,5.13154518042,1.21566442066,12.1962015328,2.59002725386,14.0687820354,32.0,0.0779516593661,1.51627586605e-06,26.0892075321,27.8216772866,11.7162604502,11.9809290667,PG,6700
201588,George,Hill,28.1,8,IND@BOS,IND,BOS,,,18.3,19.5,1,4.48127740809,0.354536235473,5.34328345389,3.76075447153,0.540047327012,2.59178667588,1.45062235502,1.97098310011,3.13183400289,5.59598860673,2.26612200288,12.2567634711,2.82133183023,16.2794310466,37.0,0.0165612029368,2.29542739589e-05,28.398882043,30.6989369619,12.5193956215,13.4296354334,PG,6700
201951,Ty,Lawson,24.4,7,BKN@HOU,HOU,BKN,,,23.3,24.0,1,7.13248950788,0.125778420138,3.12016804869,4.39561407025,0.856132296333,2.2393133208,1.34882682494,2.6202527692,3.09544561714,4.16086222753,0.995030087112,10.9316033019,3.10689665155,12.4236511937,38.0,0.143244178767,0.000197203732613,27.165877917,29.3437495054,10.605913607,10.8487592636,PG,6600
203468,C.J.,McCollum,30.3,8,SA@POR,POR,SA,,,21.2,23.75,1,2.8392199502,0.176062774664,5.74364654323,2.59791886429,0.70972917636,2.20538796224,0.99238176472,2.16168406529,2.9151171386,7.58283739053,2.29433079723,16.7860249704,2.07973649737,19.5397420757,36.0,0.00156856379608,6.31070435659e-07,27.4719175807,29.8480356078,15.7644540482,16.4782226629,SG,6500
201587,Nicolas,Batum,27.9,6,NY@CHA,CHA,NY,,,31.5,33.75,1,4.4600842725,0.650779433298,4.96117336703,2.93958406544,1.20540397144,3.90354203274,1.19494556113,2.78396574219,5.10894600417,4.67185396717,1.75343307972,11.1791330349,2.5166462869,13.613787301,36.0,0.0429823891685,0.000478611613309,27.3421331614,29.9321892911,11.2436210858,12.0405417831,SF,6500
203901,Elfrid,Payton,22.7,8,LAL@ORL,ORL,LAL,,,27.0,28.0,1,6.05879530367,0.295277865213,1.08685596465,1.87919750857,1.28614267419,2.13397843291,1.4186750368,2.37299428495,3.42012110709,3.38036394706,0.325418612706,9.03882744878,1.26855682869,8.35470333553,29.0,0.0410775327159,0.000112084480602,22.6019531386,24.1841181953,9.21493730648,9.06234891331,PG,6500
1717,Dirk,Nowitzki,29.9,6,LAC@DAL,DAL,LAC,,,43.7,49.25,1,2.09199651727,0.375194574101,4.3382538786,3.74955726639,0.781045524563,4.92260978633,0.590859975556,1.19489228253,5.70365531089,7.89248363132,2.01405568911,15.3379697788,3.3712415922,21.170264544,33.0,0.06393955791,4.28936568695e-06,31.8898625097,33.875441466,14.8979146001,15.2075510358,PF,6500
202699,Tobias,Harris,27.0,8,LAL@ORL,ORL,LAL,,,28.7,31.75,1,2.22704963266,0.544166112731,3.28768273659,3.96533862543,2.54873163713,4.66367827743,0.81259329906,2.26162524722,7.21240991456,6.75692552512,1.1589163015,14.8180518278,2.90286156376,17.5756289155,37.0,0.181861185692,2.02298077645e-05,30.0229888383,32.3667325764,14.3298932943,14.3726093023,SF,6500
201144,Mike,Conley,26.7,8,GS@MEM,MEM,GS,,,21.9,24.0,1,6.2912352963,0.0749348818711,4.25383265851,3.65981146441,0.607652250913,1.87754761212,1.2322560362,2.25455571565,2.48519986304,4.96802360245,1.32012450353,12.8440010603,3.24286843856,14.499040147,33.0,0.0918481877511,2.43285864839e-05,27.2779590476,29.3274044177,12.0415796442,12.4830387897,PG,6500
200765,Rajon,Rondo,31.5,8,DET@SAC,SAC,DET,,,50.7,57.25,1,12.4702989944,0.0571171823831,2.62778924528,2.34006588408,1.62328594105,5.85544996051,2.71471799746,5.0476822071,7.47873590155,7.35938206345,0.651482813394,17.5925643184,0.913844157523,16.2840910978,48.0,0.94933760601,0.162342605844,44.4600108239,49.5945643558,16.7695339776,16.6362323194,PG,6400
1626143,Jahlil,Okafor,30.4,7,TOR@PHI,PHI,TOR,,,39.9,42.25,1,1.36600257044,1.44581936347,0.193368069233,4.53752535217,2.22457518066,4.39650326273,0.581730748925,2.51294730633,6.62107844338,8.15052926635,0.0532553117221,16.4532770658,2.83342306414,19.1877369086,33.0,0.129843172436,6.22110811825e-07,30.7241878147,32.5331096709,17.9390970539,17.4957357442,C,6400
202700,Donatas,Motiejunas,22.7,71,BKN@HOU,HOU,BKN,O,Back,0.0,0.0,1,0.0,0.0,0.0,0.0,0.0,0.0,0.0,0.0,0.0,0.0,0.0,0.0,0.0,0.0,0.0,,,0.0,,0.75313246111,,PF,6400
201568,Danilo,Gallinari,27.1,7,MIL@DEN,DEN,MIL,,,33.9,37.75,1,1.98275313435,0.720220578924,5.70969972768,6.51074342064,1.43944517319,2.72908337464,0.89714076634,1.44732326945,4.16852854782,5.90861896761,2.000804941,14.7292214557,5.86079569744,19.6788385737,38.0,0.0103778928044,4.48044466404e-07,29.4426019536,31.3906606696,14.0447150714,14.8697583996,SF,6400
203903,Jordan,Clarkson,23.8,6,LAL@ORL,LAL,ORL,,,11.9,13.0,1,2.49705288421,0.281073123081,2.52138618263,2.0491182416,0.643710234483,1.25711813432,0.866076530646,1.62520400533,1.90082836881,4.86491951662,0.907595558276,10.5617792274,1.60063674319,12.2380713347,26.0,0.000231589174648,6.3741358167e-09,18.9337400057,20.2955286088,10.6057300257,10.6001460587,PG,6300
101145,Monta,Ellis,23.2,8,IND@BOS,IND,BOS,,,30.4,32.0,1,4.8886651725,0.265577878098,3.25693338668,3.00143987058,0.460859950958,2.07349779751,1.8922319281,2.67025335754,2.53435774847,5.77041548082,0.822213638825,14.5911023121,2.27707320606,14.6401178065,35.0,0.0248022550145,8.2855427133e-06,26.6597111183,28.5698907431,13.5983329026,13.6182972573,SG,6300
202685,Jonas,Valanciunas,28.4,7,TOR@PHI,TOR,PHI,,,28.9,31.0,1,0.39283676148,0.730494203528,0.0042730925222,3.33217754108,2.24711750932,4.6889940219,0.304236652992,1.19192830107,6.93611153121,4.353740392,6.12940331433e-05,7.32380841116,2.63688763974,11.3444297178,23.0,0.11776113891,7.2629330672e-10,21.1345521094,22.2539941941,9.19771116709,8.62969330034,C,6300
2207,Joe,Johnson,22.6,7,BKN@HOU,BKN,HOU,,,39.4,41.75,1,4.72743797195,0.158124407606,3.93465697748,3.10630459706,1.15115051375,3.09727202789,0.737069639263,1.3953116266,4.24842254164,4.91291662126,1.06580742391,13.3185071821,2.75226909039,13.6439097568,38.0,0.0292359301828,0.000229678001381,26.2282502319,27.7157738135,12.1782021252,12.4680823861,SG,6200
201163,Wilson,Chandler,24.6,78,MIL@DEN,DEN,MIL,O,Hip,0.0,0.0,1,0.0,0.0,0.0,0.0,0.0,0.0,0.0,0.0,0.0,0.0,0.0,0.0,0.0,0.0,0.0,,,0.0,,0.647602079227,,SF,6200
101127,Jarrett,Jack,26.2,6,BKN@HOU,BKN,HOU,,,24.2,25.5,1,5.26037285591,0.144955785132,2.25420043612,1.97907378307,0.395333224063,2.45442171512,0.60929369748,2.3840589109,2.84975493919,4.36899377313,0.65555251767,11.1066805211,1.69059961437,11.0841396783,28.0,0.0295511355512,2.18634171058e-05,21.5188449435,23.2255306983,10.7559802117,10.7242769969,PG,6200
201960,DeMarre,Carroll,21.8,6,TOR@PHI,TOR,PHI,GTD,Heel,0.0,0.0,1,0.0,0.0,0.0,0.0,0.0,0.0,0.0,0.0,0.0,0.0,0.0,0.0,0.0,0.0,0.0,,,0.0,,0.713348942571,,SF,6000
202694,Marcus,Morris,28.8,7,DET@SAC,DET,SAC,,,38.3,40.75,1,2.02309638556,0.274141068383,4.13199768082,3.60299830133,1.48984576962,3.06964389457,1.58701192862,1.82782754481,4.55948966419,5.58568159517,1.48597910673,12.9114699125,2.4935098135,15.1508521106,36.0,0.0164522333173,9.47477495706e-07,25.5513627351,27.4609217365,12.4654208031,12.8588920162,SF,5900
203944,Julius,Randle,27.5,6,LAL@ORL,LAL,ORL,,,29.6,30.0,1,2.63586121519,0.481514678638,0.504553685899,4.03327321167,0.873789675958,6.32358679637,0.780732027634,1.75786301573,7.19737647233,4.55460655893,0.10364693292,10.0280233297,2.29232857597,11.5051886267,28.0,0.138907961649,5.7832599234e-05,24.8624626131,26.3616218514,11.1736264412,10.828432204,PF,5900
201950,Jrue,Holiday,20.7,4,NO@ATL,NO,ATL,O,Rest,0.0,0.0,1,0.0,0.0,0.0,0.0,0.0,0.0,0.0,0.0,0.0,0.0,0.0,0.0,0.0,0.0,0.0,,,0.0,,0.956711334783,,PG,5900
201583,Ryan,Anderson,27.3,6,NO@ATL,NO,ATL,,,27.2,31.75,1,1.10433459914,0.622702275026,6.86131797879,2.66897920649,2.60049162655,4.39484453391,0.643008392334,1.52394244752,6.99533616046,7.10104676187,2.44679595526,16.1823034425,2.21603763796,18.8649271169,35.0,0.161715782828,4.47714623766e-08,29.9233112954,32.5010211134,15.4205867358,16.4879367082,PF,5800
203114,Khris,Middleton,24.3,7,MIL@DEN,MIL,DEN,,,23.2,25.75,1,3.1122486733,0.238940674302,5.08381155263,3.6493948569,0.539138296338,2.77686077353,1.46575560336,1.68816299926,3.31599906987,5.86368463805,2.18175472455,14.5670681254,3.1787565323,17.0878805329,42.0,0.00346248621939,3.06200851125e-06,27.4566819828,29.5626437136,13.6990474336,14.4776178885,SF,5800
1626144,Emmanuel,Mudiay,25.4,7,MIL@DEN,DEN,MIL,,,37.1,39.75,1,6.71499454103,0.830204303677,4.59540226169,4.60497674845,0.953278809215,3.96891676217,1.20454577933,3.97998414864,4.92219557139,5.70984765941,1.47573354849,15.3040999378,3.08776263867,15.983191506,35.0,0.156357625663,0.00376602061936,32.0518340205,35.271637148,14.0270551303,14.4942318258,PG,5800
203935,Marcus,Smart,25.6,3,IND@BOS,BOS,IND,O,Toe,13.2,13.75,1,2.27024255205,0.27395905532,3.30122185876,2.21491318693,0.553466612135,0.887009020878,1.22656452879,0.826671609034,1.44047563301,2.15916208444,0.972137505544,5.96596569617,1.54030159364,6.83076326806,21.0,4.0598783107e-05,1.4218863419e-10,14.1390734149,15.1105626525,6.80096115029,7.3915520562,PG,5800
202340,Avery,Bradley,20.9,5,IND@BOS,BOS,IND,GTD,Lowerleg,0.0,0.0,1,0.0,0.0,0.0,0.0,0.0,0.0,0.0,0.0,0.0,0.0,0.0,0.0,0.0,0.0,0.0,,,0.0,,0.685685329678,,SG,5800
202329,Al-Farouq,Aminu,25.9,8,SA@POR,POR,SA,,,22.6,23.75,1,1.86613009582,0.997297000535,3.66844136121,2.9721774822,1.66677019966,5.05318838926,0.944869315364,1.75053439107,6.71995858893,4.17252942448,1.18778983759,9.8361758311,2.04648232438,11.5793310109,33.0,0.101645847444,2.6818020073e-06,24.5762747021,26.5339115624,9.87808550428,10.2677181395,SF,5800
2772,Trevor,Ariza,23.9,7,BKN@HOU,HOU,BKN,,,20.4,21.0,1,1.95036448589,0.209791203408,5.62959933692,1.85214253999,0.660317236074,2.95046030064,1.65629680494,1.25971230105,3.61077753671,3.49629318929,1.89229280317,9.66410894812,1.55138706876,10.4362662505,32.0,0.00257876447558,1.21066507113e-07,20.1672097391,21.9276196779,10.384147756,11.5932741942,SF,5800
203496,Robert,Covington,10.4,1,TOR@PHI,PHI,TOR,O,Knee,0.0,0.0,1,0.0,0.0,0.0,0.0,0.0,0.0,0.0,0.0,0.0,0.0,0.0,0.0,0.0,0.0,0.0,,,0.0,,0.752592088016,,SF,5800
203093,Terrence,Jones,18.3,2,BKN@HOU,HOU,BKN,GTD,Eye,7.8,8.0,1,0.6830924228,0.885797251652,0.773949509577,1.69064153402,1.42143693758,1.55609979238,0.318706790108,0.614335178099,2.97753672995,2.64362913968,0.174080407955,5.5191799036,0.944219299657,6.40555798698,16.0,0.000266327969155,1.06575677726e-11,12.7979136025,13.3413977241,6.50828898308,6.17387102506,PF,5700
202323,Evan,Turner,17.3,5,IND@BOS,BOS,IND,,,32.1,33.25,1,5.04866177384,0.514429881619,2.09595793252,1.79499019046,0.575270740019,2.90740230069,1.43805682956,2.71656174034,3.48267304071,5.35500338228,0.622549670465,11.7494566597,1.35431181031,12.6868682453,33.0,0.0289975543187,8.48067488991e-05,25.627480237,27.5149203461,11.7468707646,11.5641121365,SF,5700
202718,Chandler,Parsons,8.9,4,LAC@DAL,DAL,LAC,,,0.0,0.0,1,0.0,0.0,0.0,0.0,0.0,0.0,0.0,0.0,0.0,0.0,0.0,0.0,0.0,0.0,0.0,,,0.0,,0.710119433253,,SF,5700
201152,Thaddeus,Young,26.1,7,BKN@HOU,BKN,HOU,,,23.3,24.5,1,1.34429874738,0.479758136935,0.723546818623,1.33530681119,1.73823907528,2.40191182701,0.842707214873,1.31575722416,4.14015090229,4.36253630365,0.201776758546,8.86115400404,0.754977333367,9.68182669922,22.0,0.00579108579179,9.25514737799e-09,17.9956293825,18.9700905754,9.79820485274,9.40661050309,PF,5700
203953,Jabari,Parker,8.5,3,MIL@DEN,MIL,DEN,GTD,Rest,0.0,0.0,1,0.0,0.0,0.0,0.0,0.0,0.0,0.0,0.0,0.0,0.0,0.0,0.0,0.0,0.0,0.0,,,0.0,,0.734834404585,,PF,5600
203095,Evan,Fournier,27.7,8,LAL@ORL,ORL,LAL,,,31.0,33.25,1,2.95952970647,0.0205809978422,6.38331809627,3.49587679894,0.481863249635,2.94843985066,1.23186375672,2.08972144202,3.4303031003,7.2473766222,2.42952213702,15.8968661707,2.5984821469,19.5227575283,42.0,0.00374705121395,2.77890225341e-06,28.4935838755,30.9303497335,15.2714531434,16.2035139881,SG,5500
201569,Eric,Gordon,26.4,6,NO@ATL,NO,ATL,,,36.1,39.25,1,3.05402272201,0.242190814701,6.53224751485,2.58853772047,0.48648122226,1.4205671655,0.867776010936,1.54676938926,1.90704838776,5.46994813826,2.72898892002,13.1082314087,2.10441087639,15.7732960729,32.0,0.00114559710707,3.51210107988e-08,23.3159524833,25.5509025583,13.3851970931,14.7366338321,SG,5500
203486,Mason,Plumlee,24.9,8,SA@POR,POR,SA,,,31.8,32.25,1,2.34712889705,1.02600205622,0.0224666007051,4.93669347335,2.72046099908,4.84815570083,1.25330955318,2.19378886678,7.56861669991,4.7033449166,0.00146126885251,7.94186567368,2.11323564895,11.521386751,30.0,0.169322887417,2.87714131615e-05,26.4892544885,28.2193810367,9.97482242124,9.41426374226,C,5500
201954,Darren,Collison,24.7,6,DET@SAC,SAC,DET,GTD,Hamstring,0.0,0.0,1,0.0,0.0,0.0,0.0,0.0,0.0,0.0,0.0,0.0,0.0,0.0,0.0,0.0,0.0,0.0,,,0.0,,0.801121203869,,PG,5500
204001,Kristaps,Porzingis,27.2,7,NY@CHA,NY,CHA,,,29.0,32.75,1,1.06532459649,1.41412306085,3.42231169795,3.86400466896,3.91388476807,6.81201450678,1.1645039965,2.21874489959,10.7258992749,5.52161045801,0.774597920811,13.6410212897,3.07555292825,14.8933717651,32.0,0.559385754007,1.73013274688e-06,32.3009470047,35.1729972001,12.7900335555,12.8253957544,PF,5400
2585,Zaza,Pachulia,24.7,6,LAC@DAL,DAL,LAC,,,28.5,31.5,1,2.41552732498,0.583545600805,0.0229029472556,4.79243098819,3.73478669394,5.74181452851,1.20688286996,2.0520963136,9.47660122245,3.63319624821,0.0,8.75223109199,4.1081211333,11.3745136297,31.0,,,27.8984867121,,10.1229686764,,C,5400
201579,Roy,Hibbert,23.3,6,LAL@ORL,LAL,ORL,,,29.7,31.0,1,1.57917985549,2.57818962662,0.0932089953067,4.12276972869,2.30489014772,3.72554241191,0.201481637969,1.66441637798,6.03043255963,3.58109843394,0.000790119436413,7.74476105492,3.56092172627,10.7239087136,29.0,0.0588330893336,2.09988224415e-05,24.2241237196,25.4465612267,9.26065834917,8.89767505924,C,5400
101106,Andrew,Bogut,25.2,2,GS@MEM,GS,MEM,,,9.9,11.75,1,1.58327223651,0.885075440174,0.000175569575211,0.493836814543,1.49807788862,1.9486413836,0.308883278328,1.11872084763,3.44671927222,1.95401818307,0.000115344254715,3.53330113039,0.248090322922,4.15624203332,15.0,0.000202802747902,1.32804845176e-09,11.9364101041,12.6684683718,5.07462947017,4.62630389761,C,5400
202083,Wesley,Matthews,15.1,5,LAC@DAL,DAL,LAC,,,37.7,40.0,1,2.11717068694,0.0766366555478,6.42126017275,2.9655954566,0.481032059287,1.82117847127,0.863947664186,1.19285750879,2.30221053055,4.86344948681,2.55089931222,11.5719912763,2.30802485679,14.5858231426,33.0,0.00018662029845,9.14906304236e-09,21.2125429404,23.1998118353,12.4776576213,13.852726655,SG,5300
203145,Kent,Bazemore,25.2,9,NO@ATL,ATL,NO,,,13.6,15.25,1,2.61519640118,0.659786588726,3.85300592378,2.32802066834,0.338773988479,3.0434542007,1.8874558075,1.82318980759,3.38222818918,4.47152395204,1.63258632118,9.66164388043,1.77801245554,12.3536466808,32.0,0.00228902377357,8.39486532647e-07,23.6064100944,25.5068456224,10.0704962588,10.6267324943,SG,5300
203484,Kentavious,Caldwell-Pope,24.1,7,DET@SAC,DET,SAC,,,15.2,17.75,1,1.55070432162,0.383584839735,5.38538355728,2.75139224355,0.548494332798,2.22927216773,1.47336318396,1.54960754161,2.77776650053,5.55903169089,1.60296446511,13.6042891642,2.29762795728,15.0186558042,40.0,0.000554475675043,4.91840735012e-09,22.842320593,24.5583266497,12.7923291551,13.4507332851,SG,5200
203096,Jared,Sullinger,27.1,5,IND@BOS,BOS,IND,,,25.2,29.75,1,2.90056312173,1.15128861727,3.74776149139,1.70292853009,3.72683312227,5.34459794687,1.26172042866,1.85343469,9.07143106913,6.83199593308,1.35154413306,14.1856951988,1.24872407812,16.2642600773,33.0,0.386506193293,0.000331947930887,34.4734054448,37.1102215435,13.6447149115,13.7881895832,PF,5200
101150,Louis,Williams,23.5,6,LAL@ORL,LAL,ORL,,,20.1,20.75,1,2.84928576024,0.214681604769,5.87479573197,6.6957887383,0.298423714992,1.68491692629,1.07422174131,1.41032248499,1.98334064129,4.36350133967,1.540740427,12.2005279686,5.90063996542,16.1683830718,29.0,0.000737533912203,3.04177047322e-08,23.9898046888,25.565609569,11.8737415795,12.7526714588,SG,5200
1626156,D'Angelo,Russell,17.8,6,LAL@ORL,LAL,ORL,,,26.7,29.5,1,3.19987242248,0.376206133346,4.38006595519,1.12760342662,0.881078697088,3.80936138216,1.19377064482,2.0137428792,4.69044007925,4.8757167949,1.32368945827,12.0050300862,0.785538282799,11.8606613309,31.0,0.0171937683336,2.80255702371e-05,23.4152087368,25.3443216387,11.3486530364,11.8165890297,PG,5100
2594,Kyle,Korver,19.9,7,NO@ATL,ATL,NO,,,18.5,19.25,1,2.77235241257,0.321224680378,4.89288945663,0.840724246509,0.0885366423098,2.5142004489,0.910908229827,1.0439623003,2.60273709121,4.18473059597,2.20693780276,8.12046940112,0.773623888305,11.350022883,33.0,0.000673241764519,1.57560688639e-07,20.0521395314,21.8087367728,9.85735061733,10.8970031546,SG,5100
201945,Gerald,Henderson,20.5,80,SA@POR,POR,SA,O,Hip,14.4,14.5,1,1.42701117632,0.157110873235,0.935038656225,1.54640249746,0.248656316312,0.450539314509,0.354699888282,0.765127406363,0.699195630821,3.18888070061,0.310147767991,6.92525239115,1.30025470656,7.98816387578,18.0,1.10209032653e-06,4.49930302803e-15,11.2262095139,11.7988085358,7.70867388148,7.44987450721,SG,5100
202397,Ishmael,Smith,25.2,6,NO@ATL,NO,ATL,,,38.0,42.25,1,10.0643487928,0.367452968997,2.79250008852,1.93052363138,0.698060689719,2.99873965138,1.7844798716,3.15863601026,3.6968003411,5.92226797069,0.873547367904,15.843589742,1.23393313392,13.9520164432,39.0,0.468343681949,0.00224425851381,34.6299297127,37.5401097173,14.6858753567,14.7200865328,PG,5100
203084,Harrison,Barnes,23.5,8,GS@MEM,GS,MEM,,,34.3,36.0,1,2.33950685137,0.267576187066,2.96358506365,2.94480407782,1.11790495729,3.13116894163,0.906111406912,1.1273492246,4.24907389892,5.05214475365,1.04197919787,10.2801838796,2.54548632039,13.6917550256,32.0,0.0101574278724,1.65132127106e-06,23.5199299447,24.8322889466,10.4578991362,10.5110515782,SF,5100
101107,Marvin,Williams,25.9,6,NY@CHA,CHA,NY,,,19.9,20.5,1,1.45542348434,0.895520362341,3.83641533672,1.10963442352,1.10213358014,4.0915145056,0.658148291873,0.890546102001,5.19364808574,3.34621446334,1.50109225674,7.45690539502,0.834122736143,9.02764391957,29.0,0.0199886648515,6.39000772915e-08,19.6599480554,21.145432828,8.42521905607,9.13988494022,PF,5000
101135,David,Lee,14.8,5,IND@BOS,BOS,IND,,,19.2,20.0,1,1.46372522393,0.399737563553,0.0181313615077,2.13612497615,1.55213071904,2.12991557483,0.404759459416,0.993084844328,3.68204629388,2.70439319011,1.05051791961e-07,5.53085582711,1.5730688018,6.98185528707,16.0,0.0014453374961,4.7864306907e-09,14.2118078772,14.8946206872,7.05428353616,6.66640804105,PF,5000
101161,Amir,Johnson,17.2,5,IND@BOS,BOS,IND,,,12.9,14.0,1,0.711104363648,0.457013720403,0.54267029754,1.21915220739,1.14750844956,1.88146652451,0.305079168437,0.917957095203,3.02897497407,2.08590675683,0.162596714049,3.70160956744,0.757004496122,5.09141472382,14.0,0.000166269703643,8.07345908065e-13,10.3990699207,11.0910449785,5.07137002909,4.66280771832,C,4900
203115,Will,Barton,23.6,7,MIL@DEN,DEN,MIL,,,8.9,9.5,1,1.1720936387,0.335068033613,1.6098146249,1.84997310307,0.420073174112,1.50634410053,0.777031539762,0.723742926601,1.92641727464,2.84652805175,0.461153718541,6.47928533004,1.59780950144,7.75201932347,17.0,1.35114683397e-05,6.36968748964e-12,13.3223167312,14.0111061848,7.03267818431,6.92725205997,SG,4900
204456,T.J.,McConnell,24.4,7,TOR@PHI,PHI,TOR,,,24.3,25.5,1,8.15732186102,0.659575819604,1.56588733901,0.421149439784,0.884938360105,4.12222282789,1.17142998794,2.25742257194,5.00716118799,2.73645403884,0.428927209537,6.4160600386,0.310279897184,6.2121151844,31.0,0.0897275228912,0.00239078176294,25.8612804447,27.5965770245,6.84237903118,6.75101315258,PG,4900
201941,Jordan,Hill,21.2,7,IND@BOS,IND,BOS,,,26.1,26.5,1,1.26415893528,0.368266001743,0.0573967653113,1.99293955467,2.74010394935,3.50954059032,0.640091588386,1.22925627095,6.24964453967,3.98235519414,0.0153811991641,9.28772785348,1.41307852312,9.39317011056,23.0,0.0564430640262,5.17755479819e-08,19.5764408704,20.5959065838,10.4559272843,10.1327141494,C,4800
203477,Isaiah,Canaan,18.6,7,TOR@PHI,PHI,TOR,,,17.5,21.0,1,2.30080818879,0.218399271442,7.19829531505,2.7907171942,0.422784950966,1.70953592427,0.85509986246,1.78281056619,2.13232087523,4.10129382572,2.77079978081,10.7471192214,2.36869083769,13.3420782699,29.0,0.000177060415335,8.99966939287e-09,19.716263305,22.0999501399,12.5830025115,14.3239351443,PG,4800
200755,J.J.,Redick,19.4,7,LAC@DAL,LAC,DAL,,,12.0,13.0,1,0.817106119675,0.092129160119,2.42191277161,1.26507738661,0.126131525851,0.235259940901,0.244450550437,0.596733979909,0.361391466752,2.57593803633,1.06438022204,5.12122267934,1.17981763967,7.39607393436,14.0,6.26965378156e-09,4.83241589334e-20,9.13182831518,9.9804549989,6.3863063912,6.74726609569,SG,4800
2225,Tony,Parker,17.2,7,SA@POR,SA,POR,,,21.7,21.75,1,4.49639865922,0.0166274218428,0.739972712684,2.34435358614,0.180695846583,1.14217511449,0.609145350426,2.17376985738,1.32287096107,5.83334551652,0.405919881268,11.2528561743,1.69971172514,13.7723226395,30.0,0.014371306058,1.96657397623e-08,21.1821414687,22.5596869042,12.3104479702,11.9198175404,PG,4800
204038,Langston,Galloway,22.7,7,NY@CHA,NY,CHA,,,4.0,4.0,1,1.62000091528,0.111893186891,2.32841597245,1.60185905024,0.575057269817,1.69698587028,0.59859480423,0.515519174278,2.2720431401,2.63197905256,1.17008192765,5.94405295893,1.18719017909,7.62123021186,19.0,5.27665280927e-05,3.95148755727e-10,13.6831401609,14.6396220198,6.76425789496,7.18282040158,SG,4800
203109,Jae,Crowder,25.7,5,IND@BOS,BOS,IND,,,20.0,22.75,1,1.67436818263,0.380232657642,3.22145997517,3.00103151759,0.970029315801,2.55535013997,2.15287690736,1.5127870976,3.52537945577,2.8506925161,0.906496500593,7.51975552924,2.37396946568,8.98185099848,26.0,0.00182004538632,1.69202109405e-07,19.2772906517,20.6659319993,7.82926238624,8.21724351537,SF,4700
1626161,Willie,Cauley-Stein,17.9,8,DET@SAC,SAC,DET,,,13.0,13.75,1,0.461438781135,0.66524068332,0.129158497379,1.43083421063,1.5919430004,2.50366099265,0.670194710139,0.708203416062,4.09560399305,1.69467555334,0.0355714160397,3.11253894489,0.880555707612,4.30547823033,16.0,0.000753188756909,4.05364685509e-12,11.8750285646,12.4528259634,4.6521292161,4.25181982663,C,4700
201155,Rodney,Stuckey,18.1,7,IND@BOS,IND,BOS,,,0.0,0.0,1,0.0,0.0,0.0,0.0,0.0,0.0,0.0,0.0,0.0,0.0,0.0,0.0,0.0,0.0,0.0,,,0.0,,0.774705712254,,SG,4700
203991,Clint,Capela,21.2,7,BKN@HOU,HOU,BKN,,,13.4,14.0,1,0.353403375271,0.979337198473,0.0745434341619,1.48669753477,1.13628319695,1.90911249696,0.288863980625,0.618646517108,3.04539569391,1.83780343896,0.0205299346416,3.25282048474,0.622986817721,4.31912363028,11.0,9.96888015728e-05,9.18429625891e-12,10.421459367,10.8934669108,4.86444793265,4.42366587439,C,4700
2738,Andre,Iguodala,22.9,8,GS@MEM,GS,MEM,,,20.2,22.75,1,3.27057671933,0.272733749643,2.80686679318,1.67131382804,0.93779909728,1.97963394739,1.38986686627,0.971295268457,2.91743304467,3.40786399348,1.09262434147,6.92622046117,1.00315870382,8.91151103226,27.0,0.00147971095918,9.26574452671e-07,19.6722017282,20.8522555316,7.76199001807,8.04185344905,SF,4700
202391,Jeremy,Lin,20.1,6,NY@CHA,CHA,NY,,,27.9,29.5,1,3.27743801947,0.409229076127,2.64868852546,3.59505207163,0.382910866285,1.05697948633,0.850383689726,1.78506687507,1.43989035261,3.46746482613,0.956240901553,7.99525218103,2.94486357331,10.8360341271,21.0,0.00139979161345,4.05142595019e-09,18.2142182361,19.6589663416,8.48820497306,8.69752713056,PG,4700
1938,Manu,Ginobili,21.8,7,SA@POR,SA,POR,,,24.5,25.25,1,4.06800026317,0.205147364788,3.7550964036,2.0926571218,0.600623614226,1.54055448469,1.27817848892,1.94212450738,2.14117809892,4.06837999524,1.43022479487,8.71652882138,1.57750947817,11.1444942635,22.0,0.00621125272095,5.05355345148e-07,20.840435577,22.6429875282,9.31571843006,9.82780821696,SG,4700
201577,Robin,Lopez,20.2,7,NY@CHA,NY,CHA,,,15.8,17.25,1,1.77448668939,1.54965938289,0.00732912036078,1.73995941754,3.11855417762,3.95109064312,0.348896940754,1.98073378938,7.06964482074,4.72636017072,7.5682779438e-08,9.28599081235,1.51994801711,10.9726684342,31.0,0.12131521868,2.74444385375e-06,23.9343511111,25.4601813461,10.8267799785,10.3831115977,C,4600
203939,Dwight,Powell,24.8,6,LAC@DAL,DAL,LAC,,,15.7,16.5,1,0.819067453041,0.432308789485,0.391955515944,2.10745304892,1.2874474465,2.77261608305,0.457917779177,0.661029547299,4.06006352955,2.74232198495,0.107364273484,5.47906269603,1.39613439423,6.98814263761,16.0,0.00278195722658,4.99188163582e-11,14.2082436427,14.7996166655,6.79847969719,6.41986072384,PF,4600
202334,Ed,Davis,17.4,8,SA@POR,POR,SA,,,27.7,28.5,1,0.931690032129,0.754264149467,6.90472970464e-06,2.20221713294,2.01481414037,3.45759410447,0.580061551949,0.634653560837,5.47240824484,2.38434898074,8.54871296765e-07,3.8392418245,1.04203281771,5.81073163405,18.0,0.0101451632838,6.8376722773e-10,15.809154418,16.4153197851,5.69854496907,5.15593207064,PF,4600
201167,Arron,Afflalo,19.3,78,NY@CHA,NY,CHA,O,Hamstring,20.7,21.0,1,1.44185163961,0.0646434397962,3.5949620522,1.95726847967,0.558169804332,0.856742789147,0.386841459894,1.12001339996,1.41491259348,4.51071450749,1.12619087501,10.4176180966,1.6459537197,11.7935736097,28.0,3.9094717513e-06,5.21692241351e-12,15.4372025807,16.6310562121,10.2181061654,10.5055296167,SG,4600
203471,Dennis,Schroder,20.6,9,NO@ATL,ATL,NO,,,19.4,22.0,1,4.02509549741,0.0249581814711,2.78026798374,1.59480489747,0.299139927128,1.0782405199,0.788920096377,2.0376822025,1.37738044703,4.28024425756,0.975794652035,9.84969822909,1.33090853755,10.8671917047,22.0,0.00562572954926,1.10370310993e-08,18.1477658405,19.7318119175,9.80891313323,9.94389840271,PG,4600
101139,C.J.,Miles,18.0,5,IND@BOS,IND,BOS,,,24.5,27.25,1,1.20485565724,0.289614479977,6.47242062375,2.71504328042,0.411199837281,1.10727596434,1.52512897968,1.79155916966,1.51847580162,4.64305818373,2.32679478196,11.4242898339,2.22050685995,13.8334180094,29.0,8.133314583e-06,2.22965730418e-11,19.3008002068,21.4359131728,12.2299957305,13.5687422429,SF,4600
203086,Meyers,Leonard,17.1,8,SA@POR,POR,SA,,,16.0,16.75,1,1.26334506381,0.464273109495,2.90470406952,0.966079081026,0.894849773366,2.5948990446,0.250734208862,0.933157473874,3.48974881797,3.19824345763,0.924417957057,6.83155627463,0.858363405594,8.17926827792,24.0,0.00140831971476,1.28177140015e-09,14.758841618,15.8642292578,7.45846076483,7.70114975346,C,4500
101133,Ian,Mahinmi,18.8,7,IND@BOS,IND,BOS,,,18.4,20.0,1,0.833606448267,1.50976404311,0.00139909468157,2.12681694027,1.89141895182,3.23971496236,0.755653729683,1.19285434097,5.13113391417,3.12533025013,1.10901733491e-05,5.56081296348,0.687080522072,6.93775211251,25.0,0.0110683111408,4.82896511854e-08,17.6835036865,18.5530957094,7.23985688417,6.73808160439,C,4500
201977,Marcus,Thornton,26.6,5,BKN@HOU,HOU,BKN,,,45.1,46.75,1,2.38766062398,0.235124680883,7.24860681653,1.22596826987,1.40438351029,1.93448856229,1.48085059162,1.14283332709,3.33887207258,6.82126692117,2.77608394755,15.4207176089,1.00498512299,17.4236029129,35.0,0.00239248605318,4.36398381151e-07,27.3008575539,29.4308498331,15.1473834774,16.4560308921,SG,4500
2749,Jameer,Nelson,17.6,6,MIL@DEN,DEN,MIL,GTD,Back,0.0,0.0,1,0.0,0.0,0.0,0.0,0.0,0.0,0.0,0.0,0.0,0.0,0.0,0.0,0.0,0.0,0.0,,,0.0,,0.894081724433,,PG,4500
203089,John,Henson,18.5,3,MIL@DEN,MIL,DEN,,,8.9,9.5,1,0.782581494266,1.49816428458,0.00115295492335,1.74912733203,1.64619368065,1.45656587647,0.370566166904,1.12737818373,3.10275955712,2.69458305416,0.000161515172584,5.0059195305,1.04502435241,6.43435197591,15.0,0.00035803637245,1.45158386341e-09,13.9416184051,14.6610632913,6.65216335517,6.19832105618,PF,4500
2037,Jamal,Crawford,14.9,7,LAC@DAL,LAC,DAL,,,11.5,12.5,1,2.42695716081,0.112225559579,4.87267775785,4.30037243385,0.325469486108,0.923929656933,0.820332097636,1.28296540611,1.24939914304,4.96249845954,1.41443812874,12.9610989981,3.91707203155,15.2565070794,29.0,0.000197989207913,1.66289792769e-10,20.9783717006,22.3898404094,12.1429208557,12.7158051674,SG,4400
2754,Tony,Allen,16.1,8,GS@MEM,MEM,GS,,,23.8,24.5,1,1.16434528159,0.452986875631,0.725411910281,1.48971070073,1.84044622181,2.23027269721,1.80699833056,1.03148462224,4.07071891901,3.11286251243,0.196961256062,6.78215248568,0.917573712701,7.34025999362,24.0,0.00317574776245,6.48608981936e-08,17.460126409,18.2826491103,7.67055000945,7.36180577523,SG,4400
201581,J.J.,Hickson,20.2,5,MIL@DEN,DEN,MIL,,,18.9,19.5,1,1.20705211745,1.23355832943,0.0285366826891,4.85700892126,2.41296662479,4.33767116326,0.632824893369,1.85958150714,6.75063778805,5.28731677808,0.0,9.59241129528,2.39952864161,12.9741621978,29.0,,,24.7586906581,,11.5036637221,,PF,4400
203124,Kyle,O'Quinn,18.3,7,NY@CHA,NY,CHA,,,16.7,17.0,1,0.90001277105,0.77080929277,0.395443769735,0.889694479942,1.12503122276,1.56081616741,0.384340609765,0.797799572372,2.68584739017,1.90289375435,0.0793382008836,3.83158943478,0.670359677265,4.55548538685,12.0,4.76170069529e-05,2.50846398213e-12,10.6410216443,11.213954326,5.06236891825,4.69825174745,C,4400
101141,Ersan,Ilyasova,14.5,7,DET@SAC,DET,SAC,,,12.9,14.5,1,0.739344526933,0.221592764624,2.44520767136,0.765822440252,1.05848360292,1.0584835997,0.448952108997,0.614609435939,2.11696720262,2.63510205488,0.92657559833,6.0345976704,0.527179692953,6.72395940104,17.0,2.21123576966e-05,1.53489133586e-13,11.0998171459,11.9762911917,6.71331019657,7.02767867956,PF,4400
203917,Nik,Stauskas,22.2,6,TOR@PHI,PHI,TOR,,,12.7,14.25,1,2.25318659413,0.268940451494,6.0911037537,1.82804683933,0.214044818738,2.16419579891,0.639343575365,1.40839519496,2.37824061765,3.52524832938,1.79644055152,9.9587761555,1.5537183485,10.4006555588,30.0,0.00019172668028,1.41854260741e-08,17.0424970499,18.7641145866,10.6222445929,11.8586891883,SG,4400
101181,Jose,Calderon,12.4,7,NY@CHA,NY,CHA,,,22.9,24.5,1,3.87389704517,0.00602718440998,3.62669613813,0.528061605515,0.396525534543,1.33980365806,0.811983096383,1.35483182,1.7363291926,3.11921468447,1.26340865123,7.8763362691,0.496286919125,7.99812493931,28.0,0.00275135364937,3.93537271934e-08,16.1737542798,17.5738181235,8.23138172253,8.84880472354,PG,4400
201585,Kosta,Koufos,21.8,8,DET@SAC,SAC,DET,,,8.6,9.25,1,0.500262552011,1.10101265976,6.81795048799e-05,0.852977392464,2.47305277884,2.99483724825,0.618447756758,0.959895056615,5.4678900271,3.4409800129,1.96467420604e-06,6.26193486599,0.459131614156,7.34109360464,23.0,0.0174565914032,4.67408079616e-09,17.1319812416,17.9115091547,7.84384153792,7.34838887481,C,4300
203105,Festus,Ezeli,22.5,8,GS@MEM,GS,MEM,,,10.0,10.75,1,0.643781318986,1.57072823556,0.00371219484482,3.06847859814,2.23820744865,3.23883060205,0.338936900508,1.16546554159,5.4770380507,2.90532621911,0.00102236902275,5.33067739772,1.7915715901,7.60324639734,20.0,0.0196218136966,1.19638198264e-07,17.7952287672,18.6817577045,7.14779958802,6.69280942577,C,4300
200826,Jose Juan,Barea,18.3,6,LAC@DAL,DAL,LAC,,,9.7,10.75,1,3.51108375287,0.00509654385653,2.14667282939,1.32784365107,0.359534053925,0.63836388999,0.229759834319,1.21907060524,0.997897943915,2.45603466105,0.689698811572,6.31654429161,1.03783710685,6.63960524053,16.0,0.000968772349076,1.05895371356e-10,12.3543505536,13.3600833181,6.65946084449,6.84219329537,PG,4300
2449,Luis,Scola,19.0,7,TOR@PHI,TOR,PHI,,,31.5,32.75,1,1.13262107144,0.254337383483,0.628899660452,1.5828012146,1.60958573643,3.14386956333,0.663882019488,1.03900737862,4.75345529976,3.49112063587,0.289068543222,7.51987643953,1.13086054501,8.40217035996,19.0,0.0108008404794,3.73711928721e-09,16.6026797542,17.520591752,8.47811341113,8.19751085493,PF,4300
201574,Jason,Thompson,7.3,4,GS@MEM,GS,MEM,,,2.0,2.0,1,0.0452138389165,0.0291561812322,0.000396067340433,0.0604069200865,0.074539089844,0.100418401184,0.0242500743551,0.0512520773324,0.174957491028,0.117493258521,0.0,0.234587690985,0.0374418414228,0.272428358465,1.0,,,0.605758539916,,1.19056748984,,PF,4300
201980,Danny,Green,17.1,7,SA@POR,SA,POR,,,18.8,20.5,1,2.31916904375,0.964440964825,5.42852312001,1.41501810606,0.775179845664,2.53887563162,1.12062188816,1.40497193004,3.31405547728,3.39227413491,1.86400299111,8.91206377292,1.0846518289,9.73320308982,31.0,0.00136411099486,1.96866294937e-07,19.9539770041,21.7562139956,9.97004638592,11.1514133648,SG,4200
203924,Jerami,Grant,20.2,7,TOR@PHI,PHI,TOR,,,31.5,33.5,1,1.66544436755,1.88803854656,2.84915364839,4.34822381404,1.36729686115,3.25197694763,0.843380890964,1.45997743783,4.61927380878,3.7134813359,0.656997591896,9.3939821494,2.88419600078,10.9681562645,32.0,0.0137161828565,5.3364234434e-07,23.0123128236,24.3223399041,9.34225472533,9.40202396201,PF,4200
201956,Omri,Casspi,20.2,8,DET@SAC,SAC,DET,,,23.7,25.75,1,1.65969104568,0.0850221673372,2.36093654693,3.02296754511,1.04538591387,4.00145582796,1.0047264841,1.89739406484,5.04684174183,4.36733931077,1.19519980151,8.58372509278,2.01598935719,11.9458677802,28.0,0.0247690343136,2.44675476135e-07,20.773717677,22.6095109827,9.26411565997,9.36983953921,SF,4200
2746,Josh,Smith,13.8,7,LAC@DAL,LAC,DAL,,,9.6,11.25,1,1.44699021986,0.915362235959,1.39073267331,1.53123597835,0.882144824133,1.60619011194,0.340369683414,1.26232449653,2.48833493607,2.02151397721,0.479982509294,5.10813873317,0.814036442202,5.33704690592,13.0,4.5791883054e-05,1.38041138868e-10,11.7426735012,12.7383124392,5.72724740855,5.75984235349,PF,4200
202349,Greivis,Vasquez,17.4,7,MIL@DEN,MIL,DEN,,,30.9,33.5,1,5.96381474672,0.0661136490298,5.48607332641,1.99019877673,0.402862640159,1.82918711192,0.813008053373,2.25502363008,2.23204975208,3.71157096552,1.48921944303,11.2605926829,1.7972145141,10.7095758882,33.0,0.0527610800142,5.97023594414e-06,21.8369774855,23.8998610404,10.6622170248,11.5980976011,PG,4200
2561,David,West,11.1,7,SA@POR,SA,POR,,,10.6,11.75,1,1.54828370907,0.237174023809,0.121926683865,0.735233877553,0.649317103302,1.5201512737,0.280218073517,1.0166627314,2.169468377,2.10432173105,0.0154419065097,4.12967136118,0.52440084573,4.74848621433,13.0,1.03586798126e-05,5.26472496478e-11,9.69239529359,10.3169365696,5.50254863034,5.09317165601,PF,4200
201600,Omer,Asik,3.2,1,NO@ATL,NO,ATL,,,10.6,12.5,1,0.58055889107,0.559541954931,7.46041581695e-05,2.47463198023,2.18806961528,3.18679021345,0.339678214612,1.10191818276,5.37485982873,1.85692083391,3.53206753459e-06,3.68990690045,1.49625921504,5.21010441492,21.0,0.00654291373799,7.92428172174e-12,13.2272967023,14.0568149218,5.32866359142,4.96621570888,C,4200
203473,Dewayne,Dedmon,19.0,7,LAL@ORL,ORL,LAL,,,15.6,16.0,1,0.156056043717,0.889908632058,0.0111525840746,1.13298260437,1.54627668342,2.2778127731,0.396346790461,0.588796316167,3.82408945652,1.37083225244,0.00236996191854,2.78254526188,0.786533870977,3.53056833777,13.0,0.000235660857718,9.03787460333e-12,10.33727428,10.8244153832,4.22236571692,3.8904823462,C,4100
203087,Jeremy,Lamb,19.7,5,NY@CHA,CHA,NY,,,21.8,23.5,1,1.34826980707,0.426043541831,4.11671116349,1.25405491345,0.467160910353,1.73352282819,0.793577789188,0.981565365502,2.20068373854,4.98914746242,1.62852494953,10.0232726307,0.922018719784,12.5288385942,24.0,7.82194202259e-05,1.25477973036e-10,18.6497410875,20.0649377615,10.4005145422,10.9071116775,SG,4100
2734,Devin,Harris,16.3,6,LAC@DAL,DAL,LAC,,,13.7,14.25,1,3.0252861559,0.322317186876,3.7265020897,3.19063325424,0.396997271129,1.52066392288,1.31225844282,1.25087523044,1.91766119401,3.10328543766,0.98157728068,8.1369670358,2.13245516844,9.32060332444,26.0,0.000649922604705,2.15854909175e-08,18.1780020201,19.391086284,8.37459192707,8.83019204683,SG,4100
201584,Courtney,Lee,18.2,8,GS@MEM,MEM,GS,,,19.7,21.0,1,1.73149128561,0.291313093984,3.44883075985,2.36931518904,0.632826114098,1.67628373184,1.42562090776,0.920874376116,2.30910984594,3.64265327066,0.902278773091,9.47661538564,2.12978658611,10.3173719005,32.0,0.000103280108996,1.56672866892e-09,18.1985342715,19.2257212632,9.15907111592,9.4494785507,SG,4100
1626170,Jerian,Grant,17.0,7,NY@CHA,NY,CHA,,,14.9,16.5,1,3.41568785228,0.0802564620217,1.32771627091,2.01844950368,0.390789331636,2.08476110451,0.646967564577,1.26173466867,2.47555043615,2.21513134239,0.208552690824,5.37253569015,1.58042343598,6.2192388116,19.0,0.000716285847509,1.6841687562e-07,14.5061444979,15.3661406335,5.95227197656,5.73166007737,PG,4100
203080,Thomas,Robinson,11.8,7,BKN@HOU,BKN,HOU,,,16.2,17.0,1,0.47616911808,0.476389400485,0.0190352614646,1.47965505758,1.66583304596,2.25487508074,0.495349559135,1.01067479131,3.92070812671,1.94065512717,0.000465170673962,3.74884799716,0.753279899336,4.63505532434,13.0,0.000712587931942,2.64547365966e-13,10.9869618814,11.6896361507,5.28060358082,4.88154974774,PF,4000
203527,Ryan,Kelly,14.0,4,LAL@ORL,LAL,ORL,,,0.0,0.0,1,0.0,0.0,0.0,0.0,0.0,0.0,0.0,0.0,0.0,0.0,0.0,0.0,0.0,0.0,0.0,,,0.0,,0.759942184803,,SF,4000
202682,Derrick,Williams,14.4,7,NY@CHA,NY,CHA,,,2.0,3.0,1,0.160747931671,0.0359921110211,0.441811295273,0.794096189469,0.1364337597,0.246863775563,0.13709254738,0.213551193413,0.383297535263,0.666450813533,0.128380691649,1.59396428489,0.586402301906,2.04768462062,4.0,8.91202293124e-14,2.95261297989e-28,2.88138168383,3.07151250313,2.67577061513,2.58346971933,PF,4000
203994,Jusuf,Nurkic,18.0,62,MIL@DEN,DEN,MIL,O,Knee,0.0,0.0,1,0.0,0.0,0.0,0.0,0.0,0.0,0.0,0.0,0.0,0.0,0.0,0.0,0.0,0.0,0.0,,,0.0,,0.959889227623,,C,4000
203092,Tyler,Zeller,6.7,5,IND@BOS,BOS,IND,,,0.0,0.0,1,0.0,0.0,0.0,0.0,0.0,0.0,0.0,0.0,0.0,0.0,0.0,0.0,0.0,0.0,0.0,,,0.0,,0.759286980701,,C,4000
201158,Marco,Belinelli,18.6,8,DET@SAC,SAC,DET,,,8.0,9.0,1,2.45620989564,0.0257687746854,4.71026402754,2.86888912909,0.332364838932,0.934448392074,0.587939595768,1.2993937659,1.26681323101,3.77451662527,1.76470587415,9.69308886066,2.41375891848,11.7274980432,28.0,0.000173910600289,1.61721050597e-10,16.8600117388,18.4556630868,10.0874337602,11.0051703622,SG,4000
203530,Joffrey,Lauvergne,21.9,3,MIL@DEN,DEN,MIL,O,Back,0.0,0.0,1,0.0,0.0,0.0,0.0,0.0,0.0,0.0,0.0,0.0,0.0,0.0,0.0,0.0,0.0,0.0,,,0.0,,0.887919704646,,PF,4000
1626169,Stanley,Johnson,13.7,7,DET@SAC,DET,SAC,,,20.0,20.75,1,1.46004276635,0.141529663023,2.9264437868,2.72189035371,1.58706711731,3.68920957391,0.808614703196,1.40090580927,5.27627669122,4.09860068524,0.640031785499,10.3918820293,1.79894134696,10.6361745029,27.0,0.0280899426137,9.15114670876e-08,19.6571536051,20.9835714255,9.93283356778,9.95663618997,SF,3900
203501,Tim,Hardaway Jr.,16.7,70,NO@ATL,ATL,NO,,,0.0,0.0,1,0.0,0.0,0.0,0.0,0.0,0.0,0.0,0.0,0.0,0.0,0.0,0.0,0.0,0.0,0.0,,,0.0,,0.561033765165,,SG,3900
203499,Shane,Larkin,12.0,7,BKN@HOU,BKN,HOU,,,26.6,29.0,1,3.2110961265,0.211746453534,1.32470020649,1.06810197391,0.278586230028,1.50846154175,1.15227427189,1.50296595487,1.78704777178,2.86034616927,0.467535700286,6.29744716118,0.792025636262,6.98025367508,23.0,0.000578176741616,1.06738625231e-08,15.166430687,16.2419012003,6.95872525123,6.82657116314,PG,3900
203469,Cody,Zeller,15.4,6,NY@CHA,CHA,NY,,,23.3,23.5,1,1.24518563646,0.610803018194,0.227894073069,3.98302007775,1.97029669706,2.70071145045,0.936120770362,0.890177537642,4.67100814751,2.85846598099,0.00902366676056,6.26569361727,2.7227756458,8.44873127455,25.0,0.009896264775,8.5374810317e-09,18.1253895457,18.8233849781,7.74817922628,7.39657097679,PF,3900
201988,Patrick,Mills,16.7,7,SA@POR,SA,POR,,,8.7,9.75,1,2.14067223416,0.0290022167154,3.49732632182,0.576151058185,0.34193991627,0.857834571939,0.75623087691,0.825142983756,1.19977448821,2.96313012496,1.41529950582,6.49429501201,0.447176476366,7.78873623211,18.0,3.23974124232e-05,1.8776411116e-11,13.1847971727,14.3650557381,7.66209377701,8.34628091728,PG,3900
201967,Dante,Cunningham,12.3,6,NO@ATL,NO,ATL,,,11.3,12.5,1,0.70475255364,0.334062833139,0.887883341164,0.678645172079,0.780941636126,2.1516826359,0.462975018606,0.381735610534,2.93262427203,1.937427039,0.211842389065,4.28410530382,0.411160710539,4.49785717759,22.0,9.57272232851e-05,4.29056849051e-13,10.2864752274,10.7300390317,5.10721012593,4.87176091035,PF,3900
2564,Boris,Diaw,14.9,7,SA@POR,SA,POR,,,17.0,17.75,1,2.80453781955,0.339928012022,1.22831832578,0.835275575662,0.592808664584,1.16556816909,0.34355747445,1.04555437628,1.75837683368,2.56594934945,0.421071251957,5.11046999028,0.564197036295,6.11716698716,18.0,0.000161725264802,2.51559808007e-09,12.7554425135,13.5769167648,6.04084395316,5.84752843803,PF,3900
204028,Tarik,Black,10.8,4,LAL@ORL,LAL,ORL,,,5.6,5.75,1,0.170077560199,0.131658538596,0.00879346900502,0.702130110568,0.645675941231,1.04169314357,0.0989314836027,0.293088309529,1.6873690848,0.743156515041,0.00217481946567,1.35644463119,0.378611290973,1.86709914052,6.0,3.6179758775e-08,1.87670263804e-22,4.31515011745,4.54715019045,2.75387669673,2.44112772999,C,3900
203932,Aaron,Gordon,17.5,8,LAL@ORL,ORL,LAL,,,10.5,11.75,1,0.786884826035,0.562393872868,1.1807755132,2.00490997189,1.44892263373,1.68172753188,0.41712432153,0.925895123748,3.13065016561,2.20376053876,0.33011889956,4.82041682278,1.39037465286,6.12801462995,16.0,0.000345545287476,4.43887749237e-12,12.0982633328,12.8833211707,5.74686689124,5.57989781178,PF,3900
202347,Quincy,Pondexter,12.6,75,NO@ATL,NO,ATL,O,Knee,0.0,0.0,1,0.0,0.0,0.0,0.0,0.0,0.0,0.0,0.0,0.0,0.0,0.0,0.0,0.0,0.0,0.0,,,0.0,,0.580124192446,,SF,3900
2549,Chris,Kaman,0.0,1,SA@POR,POR,SA,,,0.0,0.0,1,0.0,0.0,0.0,0.0,0.0,0.0,0.0,0.0,0.0,0.0,0.0,0.0,0.0,0.0,0.0,,,0.0,,0.826404979685,,C,3900
201147,Corey,Brewer,15.6,7,BKN@HOU,HOU,BKN,,,5.2,5.25,1,1.17018017279,0.151387355101,1.42240638714,1.43937230659,0.434085277187,0.996941772631,0.772938870032,0.687465996071,1.43102704982,2.00747618905,0.294360915674,5.43163364873,0.98678833133,5.2961016251,15.0,5.08694371218e-07,2.04864957316e-13,9.92979079826,10.4922563697,5.76114797962,5.68119482508,SF,3900
201145,Jeff,Green,13.3,8,GS@MEM,MEM,GS,,,0.4,1.5,1,1.02061992756,0.199973566719,1.8451306606,1.54266975953,0.334330482813,1.27700973679,0.303161924495,0.950051665616,1.6113402196,2.31123876136,0.536081484959,5.93861063645,1.20434693581,6.36290594349,17.0,1.98293188463e-06,2.61367604529e-13,9.88366341516,10.7072999758,6.31186141696,6.3838115022,SF,3900
200757,Thabo,Sefolosha,17.1,6,NO@ATL,ATL,NO,,,19.0,20.25,1,1.69638665594,0.526172234871,1.73156155761,1.61318247653,1.2049653304,2.17335286082,1.56549165023,1.10618980229,3.37831819122,2.76476931787,0.778679041332,5.62346189672,1.02869337969,7.33691105676,24.0,0.000919980135844,1.6181599896e-08,17.012610838,18.1253411882,6.57353253854,6.63958807306,SF,3900
203088,Kendall,Marshall,10.3,28,TOR@PHI,PHI,TOR,O,Knee,0.0,0.0,1,0.0,0.0,0.0,0.0,0.0,0.0,0.0,0.0,0.0,0.0,0.0,0.0,0.0,0.0,0.0,,,0.0,,0.899244200232,,PG,3900
201168,Tiago,Splitter,14.1,8,NO@ATL,ATL,NO,,,17.1,17.25,1,1.28463263339,0.466047268867,0.0613204206851,1.96904417959,1.48731432757,2.24350160538,0.679465669145,0.998813971106,3.73081593294,2.91811075625,5.00123873007e-06,5.45972311452,1.59831849336,7.43454500709,19.0,0.00182279663391,1.9293484012e-09,15.1306849816,15.8193694652,7.06063329153,6.59785981601,C,3900
203914,Gary,Harris,16.1,7,MIL@DEN,DEN,MIL,,,18.7,20.75,1,2.05168604206,0.28004279884,3.16905650198,1.26942432008,0.51674903767,1.96324916476,1.29739045548,1.56448767694,2.47999820243,3.15991963634,1.04092555217,7.8951595646,0.911379144812,8.27214396966,28.0,0.000140910857398,6.75649095893e-09,15.9160497074,17.3429676186,8.09263529199,8.49954193986,SG,3800
202711,Bojan,Bogdanovic,14.4,7,BKN@HOU,BKN,HOU,,,36.3,38.25,1,1.4599822508,0.075031881893,4.36821868604,2.12261815371,0.759827823693,1.99685007639,0.830165925792,1.9931398691,2.75667790008,5.7795426957,1.52519619672,12.2258204613,1.51020225695,14.5944838451,34.0,0.000508547130113,1.6493901284e-09,19.9097264476,21.8074912012,11.9630654754,12.3659913164,SF,3800
202687,Bismack,Biyombo,13.7,7,TOR@PHI,TOR,PHI,,,28.0,30.0,1,0.267651901209,1.60072730255,1.31388933227e-05,2.85261167056,3.07322178932,3.46350607904,0.28171776166,0.915222926176,6.53672786836,1.94502127096,3.62066094405e-06,4.31705582154,1.83495995356,5.72500611615,21.0,0.0226092568134,1.62097153133e-07,16.8202246122,17.6385886506,5.85843429189,5.55618273241,C,3800
202335,Patrick,Patterson,12.4,7,TOR@PHI,TOR,PHI,,,18.9,20.75,1,1.578564302,0.46831885609,4.04964812183,0.597386146812,1.08613585489,2.63935390668,0.92890699557,1.0524070289,3.72548976157,2.8394017039,1.30868505359,7.23783121999,0.49881789522,7.48630635661,26.0,0.00188203256397,1.20658353465e-08,16.0667851979,17.4364288123,8.0261497049,8.79670057925,PF,3800
201564,O.J.,Mayo,19.0,71,MIL@DEN,MIL,DEN,O,Hamstring,0.0,0.0,1,0.0,0.0,0.0,0.0,0.0,0.0,0.0,0.0,0.0,0.0,0.0,0.0,0.0,0.0,0.0,,,0.0,,0.744187689592,,SG,3800
201580,JaVale,McGee,9.1,23,LAC@DAL,DAL,LAC,O,Leg,0.0,0.0,1,0.0,0.0,0.0,0.0,0.0,0.0,0.0,0.0,0.0,0.0,0.0,0.0,0.0,0.0,0.0,,,0.0,,0.88414802411,,C,3700
201573,Jerryd,Bayless,20.0,7,MIL@DEN,MIL,DEN,,,31.4,34.5,1,3.51205769413,0.263571783079,3.20906356009,2.48717243697,0.325879989674,1.28403447263,1.06316481247,1.99949273943,1.60991446231,3.5940176143,1.39657297525,8.44176803526,2.06593881054,10.6505470144,28.0,0.00219292384526,1.69013669796e-08,18.504511362,20.2863293789,8.83589461972,9.33304516326,PG,3700
1626158,Richaun,Holmes,10.3,7,TOR@PHI,PHI,TOR,,,0.0,0.0,1,0.0,0.0,0.0,0.0,0.0,0.0,0.0,0.0,0.0,0.0,0.0,0.0,0.0,0.0,0.0,,,0.0,,0.826541042835,,PF,3700
203090,Maurice,Harkless,15.9,8,SA@POR,POR,SA,,,1.5,1.5,1,0.717650421008,0.335148160149,1.40372638687,1.0021690917,1.04683405648,1.38477106391,0.502160763332,0.784024773822,2.43160512039,1.78112675097,0.476031386861,4.0174881905,0.567750455917,4.60603534472,16.0,2.62545879692e-05,1.41551064757e-13,9.49103019384,10.2426779121,4.93051909898,4.96665478409,SF,3700
201148,Brandan,Wright,14.1,7,GS@MEM,MEM,GS,GTD,Knee,0.0,0.0,1,0.0,0.0,0.0,0.0,0.0,0.0,0.0,0.0,0.0,0.0,0.0,0.0,0.0,0.0,0.0,,,0.0,,0.863752431736,,C,3700
1718,Paul,Pierce,13.2,7,LAC@DAL,LAC,DAL,,,21.4,22.75,1,1.61468115373,0.136625084267,3.60892520851,2.27161435457,0.376281954132,2.62486480208,0.536847038634,0.935433876461,3.00114675621,2.57505419483,1.11961093264,6.40195173384,1.812651295,8.0823706173,22.0,0.000470608465717,3.60942878001e-09,14.5172788247,15.6955644906,7.41443227298,8.0388218872,SF,3700
203482,Kelly,Olynyk,18.8,4,IND@BOS,BOS,IND,,,5.5,6.5,1,1.14761154799,0.46571509933,2.08906789932,1.36854073735,0.95650233571,1.34591064226,0.835545287433,1.19040047014,2.30241297797,2.55029872897,0.602339135262,5.72141785297,0.992529404967,6.69546599817,15.0,4.22652434406e-05,1.71997080174e-11,12.5918991971,13.6034530466,6.38442664791,6.43503643893,C,3700
202709,Cory,Joseph,14.5,7,TOR@PHI,TOR,PHI,,,24.9,25.0,1,3.96479043454,0.320869078709,0.985218021371,2.91268450674,0.651840804389,1.92418278102,1.071391428,1.41933520786,2.57602358541,4.29086741018,0.310845368738,8.11218454382,2.33456578907,11.2271459782,31.0,0.00566799542875,1.89702859411e-06,21.630745738,22.6331448898,9.16032436333,8.75791703437,PG,3700
203459,Allen,Crabbe,12.7,8,SA@POR,POR,SA,,,9.7,10.25,1,1.08826933923,0.249454054806,2.36686909488,0.858550004801,0.219330857318,0.903589933682,0.678901016669,0.630028147966,1.122920791,2.3002064169,0.696271356338,5.60086824523,0.677960834963,5.9746450251,20.0,1.28091959954e-07,1.78068062142e-14,10.1812359781,10.900531962,6.16536721103,6.3918933091,SG,3700
101138,Brandon,Bass,10.2,5,LAL@ORL,LAL,ORL,,,13.0,13.25,1,0.666188551259,0.141254120908,0.123674460109,1.32235065384,1.16339118516,1.40916157134,0.215528340161,0.638946476882,2.5725527565,2.04619103921,0.0348529442347,4.1772445283,1.09245541253,5.21969043518,13.0,4.9646608253e-05,1.28755565274e-13,9.38065501513,9.84625683343,5.54185708477,5.17986351291,PF,3700
2440,Matt,Barnes,16.3,8,GS@MEM,MEM,GS,,,9.6,10.75,1,1.23890862394,0.823095253896,4.69773771458,1.42129258331,0.699159280749,2.13238417794,1.13039415068,0.950486445626,2.83154345869,2.70340600706,1.330855181,8.05901858062,1.23957012889,7.977237324,26.0,0.00029783491013,3.33639350075e-10,16.1899447739,17.4726395135,8.54527748086,9.46860436214,SF,3700
101112,Channing,Frye,11.4,3,LAL@ORL,ORL,LAL,,,24.0,25.25,1,0.647824525942,0.319869555142,3.28545701139,0.380455465438,0.610692467602,1.03753616817,0.363485227013,0.694440695606,1.64822863577,2.15014088214,1.33793123506,4.7299048444,0.279820518093,5.91803351743,16.0,2.19620858375e-06,4.40048809728e-15,9.53991353798,10.6385142294,6.58662556744,7.37248610699,PF,3700
2571,Leandro,Barbosa,12.0,8,GS@MEM,GS,MEM,,,9.0,9.5,1,1.62422301181,0.122603065288,1.60141235682,0.932942370034,0.426936118401,0.426936118401,0.667406803116,0.68444684813,0.853872236801,2.57656820727,0.636545341938,5.480621659,0.641235833783,6.43091759026,14.0,2.18831633765e-06,6.28862976545e-14,10.7874716808,11.4906646702,6.27674579758,6.28906412372,SG,3700
201156,Nick,Young,14.4,6,LAL@ORL,LAL,ORL,,,12.4,14.5,1,0.78932132588,0.305487353107,5.28774073598,2.34251645486,0.186988737303,0.946835542297,0.638539920115,0.815270094271,1.1338242796,3.8193277688,2.17029749311,9.46402898191,2.1486656677,11.9576186984,21.0,2.61773184192e-07,3.63334957261e-15,15.5749742749,17.1244496753,10.4518690858,11.647179919,SG,3600
203098,John,Jenkins,10.9,3,LAC@DAL,DAL,LAC,,,0.0,0.0,1,0.0,0.0,0.0,0.0,0.0,0.0,0.0,0.0,0.0,0.0,0.0,0.0,0.0,0.0,0.0,,,0.0,,0.582810322533,,SG,3600
203138,Hollis,Thompson,15.7,7,TOR@PHI,PHI,TOR,,,24.3,27.5,1,1.56616901429,0.226717740363,4.37455452663,1.4519998664,0.828195571537,2.20778795504,0.497810168966,1.24241322652,3.03598352658,3.1165909439,1.80562012092,7.69376708054,1.08295049362,9.12175250233,27.0,0.000622452641153,3.68280350674e-09,15.3208288478,16.9975783879,8.81882489025,9.82978341654,SF,3600
201949,James,Johnson,5.0,4,TOR@PHI,TOR,PHI,,,20.5,21.75,1,2.4148886502,1.43854448762,1.14028079043,2.79957793888,1.22086183906,2.34229544876,1.09732949211,1.90962434992,3.56315728782,4.03373589581,0.291128176837,7.24245997899,1.77138998295,10.1299899514,30.0,0.00244716260529,4.97270323777e-07,21.1902352816,22.4724416451,8.28659391664,7.82354392104,SF,3600
201975,Jodie,Meeks,1.7,2,DET@SAC,DET,SAC,O,Foot,0.0,0.0,1,0.0,0.0,0.0,0.0,0.0,0.0,0.0,0.0,0.0,0.0,0.0,0.0,0.0,0.0,0.0,,,0.0,,0.592046369819,,SG,3600
101109,Raymond,Felton,13.9,6,LAC@DAL,DAL,LAC,,,16.6,18.25,1,3.8079869208,0.222966625416,2.9274427178,1.52602816471,0.436176614047,1.26104128331,0.840188386443,1.935536904,1.69721789736,4.08962878221,0.896967670997,10.0424494377,1.31815869364,10.3943839291,30.0,0.00370541720253,4.37478300897e-08,18.3337989068,19.8404703462,9.75815766196,9.91424694416,PG,3600
202332,Cole,Aldrich,0.5,2,LAC@DAL,LAC,DAL,,,0.0,0.0,1,0.0,0.0,0.0,0.0,0.0,0.0,0.0,0.0,0.0,0.0,0.0,0.0,0.0,0.0,0.0,,,0.0,,0.945372680048,,C,3600
202730,Lavoy,Allen,11.9,7,IND@BOS,IND,BOS,,,10.8,11.0,1,1.18179890474,0.577763958475,0.0140503536344,0.85115784868,1.83941127856,2.59771108698,0.196877641239,0.736884029011,4.43712236554,1.83562297057,0.00217145916769,4.54316889552,0.507932075131,4.18134947543,18.0,0.00112704756565,5.67269654847e-10,12.0909938416,12.684068277,5.6115908642,5.34137536973,PF,3600
201228,C.J.,Watson,13.3,8,LAL@ORL,ORL,LAL,,,0.0,0.0,1,0.0,0.0,0.0,0.0,0.0,0.0,0.0,0.0,0.0,0.0,0.0,0.0,0.0,0.0,0.0,,,0.0,,0.825825484982,,PG,3600
202325,Wesley,Johnson,7.4,7,LAC@DAL,LAC,DAL,,,9.7,10.75,1,0.561299536402,0.277174217917,1.58222704145,0.663837296845,0.351496425376,0.816125010585,0.327664289539,0.323012175798,1.16762143596,1.78020892832,0.545674626745,3.73838759082,0.480635431866,4.58672791526,13.0,5.37454923598e-08,2.77872831988e-17,7.71648778213,8.20921233582,4.82953622411,4.90928808088,SF,3600
202337,Luke,Babbitt,15.0,4,NO@ATL,NO,ATL,,,12.6,14.25,1,1.15844731579,0.319630043197,4.72362492151,0.753303508195,0.298756603481,2.88460531958,0.405344211704,0.8589207478,3.18336192306,3.05450696117,1.77999572953,7.34435972587,0.547685704643,8.4366953565,30.0,0.0007732750215,3.25080323551e-10,14.5854283999,16.0652146482,8.86806022581,9.94838299055,SF,3600
1897,Metta,World Peace,15.2,2,LAL@ORL,LAL,ORL,,,15.9,17.0,1,1.23551067018,0.837695397417,3.92712136819,0.947281632903,0.866582605648,1.6938275101,1.49159269472,1.07916735778,2.56041011575,3.92085572337,1.64767193216,8.76942708317,0.630676349,10.1200597279,27.0,0.000201619564607,9.30725363756e-10,18.6252266986,20.1169692814,9.31706082354,10.0041208795,SF,3600
1626178,Rondae,Hollis-Jefferson,13.9,7,BKN@HOU,BKN,HOU,,,7.3,9.0,1,0.96256049137,0.3187937794,0.128911970114,0.782614567136,0.865486806252,2.08054269803,0.580626396121,0.728847863193,2.94602950428,1.08364832487,0.0355035202057,2.34460335116,0.463627234937,2.66642740487,12.0,1.47227514596e-05,1.16892574783e-12,8.71549603492,9.24499528596,3.59532721767,3.32472167207,SF,3600
201976,Patrick,Beverley,12.3,5,BKN@HOU,HOU,BKN,GTD,Concussion,11.6,12.25,1,0.83794367251,0.10741691132,1.6805601437,0.202506298228,0.316180362447,0.853306111678,0.36073438524,0.562554541186,1.16948647413,1.08452495745,0.594651138153,2.88773827855,0.153661823322,2.91736287638,9.0,1.93013366691e-08,4.05488372709e-16,5.95141020603,6.58848739836,4.0189615925,4.39968040064,PG,3600
1626174,Christian,Wood,5.3,6,TOR@PHI,PHI,TOR,,,9.1,9.25,1,0.839046210205,0.155720395905,1.24343893905,1.62517473027,1.16410561298,2.23301911231,0.459775274187,0.709985738746,3.39712472529,2.59212723885,0.332585322202,6.22343911228,1.15948175456,6.67632155445,16.0,0.00076419294427,1.70848542514e-11,12.5324461415,13.2247341977,6.76521053656,6.61264996344,PF,3600
203893,Russ,Smith,3.9,4,GS@MEM,MEM,GS,,,7.2,7.75,1,1.3027949901,0.0910056353653,1.89976663264,2.44620394955,0.36241050023,0.928132815542,0.4991185024,1.36247498488,1.29054331577,1.85864111846,0.432944488523,5.02757390141,1.93094080169,6.08116752713,13.0,5.11480537554e-07,2.92895301369e-13,9.40178528185,10.3640229516,5.58584304323,5.65745382855,PG,3500
203948,Johnny,O'Bryant,12.3,7,MIL@DEN,MIL,DEN,,,28.3,28.75,1,1.68765211326,0.588117845806,0.0699189179874,3.10113066966,2.7951763065,3.33278527026,0.547324702746,1.34975928017,6.12796157676,3.96166836418,0.0192563023741,9.2416339819,1.9979274885,9.94052051924,34.0,0.0563531188922,6.34233305734e-07,20.7466783982,21.8221158493,10.4852777629,10.1656413959,C,3500
203963,Shayne,Whittington,-2.0,1,IND@BOS,IND,BOS,,,0.0,0.0,1,0.0,0.0,0.0,0.0,0.0,0.0,0.0,0.0,0.0,0.0,0.0,0.0,0.0,0.0,0.0,,,0.0,,0.827925034471,,C,3500
1626209,Mario,Hezonja,6.1,8,LAL@ORL,ORL,LAL,,,11.4,12.0,1,0.961481070715,0.205429274389,2.5327687778,1.03921402814,0.405093408326,1.67446303269,0.468636109548,1.38290167338,2.07955644102,2.4192603702,0.858521467814,6.08346754716,0.856576092565,6.55361830079,19.0,1.80029672738e-05,1.40219324e-12,10.4565367306,11.6812531277,6.60095433318,6.94614902915,SF,3500
203461,Anthony,Bennett,3.6,4,TOR@PHI,TOR,PHI,,,4.4,4.5,1,0.202729701108,0.0695571242229,0.252840612201,0.49519032146,0.314467924458,0.433118102209,0.192045220244,0.251633037424,0.747586026667,0.583830251851,0.0396528078642,1.5391935977,0.360699505403,1.56801281697,5.0,1.50776569623e-11,6.43441836616e-25,3.04078225214,3.22380447614,2.47413666239,2.31028906109,PF,3500
201202,Joel,Anthony,6.5,49,DET@SAC,DET,SAC,,,0.0,0.0,1,0.0,0.0,0.0,0.0,0.0,0.0,0.0,0.0,0.0,0.0,0.0,0.0,0.0,0.0,0.0,,,0.0,,0.883784498561,,C,3500
1626181,Norman,Powell,1.5,3,TOR@PHI,TOR,PHI,,,15.3,16.0,1,1.28891590174,0.293622398017,2.12351977902,1.19665782405,1.58666634515,2.74527779092,0.773854236278,1.23485413722,4.33194413607,4.09893324289,0.436219808202,10.1364646462,0.881632103801,9.51571839778,25.0,0.0075325830625,8.26649598866e-09,17.5475243451,18.610957424,9.86801498596,9.72068138792,SG,3500
2406,Caron,Butler,4.8,5,DET@SAC,SAC,DET,,,0.0,0.0,1,0.0,0.0,0.0,0.0,0.0,0.0,0.0,0.0,0.0,0.0,0.0,0.0,0.0,0.0,0.0,,,0.0,,0.554977635611,,SF,3500
2034,Mike,Miller,3.5,6,MIL@DEN,DEN,MIL,,,0.0,0.0,1,0.0,0.0,0.0,0.0,0.0,0.0,0.0,0.0,0.0,0.0,0.0,0.0,0.0,0.0,0.0,,,0.0,,0.597483202867,,SF,3500
200751,Randy,Foye,8.9,7,MIL@DEN,DEN,MIL,,,8.6,9.25,1,1.62635380463,0.160820495977,4.08978178434,0.743332058269,0.143584415377,0.762751095432,0.466274443008,0.98689027793,0.906335510809,2.11543925029,1.27416172149,6.14340883692,0.651774080078,6.15681430214,17.0,2.10846811911e-06,9.52763602208e-14,9.9512472221,11.1270931601,7.33402095931,8.25668866684,SG,3500
201962,Toney,Douglas,18.1,4,NO@ATL,NO,ATL,,,20.2,23.25,1,2.95795054327,0.241549504877,3.39609803769,1.55941415758,0.489958159175,0.819179273682,1.18667576084,1.53384347523,1.30913743286,3.26668537543,1.26482441817,7.730441665,1.16800473117,8.96619990021,24.0,0.00050131435456,8.85427793804e-10,16.2966976907,17.7622404833,8.2650206449,8.80021505822,PG,3500
203382,Aron,Baynes,8.5,7,DET@SAC,DET,SAC,,,3.2,3.25,1,0.523618886023,0.273348190931,0.0325617761114,1.17923416144,1.18251658044,1.54312253591,0.172858694975,0.690767729818,2.72563911635,1.78772584665,0.00810305530074,3.44209799651,0.966207280745,4.54976202935,13.0,5.02274815777e-05,1.33612221434e-14,8.80760334,9.2933960296,4.92608001964,4.53471716892,C,3500
1626257,Salah,Mejri,2.9,3,LAC@DAL,DAL,LAC,,,0.0,0.0,1,0.0,0.0,0.0,0.0,0.0,0.0,0.0,0.0,0.0,0.0,0.0,0.0,0.0,0.0,0.0,,,0.0,,0.871664190769,,C,3500
203200,Justin,Holiday,9.3,6,NO@ATL,ATL,NO,,,1.2,1.25,1,0.292657436195,0.114650676606,0.633175285006,0.179269677694,0.0712310728925,0.153654855613,0.18785639951,0.185242738927,0.224885928505,0.510115959825,0.169454337191,1.35521950278,0.142968690539,1.33265494738,4.0,2.68362789169e-15,2.17058217919e-28,2.46127562918,2.64986846367,2.34522809457,2.37391242125,SG,3500
1626183,Branden,Dawson,0.0,0,LAC@DAL,LAC,DAL,,,0.0,0.0,1,0.0,0.0,0.0,0.0,0.0,0.0,0.0,0.0,0.0,0.0,0.0,0.0,0.0,0.0,0.0,,,0.0,,0.845620626624,,PF,3500
1626199,Darrun,Hilliard,0.0,0,DET@SAC,DET,SAC,,,0.0,0.0,1,0.0,0.0,0.0,0.0,0.0,0.0,0.0,0.0,0.0,0.0,0.0,0.0,0.0,0.0,0.0,,,0.0,,0.845620626624,,SG,3500
201582,Alexis,Ajinca,11.4,6,NO@ATL,NO,ATL,,,5.3,6.0,1,0.412624248647,0.480281582655,0.0153709384632,0.740558662577,1.03589392884,1.18004915704,0.253216678247,0.563038799774,2.21594308587,1.56497950881,0.00476197054362,3.00980126042,0.624149956888,3.75887094505,9.0,5.35361418239e-06,7.69530694264e-16,7.9408967431,8.33560231297,4.47545895844,4.09595959457,C,3500
201601,Luc Richard,Mbah a Moute,0.3,5,LAC@DAL,LAC,DAL,,,3.2,3.25,1,0.385991855033,0.0721381330936,0.632660277024,0.541031390181,0.284054908704,0.323439740037,0.305543820607,0.327736728103,0.607494648741,0.823153321795,0.193703030049,2.15091918557,0.321605275123,2.16161494876,7.0,1.18177291296e-11,1.83490066289e-22,3.8972234891,4.18831810063,3.03511386827,3.00823187085,SF,3500
203118,Mike,Scott,8.2,9,NO@ATL,ATL,NO,,,0.0,0.0,1,0.451607338501,0.0109289748888,0.799156374728,0.436038138355,0.258093779369,0.408415146254,0.0809561167651,0.222621053293,0.666508925623,0.947485015956,0.270648952452,2.13521697792,0.38026074925,2.54587973361,6.0,5.22735659739e-11,3.29238503749e-21,3.98425058213,4.26421103136,3.22737572179,3.22097928268,SF,3500
203475,Erick,Green,0.9,3,MIL@DEN,DEN,MIL,,,0.0,0.0,1,0.0,0.0,0.0,0.0,0.0,0.0,0.0,0.0,0.0,0.0,0.0,0.0,0.0,0.0,0.0,,,0.0,,0.673447419146,,SG,3500
1626167,Myles,Turner,13.2,7,IND@BOS,IND,BOS,,,0.0,0.0,1,0.0214577410334,0.0455680190061,0.011711141546,0.0823040613637,0.0411261759707,0.140090740675,0.0286110165208,0.0518282584451,0.181216916646,0.150439906175,0.0032253540935,0.302840722736,0.0592655749442,0.363370741388,1.0,2.82932637144e-20,2.91707994591e-40,0.709547465521,0.746135117623,1.31112620776,1.18961554336,PF,3500
203082,Terrence,Ross,10.4,7,TOR@PHI,TOR,PHI,O,Finger,0.0,0.0,1,0.0,0.0,0.0,0.0,0.0,0.0,0.0,0.0,0.0,0.0,0.0,0.0,0.0,0.0,0.0,,,0.0,,0.627888815371,,SG,3500
203912,C.J.,Wilcox,2.8,21,LAC@DAL,LAC,DAL,,,0.0,0.0,1,0.0,0.0,0.0,0.0,0.0,0.0,0.0,0.0,0.0,0.0,0.0,0.0,0.0,0.0,0.0,,,0.0,,0.729975285981,,SG,3500
1626148,Anthony,Brown,5.0,1,LAL@ORL,LAL,ORL,,,0.0,0.0,1,0.0,0.0,0.0,0.0,0.0,0.0,0.0,0.0,0.0,0.0,0.0,0.0,0.0,0.0,0.0,,,0.0,,0.800933442171,,SF,3500
1626173,Rashad,Vaughn,4.2,4,MIL@DEN,MIL,DEN,,,-1.0,-0.5,1,0.289514540221,0.198173341958,1.237709936,0.401188325527,0.416113921816,0.829684982269,0.250540070964,0.566257892368,1.24579890409,1.29118964253,0.42483371291,3.09208872128,0.295573638801,3.30278663677,10.0,3.8777524291e-08,4.31172694028e-20,5.56318606548,6.12102187149,4.03079955937,4.13571817705,SG,3500
203960,Jakarr,Sampson,8.0,7,TOR@PHI,PHI,TOR,,,18.2,18.5,1,1.12832530378,0.444176627097,1.97446969325,2.5267931294,1.15717449573,2.47128672974,0.803104114929,1.96641347077,3.62846122546,3.49862381603,0.510551545426,7.94331642328,1.7302320953,9.23803127278,27.0,0.00227212151804,7.88095179432e-10,15.8128207123,17.2361344663,8.27877155218,8.16148936338,SF,3500
1626251,Duje,Dukan,0.0,0,DET@SAC,SAC,DET,,,0.0,0.0,1,0.0,0.0,0.0,0.0,0.0,0.0,0.0,0.0,0.0,0.0,0.0,0.0,0.0,0.0,0.0,,,0.0,,0.845620626624,,PF,3500
1626163,Frank,Kaminsky,6.9,6,NY@CHA,CHA,NY,,,11.9,12.0,1,0.92297831793,0.0824190283023,1.05083813047,0.673034533905,0.244038918503,1.1757934143,0.37818792319,0.400749178966,1.4198323328,1.24918633064,0.464287015842,2.7993810625,0.498078330384,3.4607380075,10.0,1.41167284266e-07,7.4104175944e-15,7.06946900778,7.57297893358,3.92754072845,4.04939326993,PF,3500
203463,Ben,McLemore,9.0,8,DET@SAC,SAC,DET,,,0.0,0.0,1,0.16043367183,0.0112926028396,0.397544466823,0.213572922193,0.0490783059922,0.12855721787,0.0941710727501,0.209360115494,0.177635523862,0.37055172696,0.13110966778,0.934822562426,0.166022713774,1.03823583547,3.0,1.02354665192e-17,2.02646485637e-32,1.49361620754,1.67273287537,1.93756336608,1.95495896057,SG,3500
1626176,Rakeem,Christmas,0.0,0,IND@BOS,IND,BOS,,,0.0,0.0,1,0.0,0.0,0.0,0.0,0.0,0.0,0.0,0.0,0.0,0.0,0.0,0.0,0.0,0.0,0.0,,,0.0,,0.845620626624,,PF,3500
201961,Wayne,Ellington,6.7,7,BKN@HOU,BKN,HOU,,,10.9,11.5,1,1.04359175574,0.0855566321174,2.88662714882,0.431101735406,0.348129070477,0.823023498518,0.586794993944,0.341903099298,1.171152569,2.39916607539,0.964228789317,6.66858696417,0.354171619736,6.11673255984,19.0,1.54941675935e-07,1.88802417562e-14,10.0903034291,10.8019272342,6.89223293762,7.38086867735,SG,3500
201973,Jonas,Jerebko,9.4,5,IND@BOS,BOS,IND,,,3.9,4.0,1,0.972246657237,0.253547967046,1.34613917573,0.978503049817,1.03624340914,1.67240021358,0.364359513625,0.672384988325,2.70864362272,1.94874827483,0.54725386917,4.1541322465,0.879741893634,5.32449231246,16.0,8.70036122349e-05,7.50111486973e-12,10.5966646186,11.3420467339,5.16647083587,5.2041613872,PF,3500
1626146,Cliff,Alexander,0.0,0,SA@POR,POR,SA,,,0.0,0.0,1,0.0,0.0,0.0,0.0,0.0,0.0,0.0,0.0,0.0,0.0,0.0,0.0,0.0,0.0,0.0,,,0.0,,0.845620626624,,PF,3500
201229,Anthony,Tolliver,8.6,6,DET@SAC,DET,SAC,,,19.8,21.5,1,0.97187148284,0.296116189882,4.39121339536,0.978123805784,0.51920502813,1.96757105965,0.440226221774,0.586454112524,2.48677608777,2.17876628993,1.55617598664,5.73961451003,0.544810185484,6.45851875199,24.0,7.70393111669e-05,6.62099061226e-12,11.7866879924,12.9824574053,7.76711367075,8.86389927288,PF,3500
2570,Kendrick,Perkins,9.5,3,NO@ATL,NO,ATL,O,Pectoral,0.0,0.0,1,0.0,0.0,0.0,0.0,0.0,0.0,0.0,0.0,0.0,0.0,0.0,0.0,0.0,0.0,0.0,,,0.0,,0.785342715413,,C,3500
201978,Chase,Budinger,7.7,8,IND@BOS,IND,BOS,,,18.6,20.25,1,1.28578555688,0.22806195598,2.73656440333,1.37520625229,0.518257278733,1.4258599665,0.606735378734,0.801013201868,1.94411724523,2.49531933929,0.997572477733,5.86956173725,0.895111943105,6.88332309942,22.0,1.18369448795e-05,1.22516837906e-11,12.0135235966,13.0100400541,6.70929633887,7.14242896817,SF,3500
203584,Troy,Daniels,2.4,3,NY@CHA,CHA,NY,,,0.0,0.0,1,0.0,0.0,0.0,0.0,0.0,0.0,0.0,0.0,0.0,0.0,0.0,0.0,0.0,0.0,0.0,,,0.0,,0.594403718998,,SG,3500
203906,Roy Devyn,Marble,7.0,16,LAL@ORL,ORL,LAL,,,3.2,3.25,1,0.474253761651,0.0678148719794,0.674360471288,0.458496554886,0.158237427352,0.285831181616,0.24100995993,0.280303449735,0.444068608968,0.483047089454,0.12898390474,1.44764719659,0.226841940928,1.32192002458,6.0,3.07389203901e-13,1.10506710576e-23,2.9035292119,3.13037631958,2.29538826129,2.28958453239,SG,3500
1891,Jason,Terry,5.2,5,BKN@HOU,HOU,BKN,,,0.0,0.0,1,0.836433302017,0.0694768207847,1.68513674957,0.197202656964,0.0593893851028,0.217565362301,0.334852256234,0.340256298951,0.276954747404,0.910882621909,0.541086919672,2.35840302915,0.158696692515,2.52154885601,9.0,6.00959185496e-10,2.50711679167e-21,4.576946361,5.03146570858,3.71716479703,4.09275701726,PG,3500
202379,Jeremy,Evans,6.8,5,LAC@DAL,DAL,LAC,,,0.2,0.75,1,0.0339710326354,0.039611972909,0.017626109648,0.090645999716,0.0796224607426,0.111581071137,0.0317884128959,0.0274120490708,0.19120353188,0.117219242867,0.00617466465698,0.206037758361,0.0688845639871,0.309497714378,1.0,3.25697141769e-20,1.09352815093e-40,0.705287224127,0.731640757585,1.23761983997,1.13713561259,PF,3500
203915,Spencer,Dinwiddie,1.2,1,DET@SAC,DET,SAC,,,0.0,0.0,1,0.0,0.0,0.0,0.0,0.0,0.0,0.0,0.0,0.0,0.0,0.0,0.0,0.0,0.0,0.0,,,0.0,,0.896480383919,,PG,3500
203135,Robert,Sacre,3.4,1,LAL@ORL,LAL,ORL,,,0.0,0.0,1,0.0,0.0,0.0,0.0,0.0,0.0,0.0,0.0,0.0,0.0,0.0,0.0,0.0,0.0,0.0,,,0.0,,0.791501831316,,C,3500
203900,Markel,Brown,8.1,5,BKN@HOU,BKN,HOU,,,0.0,0.0,1,0.0,0.0,0.0,0.0,0.0,0.0,0.0,0.0,0.0,0.0,0.0,0.0,0.0,0.0,0.0,,,0.0,,0.685709187795,,SG,3500
203909,K.J.,McDaniels,1.7,3,BKN@HOU,HOU,BKN,,,0.0,0.0,1,0.0,0.0,0.0,0.0,0.0,0.0,0.0,0.0,0.0,0.0,0.0,0.0,0.0,0.0,0.0,,,0.0,,0.825032501743,,SF,3500
203123,Kostas,Papanikolaou,4.4,3,MIL@DEN,DEN,MIL,,,5.6,6.75,1,0.963928969396,0.142500499859,1.29817458802,0.222829127319,0.528471855498,0.731349717205,0.358575702032,0.635989510197,1.2598215727,0.931959154241,0.437325434471,2.37037160302,0.162229862551,2.4634736055,10.0,2.20850301807e-08,1.61571225891e-15,5.78731584043,6.38696442452,3.49178674957,3.72725038392,SF,3500
203961,Eric,Moreland,2.5,3,DET@SAC,SAC,DET,,,0.0,0.0,1,0.0,0.0,0.0,0.0,0.0,0.0,0.0,0.0,0.0,0.0,0.0,0.0,0.0,0.0,0.0,,,0.0,,0.838381179146,,PF,3500
1626175,Jordan,Mickey,6.1,2,IND@BOS,BOS,IND,,,0.0,0.0,1,0.0,0.0,0.0,0.0,0.0,0.0,0.0,0.0,0.0,0.0,0.0,0.0,0.0,0.0,0.0,,,0.0,,0.940961584844,,PF,3500
101111,Charlie,Villanueva,11.0,5,LAC@DAL,DAL,LAC,,,9.1,9.25,1,0.404215312023,0.332594519648,3.46149481139,0.59166350984,0.418368909396,1.34316017353,0.225355132098,0.435908758109,1.76152908292,2.46328955354,1.06734723422,6.08600973063,0.366957261639,6.36088360295,12.0,4.343404901e-06,1.11559886554e-16,9.76103201587,10.6007429813,6.99837602176,7.60078762246,PF,3500
202341,James,Anderson,6.2,7,DET@SAC,SAC,DET,,,2.2,3.75,1,1.06206355536,0.197276439777,2.84069634747,0.991279449401,0.423036088897,0.622797329516,0.612241263647,1.04256159271,1.04583341841,1.98040622515,0.938878489968,5.23882052573,0.787225514668,5.68691645495,17.0,7.51440195857e-08,6.79155776871e-15,9.11148570422,10.1544975292,6.12993734099,6.67703291551,SG,3500
203488,Mike,Muscala,3.9,3,NO@ATL,ATL,NO,,,7.7,8.25,1,0.432192743855,0.306109265049,0.370472246453,0.383870797765,0.670459201649,0.799555753351,0.202283225677,0.359196193041,1.470014955,1.22772244022,0.159957150164,2.40760788113,0.337519607867,2.95292163847,8.0,9.56497218143e-08,4.19563583215e-18,6.02281748866,6.35589505149,3.66484254398,3.43664476717,PF,3500
202362,Lance,Stephenson,12.6,7,LAC@DAL,LAC,DAL,,,7.4,8.0,1,2.62854825149,0.0505917040206,1.65570583671,1.16590400385,0.642852391487,1.45989266735,0.435742053546,1.5293532107,2.10274505884,2.45425337114,0.514385174758,6.48374965298,0.775057591213,6.19794950826,21.0,0.000116940146101,6.98786065247e-09,12.1073802605,13.2345621374,6.69853143138,6.72980662901,SG,3500
1626246,Boban,Marjanovic,4.4,4,SA@POR,SA,POR,,,0.0,0.0,1,0.0,0.0,0.0,0.0,0.0,0.0,0.0,0.0,0.0,0.0,0.0,0.0,0.0,0.0,0.0,,,0.0,,0.89282905853,,C,3500
202714,Shelvin,Mack,0.4,1,NO@ATL,ATL,NO,,,0.0,0.0,1,0.0,0.0,0.0,0.0,0.0,0.0,0.0,0.0,0.0,0.0,0.0,0.0,0.0,0.0,0.0,,,0.0,,0.808965645111,,PG,3500
203492,Ray,McCallum,1.7,4,SA@POR,SA,POR,,,0.0,0.0,1,0.126124386948,0.00731775892527,0.0701503418645,0.0530478947408,0.0319593464884,0.0378706584172,0.039161196622,0.0640610977869,0.0698300049056,0.136080669135,0.0218384006311,0.318364846153,0.036332370538,0.330332109439,1.0,2.33217586417e-21,1.66338606436e-39,0.632211509056,0.67865275851,1.2672039645,1.19599126903,PG,3500
202498,Lance,Thomas,9.3,7,NY@CHA,NY,CHA,,,2.7,2.75,1,0.554746150736,0.0441830654394,0.533325691603,1.22557900911,0.525566364975,0.875327413875,0.220509237335,0.615936807432,1.40089377885,1.92241644857,0.248565246936,4.03836203428,0.948508790973,5.04190693505,15.0,3.12496450393e-07,1.43696005061e-16,7.46854649389,7.97084267876,5.15442914025,4.9385453814,SF,3500
2756,Sasha,Vujacic,14.4,7,NY@CHA,NY,CHA,,,0.0,0.0,1,0.0,0.0,0.0,0.0,0.0,0.0,0.0,0.0,0.0,0.0,0.0,0.0,0.0,0.0,0.0,,,0.0,,0.760206436374,,SG,3500
202708,Norris,Cole,15.9,75,NO@ATL,NO,ATL,O,Ankle,0.0,0.0,1,0.0,0.0,0.0,0.0,0.0,0.0,0.0,0.0,0.0,0.0,0.0,0.0,0.0,0.0,0.0,,,0.0,,0.737434341042,,PG,3500
203934,Lamar,Patterson,5.7,7,NO@ATL,ATL,NO,,,0.0,0.0,1,0.0,0.0,0.0,0.0,0.0,0.0,0.0,0.0,0.0,0.0,0.0,0.0,0.0,0.0,0.0,,,0.0,,0.772013044387,,SG,3500
2446,Rasual,Butler,7.7,6,SA@POR,SA,POR,,,14.1,15.25,1,0.887106000937,0.413832953972,2.31397644746,0.588115651365,0.188378093131,0.810405759843,0.452464666444,0.464662628988,0.998783852975,2.14328475713,0.77607814695,4.92421440912,0.481237427007,5.54388508822,15.0,2.87903003002e-08,8.0348215702e-16,9.34101732504,10.0113269488,5.82076646441,6.1157971019,SF,3500
202338,Kevin,Seraphin,5.1,4,NY@CHA,NY,CHA,,,2.2,2.75,1,0.111636024732,0.172744010848,0.00345122521191,0.158945119675,0.206765192526,0.249340154425,0.0338148301365,0.249374698805,0.456105346951,0.532535835055,2.8594822553e-06,1.10235477165,0.114638963931,1.17971349352,3.0,3.16747390407e-14,1.788889583e-28,2.05823693013,2.20573097662,2.26931365928,2.0183667032,PF,3500
201575,Brandon,Rush,5.6,5,GS@MEM,GS,MEM,,,0.0,0.0,1,0.0,0.0,0.0,0.0,0.0,0.0,0.0,0.0,0.0,0.0,0.0,0.0,0.0,0.0,0.0,,,0.0,,0.676150498112,,SG,3500
201946,Tyler,Hansbrough,2.9,3,NY@CHA,CHA,NY,,,0.0,0.0,1,0.0,0.0,0.0,0.0,0.0,0.0,0.0,0.0,0.0,0.0,0.0,0.0,0.0,0.0,0.0,,,0.0,,0.724898551686,,PF,3500
203101,Miles,Plumlee,6.3,7,MIL@DEN,MIL,DEN,,,0.0,0.0,1,0.0,0.0,0.0,0.0,0.0,0.0,0.0,0.0,0.0,0.0,0.0,0.0,0.0,0.0,0.0,,,0.0,,0.903547895454,,C,3500
204025,Tim,Frazier,1.6,3,SA@POR,POR,SA,,,0.0,0.0,1,0.22278149624,0.00329464933106,0.0671097912571,0.0821319753297,0.0313284402327,0.0449297712365,0.0346679973211,0.0875175312162,0.0762582114692,0.0968205612821,0.0193097486364,0.249022281895,0.0469128488032,0.259863720004,1.0,2.60120432653e-19,4.44977082498e-37,0.673953580215,0.731180130715,1.24724348987,1.19706742087,PG,3500
101236,Chuck,Hayes,6.8,2,BKN@HOU,HOU,BKN,,,0.0,0.0,1,0.0,0.0,0.0,0.0,0.0,0.0,0.0,0.0,0.0,0.0,0.0,0.0,0.0,0.0,0.0,,,0.0,,0.809432383888,,C,3500
203085,Austin,Rivers,11.0,7,LAC@DAL,LAC,DAL,,,30.7,32.5,1,1.96055598394,0.352547856439,2.83059384565,2.46181734692,0.387482471789,0.862831602559,1.11827980747,1.12123196039,1.25031407435,3.70053356723,0.725808587813,8.9633253004,1.69592953064,9.82280525292,27.0,2.37479709698e-05,2.63868020252e-11,16.0844394855,17.0705110853,8.88892451283,8.97439263698,PG,3500
202388,Donald,Sloan,3.7,2,BKN@HOU,BKN,HOU,,,0.0,0.0,1,0.0,0.0,0.0,0.0,0.0,0.0,0.0,0.0,0.0,0.0,0.0,0.0,0.0,0.0,0.0,,,0.0,,0.742629874112,,PG,3500
203552,Seth,Curry,6.8,4,DET@SAC,SAC,DET,GTD,Ankle,0.0,0.0,1,0.0,0.0,0.0,0.0,0.0,0.0,0.0,0.0,0.0,0.0,0.0,0.0,0.0,0.0,0.0,,,0.0,,0.796947461917,,SG,3500
1626242,Luis,Montero,1.6,2,SA@POR,POR,SA,,,0.0,0.0,1,0.0,0.0,0.0,0.0,0.0,0.0,0.0,0.0,0.0,0.0,0.0,0.0,0.0,0.0,0.0,,,0.0,,0.817576197931,,SF,3500
201589,Darrell,Arthur,12.8,7,MIL@DEN,DEN,MIL,,,11.7,11.75,1,1.17208398518,0.781786526271,1.51062709978,0.691061721604,1.07943164561,1.63796453793,0.678988800493,0.639286321875,2.71739618355,2.14169400616,0.359774938988,6.12958639009,0.568064287067,5.21122723839,18.0,8.33877366044e-05,4.01221339878e-11,12.5124929681,13.1480184894,6.19881404553,6.17920078323,PF,3500
203894,Shabazz,Napier,5.2,7,LAL@ORL,ORL,LAL,,,26.5,30.0,1,4.08937257774,0.0919494171215,4.25408361291,1.72195641473,0.470070983841,1.16942561355,1.0041218431,2.25203242057,1.63949659739,3.3629129125,1.67916317225,8.17853461078,1.35115305974,9.75614205698,30.0,0.00533781388818,4.75322393609e-08,17.7977069403,19.85328643,9.0111240382,9.88850089617,PG,3500
1626204,Larry,Nance Jr.,9.6,2,LAL@ORL,LAL,ORL,,,18.1,18.75,1,0.657867526333,0.166177612684,0.589636619672,1.35791049058,0.85510069232,3.37443888494,0.461988771549,1.01062040085,4.22953957726,2.55479146553,0.205962811538,5.11134294411,0.920314927992,6.2358606706,20.0,0.00279269717382,6.65954818087e-12,12.5438218204,13.3677794513,6.25565735708,5.93070569556,PF,3500
203524,Solomon,Hill,0.0,1,IND@BOS,IND,BOS,,,0.0,0.0,1,0.0,0.0,0.0,0.0,0.0,0.0,0.0,0.0,0.0,0.0,0.0,0.0,0.0,0.0,0.0,,,0.0,,0.666823594838,,SG,3500
203923,James,Young,6.1,31,IND@BOS,BOS,IND,,,0.0,0.0,1,0.0,0.0,0.0,0.0,0.0,0.0,0.0,0.0,0.0,0.0,0.0,0.0,0.0,0.0,0.0,,,0.0,,0.597620229554,,SF,3500
202087,Alonzo,Gee,7.0,6,NO@ATL,NO,ATL,,,9.2,10.25,1,0.955633309663,0.316140505917,1.74038265952,2.10127691778,1.47871764539,1.98165771716,1.45255939655,1.52985779668,3.46037536255,3.47862411196,0.474428088095,7.69409856321,1.5085211339,8.9401974459,30.0,0.00155456452337,4.92959329058e-09,16.5336398537,17.7111334258,8.13183181295,7.97096918381,SF,3500
1626202,Joseph,Young,-0.5,2,IND@BOS,IND,BOS,,,0.0,0.0,1,0.0,0.0,0.0,0.0,0.0,0.0,0.0,0.0,0.0,0.0,0.0,0.0,0.0,0.0,0.0,,,0.0,,0.815939319454,,SG,3500
1626151,Aaron,Harrison,0.0,0,NY@CHA,CHA,NY,,,0.0,0.0,1,0.0,0.0,0.0,0.0,0.0,0.0,0.0,0.0,0.0,0.0,0.0,0.0,0.0,0.0,0.0,,,0.0,,0.845620626624,,PG,3500
203943,Noah,Vonleh,5.6,8,SA@POR,POR,SA,,,4.4,4.5,1,0.166841367315,0.211270988246,0.371463847777,0.567929082321,0.547310446132,0.912248210168,0.110293652657,0.36378166679,1.4595586563,0.719086360728,0.0859629087315,1.86362859561,0.396376611288,1.92051224148,7.0,1.69736922124e-08,7.52321002336e-22,4.20159229502,4.49944254106,2.79840463341,2.66500339716,PF,3500
203546,Ian,Clark,7.5,4,GS@MEM,GS,MEM,,,-0.8,0.25,1,0.172568448228,0.0266303292261,0.321703472469,0.125547982065,0.0455891713011,0.0815049913274,0.077726949632,0.127599023868,0.127094162629,0.2616909394,0.105883186961,0.668025262949,0.108636992517,0.737902058278,2.0,2.14013127541e-18,5.55074102212e-34,1.23038325962,1.35347907317,1.68807653925,1.71683969053,SG,3500
203613,Jonathon,Simmons,0.0,0,SA@POR,SA,POR,,,0.0,0.0,1,0.0,0.0,0.0,0.0,0.0,0.0,0.0,0.0,0.0,0.0,0.0,0.0,0.0,0.0,0.0,,,0.0,,0.845620626624,,SG,3500
203922,Glenn,Robinson III,7.7,4,IND@BOS,IND,BOS,,,7.6,7.75,1,0.638738957273,0.123087960554,0.85079403524,1.3319531016,0.737652160053,1.04126883815,0.382292718834,0.595909283114,1.7789209982,1.4529805188,0.20166463316,3.45607220738,0.927377004443,4.0350026752,14.0,1.22923093499e-06,2.16134896612e-15,7.54266838461,8.0304032365,4.35368017683,4.19702300619,SF,3500
1626149,Montrezl,Harrell,8.0,7,BKN@HOU,HOU,BKN,,,0.0,0.0,1,0.0,0.0,0.0,0.0,0.0,0.0,0.0,0.0,0.0,0.0,0.0,0.0,0.0,0.0,0.0,,,0.0,,0.766946603611,,PF,3500
203210,JaMychal,Green,12.5,8,GS@MEM,MEM,GS,,,22.8,24.75,1,0.69487729709,0.708134439886,1.0628340172,2.33689140226,2.61929609964,3.99035043635,0.759507013369,1.68513969524,6.60964653599,3.64949271126,0.284265558276,7.54117179339,1.7409579322,9.32420891299,25.0,0.0720985494677,1.24680654145e-09,19.5482439131,20.9715766946,8.39242493458,8.07563783511,PF,3500
1626179,Terry,Rozier,5.3,3,IND@BOS,BOS,IND,,,6.7,6.75,1,1.42428690701,0.173932486468,2.49227452695,0.702547727237,1.12481589468,1.79782124686,0.414216140006,0.853324797871,2.92263714154,2.64603891135,0.507949353181,7.56642809545,0.517598780818,6.3176259567,16.0,0.000234060186337,6.09807016387e-10,12.2841933421,13.1113133668,7.22401036645,7.31383364507,PG,3500
1713,Vince,Carter,5.2,1,GS@MEM,MEM,GS,,,0.0,0.0,1,0.0,0.0,0.0,0.0,0.0,0.0,0.0,0.0,0.0,0.0,0.0,0.0,0.0,0.0,0.0,,,0.0,,0.698363826671,,SF,3500
203515,Phil (Flip),Pressey,8.5,4,TOR@PHI,PHI,TOR,,,18.9,19.5,1,3.84911156796,0.120174335209,1.97386183797,1.61650764988,0.281224322011,0.784762441222,0.828613785913,1.42394627245,1.06598676323,1.82730173348,0.563264455678,4.83368231919,1.01343782802,5.23130575066,17.0,0.00101815753483,2.22726163971e-10,12.7577871883,13.8062191275,5.48735521656,5.67769904938,PG,3500
203142,Chris,Copeland,6.3,7,MIL@DEN,MIL,DEN,,,0.0,0.0,1,0.0,0.0,0.0,0.0,0.0,0.0,0.0,0.0,0.0,0.0,0.0,0.0,0.0,0.0,0.0,,,0.0,,0.617329624741,,SF,3500
1626147,Justin,Anderson,4.4,5,LAC@DAL,DAL,LAC,,,13.4,14.0,1,0.524403881378,0.287703092348,1.32359590145,0.597650436104,0.294266358048,1.69086003485,0.327171358004,0.556666183291,1.9851263929,1.62477029107,0.427279911977,3.71329299989,0.462712506233,4.13953300036,10.0,3.84712579159e-06,1.05035778999e-15,7.98137321132,8.57260834929,4.62858476531,4.65182060483,SF,3500
1626185,Jarell,Martin,0.0,0,GS@MEM,MEM,GS,O,Foot,0.0,0.0,1,0.0,0.0,0.0,0.0,0.0,0.0,0.0,0.0,0.0,0.0,0.0,0.0,0.0,0.0,0.0,,,0.0,,0.845620626624,,PF,3500
2733,Shaun,Livingston,10.4,8,GS@MEM,GS,MEM,,,11.0,11.0,1,3.32871499735,0.315074732063,0.0916970725184,1.30575270062,0.653526212089,1.09215275782,0.787067526026,1.48391534684,1.74567896991,2.5724730849,0.000583811932372,5.22866477175,1.01895051981,6.16448050154,23.0,0.000533078464592,7.94190576639e-09,13.9727369308,14.8030701002,6.62076973505,6.2167653712,PG,3500
203148,Brian,Roberts,3.0,4,NY@CHA,CHA,NY,,,0.0,0.0,1,0.0,0.0,0.0,0.0,0.0,0.0,0.0,0.0,0.0,0.0,0.0,0.0,0.0,0.0,0.0,,,0.0,,0.652212413892,,PG,3500
1626153,Delon,Wright,0.1,2,TOR@PHI,TOR,PHI,,,2.4,2.5,1,0.197789757938,0.0528355714787,0.307869625748,0.229154212363,0.179842695338,0.449422323031,0.0913590082741,0.181211013275,0.629265018368,0.45107713036,0.0761429676698,1.12738113651,0.16882830353,1.14712553192,3.0,1.46541255957e-12,3.0932152611e-26,2.3061063371,2.46624657849,2.13980856042,2.04397607597,PG,3500
203998,Bruno,Caboclo,1.3,8,TOR@PHI,TOR,PHI,,,0.0,0.0,1,0.0441449894872,0.0269464186574,0.108535343953,0.0566123990146,0.0435933844873,0.100284651633,0.0281123888633,0.0738164714003,0.14387803612,0.180940361197,0.0406827495706,0.42615206387,0.0417089225018,0.444272394467,1.0,3.6189582561e-20,2.74241906474e-40,0.719444665683,0.783888177974,1.39361522176,1.34084629746,SF,3500
203999,Nikola,Jokic,12.2,6,MIL@DEN,DEN,MIL,,,22.0,23.25,1,0.944329032585,0.262732615653,0.182991088776,1.35851322403,1.29475369927,1.88145119251,0.511264958437,0.952459602844,3.17620489178,2.23242329306,0.0503973976354,4.49718499498,0.935799434569,5.45104341833,14.0,0.000274367548327,1.81857261494e-11,11.2745183827,11.9351686789,5.86217561595,5.48757785185,C,3500
204002,Walter,Tavares,1.1,2,NO@ATL,ATL,NO,,,0.0,0.0,1,0.0,0.0,0.0,0.0,0.0,0.0,0.0,0.0,0.0,0.0,0.0,0.0,0.0,0.0,0.0,,,0.0,,0.849452254747,,C,3500
203996,Damien,Inglis,3.6,4,MIL@DEN,MIL,DEN,,,0.0,0.0,1,0.0,0.0,0.0,0.0,0.0,0.0,0.0,0.0,0.0,0.0,0.0,0.0,0.0,0.0,0.0,,,0.0,,0.829738069957,,SF,3500
2581,Steve,Blake,8.8,7,DET@SAC,DET,SAC,,,13.9,14.5,1,2.95898468997,0.0871805492858,2.36580568487,0.248513379056,0.205958925231,0.703351875086,0.365068795377,1.17735387142,0.909310800318,1.24049691162,0.742563627225,3.70062277945,0.177359935932,3.4009173864,15.0,6.31664045156e-05,2.95243787958e-12,8.65771219964,9.6632312386,4.78049126952,5.32818588525,PG,3500
203949,James Michael,McAdoo,5.1,7,GS@MEM,GS,MEM,,,1.5,1.5,1,0.179632077892,0.174262260177,0.0340816803599,0.75619026142,0.362911496695,0.497439471596,0.129915365881,0.183497409072,0.860350968291,0.619391441664,0.00938640241267,1.24242483593,0.390979582799,1.63914886854,4.0,5.26802805066e-11,7.69050442932e-25,3.36587599037,3.50533544461,2.55204262563,2.30311388243,PF,3500
1626154,RJ,Hunter,1.1,2,IND@BOS,BOS,IND,,,8.9,9.5,1,0.784003308567,0.377835194778,2.84274468192,0.761302687005,0.363996904497,3.12343075148,0.570179119989,1.10090043776,3.48742765598,2.1991021488,0.706493922178,5.86283419615,0.560886225021,5.66558444479,20.0,0.000657153144832,8.20694271268e-12,11.8216307866,12.9006850791,6.2641697399,6.59331423749,SG,3500
203493,Reggie,Bullock,0.4,4,DET@SAC,DET,SAC,,,0.0,0.0,1,0.0,0.0,0.0,0.0,0.0,0.0,0.0,0.0,0.0,0.0,0.0,0.0,0.0,0.0,0.0,,,0.0,,0.515076887012,,SF,3500
201160,Jason,Smith,10.3,6,LAL@ORL,ORL,LAL,GTD,Knee,0.0,0.0,1,0.0,0.0,0.0,0.0,0.0,0.0,0.0,0.0,0.0,0.0,0.0,0.0,0.0,0.0,0.0,,,0.0,,0.783172904788,,PF,3500
203112,Quincy,Acy,5.4,3,DET@SAC,SAC,DET,,,0.0,0.0,1,0.0,0.0,0.0,0.0,0.0,0.0,0.0,0.0,0.0,0.0,0.0,0.0,0.0,0.0,0.0,,,0.0,,0.735448205006,,PF,3500
203937,Kyle,Anderson,5.7,7,SA@POR,SA,POR,,,0.0,0.0,1,0.0715473440839,0.0276776780517,0.033882329225,0.0506419602969,0.0258887788142,0.0554429964761,0.0374944066643,0.027292863667,0.0813317752904,0.0982158335916,0.00749488036578,0.259005757622,0.0322455913101,0.236172138859,1.0,5.22716833715e-24,3.71328615537e-42,0.544142591098,0.565603051879,1.10726938997,1.04608988283,SF,3500
201578,Marreese,Speights,12.1,8,GS@MEM,GS,MEM,,,3.0,4.5,1,0.264468361952,0.193242471975,0.0937431725079,0.678561327093,0.441378848092,0.692429564476,0.110852421355,0.379780967323,1.13380841257,1.13854374898,0.0150921631567,2.63214620012,0.542617365137,2.83479702626,5.0,6.26689009746e-09,2.37926241642e-21,4.82047848361,5.07460547888,3.79063019633,3.52189122701,PF,3500
203798,P.J.,Hairston,9.3,6,NY@CHA,CHA,NY,GTD,Migraine,13.6,14.25,1,0.937353384758,0.420856454078,5.35436725766,1.47976248925,0.433661246485,2.0997059203,0.523327542256,0.736131004668,2.53336716679,2.84252810077,1.4294649727,8.70119278733,1.2684729166,8.38299409083,26.0,0.000138684096186,8.60164357829e-12,13.9813017561,15.1909761293,9.17932827652,10.23447915,SF,3500
203919,Jordan,Adams,9.0,2,GS@MEM,MEM,GS,GTD,Knee,0.0,0.0,1,0.0,0.0,0.0,0.0,0.0,0.0,0.0,0.0,0.0,0.0,0.0,0.0,0.0,0.0,0.0,,,0.0,,0.836764843022,,SG,3500
200811,Louis,Amundson,14.6,53,NY@CHA,NY,CHA,GTD,Back,19.3,19.5,1,0.866811984176,0.752538929219,0.0101112150945,1.32530172953,1.47550801138,1.60138748266,0.494776323286,0.837270302342,3.07689549404,1.66162658765,6.40749470139e-06,3.52165192543,0.594577770763,3.91783735355,14.0,7.64779549934e-05,2.93360149332e-12,10.5676901253,11.1402879719,4.89776050379,4.56347267169,PF,3500
203143,Pablo,Prigioni,3.4,2,LAC@DAL,LAC,DAL,,,0.0,0.0,1,0.0,0.0,0.0,0.0,0.0,0.0,0.0,0.0,0.0,0.0,0.0,0.0,0.0,0.0,0.0,,,0.0,,0.836654930964,,PG,3500
1626192,Pat,Connaughton,2.0,2,SA@POR,POR,SA,,,1.2,1.25,1,0.0659299193127,0.0176118571596,0.102623208583,0.117473924699,0.0599475651126,0.113189521826,0.030453002758,0.0604036710916,0.173137086939,0.160824817921,0.0358467636906,0.37579371217,0.0909505805247,0.448446980056,1.0,1.71735188331e-19,6.91937066314e-38,0.790832412096,0.847614483834,1.37497636823,1.32741614405,SG,3500
203921,Cleanthony,Early,2.0,4,NY@CHA,NY,CHA,,,0.0,0.0,1,0.0,0.0,0.0,0.0,0.0,0.0,0.0,0.0,0.0,0.0,0.0,0.0,0.0,0.0,0.0,,,0.0,,0.715401255468,,SF,3500
203508,Sergey,Karasev,1.4,3,BKN@HOU,BKN,HOU,,,0.0,0.0,1,0.0,0.0,0.0,0.0,0.0,0.0,0.0,0.0,0.0,0.0,0.0,0.0,0.0,0.0,0.0,,,0.0,,0.68691165551,,SF,3500
203898,Tyler,Ennis,10.0,3,MIL@DEN,MIL,DEN,,,5.0,6.5,1,2.14966629147,0.132202374518,1.21914290921,0.361114485328,0.318153327978,0.594560956423,0.537549027776,1.29827600249,0.912714284401,2.00761965764,0.404553078228,4.9143483086,0.285055192055,4.70484758555,15.0,1.04716764807e-05,5.09735291917e-13,9.06583096614,9.96289692824,5.49529333377,5.45388296607,PG,3500
203512,Lucas,Nogueira,5.0,1,TOR@PHI,TOR,PHI,,,2.0,2.0,1,0.0600785809702,0.0259107381494,0.0365528472558,0.126946443639,0.0569015312103,0.109654313215,0.0411181888559,0.0590175180496,0.166555844426,0.140394895948,0.010066984082,0.319303574182,0.0884364919342,0.379293267912,1.0,2.28041053331e-20,3.72960468704e-39,0.744318488639,0.787188531926,1.31455471163,1.22372007471,C,3500
1626155,Sam,Dekker,1.1,3,BKN@HOU,HOU,BKN,,,0.0,0.0,1,0.0,0.0,0.0,0.0,0.0,0.0,0.0,0.0,0.0,0.0,0.0,0.0,0.0,0.0,0.0,,,0.0,,0.824869165214,,SF,3500
200745,Andrea,Bargnani,7.7,7,BKN@HOU,BKN,HOU,,,12.9,13.5,1,0.629342420507,0.483406434805,0.847470676582,2.01350360983,0.905125857286,0.962425493746,0.102237965046,1.06440738672,1.86755135103,3.15826798056,0.269419739154,7.17392628849,1.71053401674,8.296489717,17.0,1.17452332814e-05,1.92814905233e-14,11.588446382,12.3487551303,7.94052448931,7.6891924547,C,3500
1626273,Marcelo,Huertas,8.1,4,LAL@ORL,LAL,ORL,,,16.1,17.75,1,2.07627671132,0.160442281351,0.816213625185,0.318663771618,0.592730337911,0.993507172206,0.338668828467,0.750045067465,1.58623751012,1.12683392666,0.243952352476,2.72342290969,0.234774056318,2.73239426211,10.0,1.72188429743e-06,1.03326413423e-11,7.9984714934,8.57478466173,3.6688532103,3.61045956721,PG,3500
201150,Spencer,Hawes,12.8,6,NY@CHA,CHA,NY,,,12.3,12.5,1,1.8318350897,0.544318422907,2.1220286996,0.860168350904,0.45881196128,1.67368315739,0.434245016795,1.06152025254,2.13249511867,2.32265003844,0.63146805857,5.80197736336,0.430377536474,5.70714567192,19.0,2.08377409648e-05,3.63768200917e-10,11.9094990757,12.8626492449,6.22392191303,6.38056107912,C,3500
203094,Andrew,Nicholson,0.2,1,LAL@ORL,ORL,LAL,,,0.0,0.0,1,0.0,0.0,0.0,0.0,0.0,0.0,0.0,0.0,0.0,0.0,0.0,0.0,0.0,0.0,0.0,,,0.0,,0.628909708163,,PF,3500
2588,Matt,Bonner,7.0,72,SA@POR,SA,POR,,,1.2,1.25,1,0.0488162771783,0.0133811734653,0.134780541762,0.0355482500762,0.029590095186,0.0351102378,0.012294969483,0.01333529556,0.064700332986,0.101118543056,0.0507371398421,0.24313418462,0.0286424136625,0.281616639616,1.0,8.90650946757e-24,1.70117768025e-43,0.470498445303,0.505769679654,1.07229137722,1.11030782337,C,3500
