NBA_ID,First Name,Last Name,FPPG,Played,Game,Team,Opp,Status,Injury Details,Actual_FD,Actual_DK,Actual_MIN,AST,BLK,FG3A,FTA,OREB,DREB,STL,TOV,REB,FGM,FG3M,FGA,FTM,PTS,MIN,DD,TD,FD,DK,FD_std,DK_std,fd_Pos,fd_Salary
201566,Russell,Westbrook,53.9,14,OKC@UTA,OKC,UTA,,,39.9,42.25,19,7.57423649402,0.275185027088,4.080936067,6.78548459681,1.59914685748,3.53371703283,1.80777465324,3.76748065654,5.13286389031,7.44275510992,1.30730612872,16.3028031776,5.62337028913,21.8161866377,27.0,0.266207710702,0.00847899274485,39.7354167512,42.9542018827,15.6251268926,15.7572673135,PG,11900
202326,DeMarcus,Cousins,46.1,9,SAC@CHA,SAC,CHA,,,48.7,53.75,19,2.63979505083,1.46393004253,2.6977055464,9.57627235229,2.46276476028,6.51208205753,0.96638925927,3.36759296258,8.97484681781,8.23475065247,1.02184274171,18.0693378583,7.38554781781,24.8768918645,31.0,0.404972023429,0.000172136976404,41.0994462631,44.3508809022,18.0827846694,17.9675579458,C,10600
201142,Kevin,Durant,43.1,8,OKC@UTA,OKC,UTA,GTD,Hamstring,41.7,45.5,19,2.88565577766,0.9641306433,5.13317058475,5.85032447674,0.315229586246,4.01977064581,0.913990606194,2.25498742208,4.33500023206,8.21823180539,2.22817611488,15.8456927302,5.17472893614,23.8393686618,30.0,0.01430850064,1.11559175079e-05,34.8711076837,37.3509356825,15.4350005077,15.9095257478,SF,10300
2544,LeBron,James,45.7,13,ORL@CLE,CLE,ORL,,,41.7,44.5,19,6.75726436764,0.670429601742,3.91939624364,7.3877835918,1.13243850365,4.25090661067,1.50098023397,3.46580325184,5.38334511433,9.35787375799,1.31393835931,18.3968132069,4.89977762984,24.9294635051,35.0,0.193030789116,0.00696451757534,42.4023906134,45.371868411,17.8265228271,17.7668548891,SF,10100
203083,Andre,Drummond,44.8,13,DET@MIL,DET,MIL,,,37.0,39.25,19,0.478739887283,1.0269945986,0.00494879959143,4.00771817514,3.88127297108,7.03745638687,1.06838218556,1.56314773552,10.9187293579,5.09660897692,5.36138140541e-05,9.37329897485,1.65618114275,11.8494527104,24.0,0.487208784112,1.68107318178e-07,28.2976436037,30.3559944267,11.1905344242,10.7101247043,C,9700
2546,Carmelo,Anthony,36.8,14,NY@MIA,NY,MIA,,,42.6,45.0,19,3.83549699225,0.661629557181,5.62781552282,7.05025336162,1.63641758631,5.88246873249,1.17906734388,2.59792067827,7.51888631881,9.49089328166,1.8737839257,22.6490319785,6.06363451832,26.9192050073,41.0,0.231187711277,0.00138849974388,42.7785872021,45.7413308862,20.58075817,20.9587977303,SF,9000
202355,Hassan,Whiteside,37.4,12,NY@MIA,MIA,NY,,,36.7,39.25,19,0.315525112234,5.01240904733,0.013768082768,4.97952659699,3.54877323828,8.02365067823,0.879530779725,2.2543866246,11.5724239165,6.94500241874,0.00379185392341,11.5010105406,2.62662194605,16.5204186374,34.0,0.705393564725,0.021746554923,40.4101080351,43.2411484821,13.4489209677,12.835883974,C,8500
202695,Kawhi,Leonard,37.7,12,PHO@SA,SA,PHO,,,52.6,56.75,19,2.34373393011,1.2019767494,4.01578532454,3.35482712304,1.31708610003,5.67705131117,2.15800014029,1.43251076261,6.99413741121,8.73037467655,1.71845984588,17.3001372353,2.75846925565,21.9376784546,37.0,0.166861046034,4.23527252372e-05,39.13368726,41.3092980621,16.5830151429,16.7007412033,SF,8500
202339,Eric,Bledsoe,38.3,13,PHO@SA,PHO,SA,,,0.0,0.0,19,0.0,0.0,0.0,0.0,0.0,0.0,0.0,0.0,0.0,0.0,0.0,0.0,0.0,0.0,0.0,,,0.0,,0.956905524102,,SG,8400
202324,Derrick,Favors,34.3,12,OKC@UTA,UTA,OKC,,,28.4,29.75,19,1.49051167829,1.48092603918,0.0751035988981,4.13927458964,2.56559715118,5.13887041012,1.57122149291,1.63981340061,7.7044675613,6.3558010465,0.00352584961532,12.0058124388,2.70852133619,15.4236492788,30.0,0.225908337364,3.08548218541e-06,31.3692595334,32.915024299,13.7201178971,13.2328866202,PF,8100
2547,Chris,Bosh,35.2,12,NY@MIA,MIA,NY,,,27.7,29.0,19,1.51551301801,0.883315728504,3.72556466263,4.83946006574,1.03880543839,5.48238425325,0.761898541624,1.13135249622,6.52118969165,5.53155109396,1.35775007194,12.4695179917,3.88119434525,16.3020466051,29.0,0.115094480263,5.20627195907e-07,28.5598198061,30.3030738571,12.2648131952,12.5516926916,PF,8100
201567,Kevin,Love,36.5,13,ORL@CLE,CLE,ORL,,,49.6,54.0,19,2.41503359716,0.528710254604,6.38658718239,4.15808264707,2.5894286582,7.18636705502,0.685209150778,2.29234343785,9.77579571322,6.4273236451,2.30740464137,14.3641214201,3.53414333784,18.6961952694,34.0,0.492586771636,0.000104227446789,34.1851958939,37.713052559,14.1620471083,15.1884792477,PF,8000
200765,Rajon,Rondo,37.1,14,SAC@CHA,SAC,CHA,,,57.6,63.0,19,13.3151376803,0.10049559997,2.87623753001,1.85484650615,1.85847210747,6.25784558324,2.54254123477,4.97520669366,8.1163176907,6.94166776336,0.990595280139,15.6845268858,0.70215695726,15.5760877641,46.0,1.05843978578,0.22825676349,45.5992424892,51.2603893298,15.052474215,15.0397384533,PG,8000
202688,Brandon,Knight,35.6,13,PHO@SA,PHO,SA,,,27.6,32.75,19,5.86895806688,0.454291550675,6.69907881741,4.2399669029,0.888502890951,3.0391399239,1.56657195512,3.88401832685,3.92764281485,8.00944427504,2.71632334113,18.3425262415,3.63719423048,22.3724061217,38.0,0.0813417209125,0.000536061352103,36.0467232846,39.6668970248,17.137781128,18.1156145061,PG,8000
202704,Reggie,Jackson,32.9,13,DET@MIL,DET,MIL,,,17.7,19.25,19,4.67023138775,0.112137084537,3.10052978122,3.1068742395,0.505136045023,1.99012012709,0.699735190517,2.7606529906,2.49525617212,5.3636601118,0.939305128474,12.4767623804,2.57499311179,14.2416184639,24.0,0.0186517780389,5.03276072939e-06,23.1043645115,25.107099145,12.0494982108,12.1019683336,PG,7800
200746,LaMarcus,Aldridge,30.5,12,PHO@SA,SA,PHO,GTD,Ankle,0.0,0.0,19,0.0,0.0,0.0,0.0,0.0,0.0,0.0,0.0,0.0,0.0,0.0,0.0,0.0,0.0,0.0,,,0.0,,0.84362183849,,PF,7800
202328,Greg,Monroe,34.8,13,DET@MIL,MIL,DET,,,40.1,42.75,19,2.55059093267,0.733654009488,0.000241451224938,4.02994063238,3.27648918697,5.59087901484,1.20007833087,1.91974020652,8.8673682018,6.37794105228,1.50687263327e-07,12.4803910606,2.95256288959,15.7084451448,31.0,0.364370260587,0.000118160619465,32.1228978602,34.0730463216,14.1869529286,13.7383658653,C,7700
203506,Victor,Oladipo,29.1,11,ORL@CLE,ORL,CLE,,,17.6,18.25,19,2.91790540554,0.439368780594,3.24614807501,2.08243414272,0.576827995039,3.2397432837,1.11502427889,1.46481590231,3.81657127874,4.27906690132,0.911159443908,11.0157642101,1.62436882159,11.0936620681,26.0,0.00469206844392,3.6633871298e-06,21.6943759276,23.0802412574,10.4444027129,10.6352265555,SG,7500
202696,Nikola,Vucevic,31.7,10,ORL@CLE,ORL,CLE,,,20.0,20.75,19,1.81498606568,1.00684440279,0.0194934218496,1.78062965948,2.29701716398,4.26059962972,0.628201755752,1.38398726732,6.5576167937,6.18053186558,0.00648162487928,12.1221874428,1.37844454305,13.7459898991,26.0,0.108026448831,2.257758675e-06,26.2237141998,27.4088759321,13.6574749995,13.1968661589,C,7500
202689,Kemba,Walker,31.6,13,SAC@CHA,CHA,SAC,,,61.7,65.0,19,7.25487125392,0.84373498496,5.82468381503,6.51420876103,0.867417001489,3.47330169909,2.35924115598,2.44304726648,4.34071870058,8.91288241955,2.19536747064,20.1318936811,5.19560907441,25.2167413842,47.0,0.20927643294,0.0027127576954,45.2708157211,48.1291119472,18.6478014889,19.1969633716,PG,7500
200752,Rudy,Gay,30.1,12,SAC@CHA,SAC,CHA,,,39.0,43.5,19,3.50858334554,0.34590287629,3.51600981484,4.5656158559,2.07006665071,5.47989879079,1.43576517794,2.920057781,7.54996544151,9.55369893325,1.24571561867,20.8232407588,3.71323305483,24.06634654,42.0,0.231467625757,0.000769741641909,39.0324584156,41.8423540511,19.8109995585,19.7519740248,SF,7500
2548,Dwyane,Wade,31.1,11,NY@MIA,MIA,NY,,,26.3,27.5,19,4.63086019248,0.506701917919,1.66764772412,5.34810384904,0.910767927093,1.88885277391,1.1569570036,2.41633916742,2.799620701,7.11052164963,0.475748795564,16.0940429616,4.25336535407,18.9501574489,30.0,0.020423307726,1.30522868709e-05,30.1669712544,31.7836703894,16.2667152055,15.9933046224,SG,7300
2744,Al,Jefferson,29.4,13,SAC@CHA,CHA,SAC,,,19.1,20.75,19,1.58333508101,1.00767674541,0.0190220038249,1.94348297944,1.11346295373,3.40918905147,0.63168774171,0.752460109883,4.52265200519,5.69152356254,0.00699218650547,11.3303611037,1.19150172457,12.5815410362,23.0,0.0138799178801,9.22697262223e-08,22.9099949283,23.5366738303,12.8458286395,12.3952240363,C,7300
203497,Rudy,Gobert,30.2,10,OKC@UTA,UTA,OKC,,,13.0,15.75,19,1.2566741759,2.06784674303,0.008417400177,2.84092060909,2.75044787235,4.53487750464,0.641713692618,1.71117395709,7.28532537699,2.56926993982,0.00139763584172,4.62601180795,1.76540087524,6.90533839072,25.0,0.0597126214693,3.69843599717e-06,21.2406870212,22.550819114,6.46132561319,6.01265268345,C,7300
203952,Andrew,Wiggins,28.6,12,PHI@MIN,MIN,PHI,,,47.7,49.5,19,2.18536873098,0.727657837285,2.42317290926,8.03434611203,1.81554476969,2.01694153401,0.785946319228,2.32953546886,3.8324863037,7.95708493906,0.755029642089,18.3173418065,6.03949957052,22.7086990907,38.0,0.0061848091083,5.8240018983e-07,31.2834085958,33.0265944273,18.1377968251,17.9569862705,SF,7200
1626157,Karl-Anthony,Towns,33.9,13,PHI@MIN,MIN,PHI,,,14.4,14.5,19,0.721563296876,1.42997534006,0.347658638928,2.00517926931,1.54470939508,4.62411528864,0.515129389515,1.33621488781,6.16882468373,3.92804451486,0.0804276844862,7.80771804045,1.74393337918,9.68045009339,19.0,0.055731244292,1.51078423581e-07,20.7193792305,21.8197390705,9.11455343311,8.69332730762,C,7200
201937,Ricky,Rubio,32.0,9,PHI@MIN,MIN,PHI,,,29.7,32.0,19,9.23244962086,0.0908929420744,2.06096827987,4.42710326775,0.797540886078,3.13759985011,1.92342432561,2.66274013551,3.93514073619,3.69739550325,0.427825084149,10.1909437197,3.70552004155,11.5281361322,33.0,0.331107875968,0.00238538116848,31.4648738468,33.7107314509,9.97736204862,9.9208464112,PG,7100
203507,Giannis,Antetokounmpo,31.2,12,DET@MIL,MIL,DET,,,30.2,32.0,19,2.07369074738,0.852965768372,1.11169189809,3.55418857142,1.07255915072,3.282647422,0.821627339068,1.97875948764,4.35520657272,4.79066258933,0.380258960999,9.36930952977,2.9083099325,12.8698940722,27.0,0.0113702373951,7.0815123334e-07,22.5771048077,23.9914318412,10.313768002,9.95395761592,SG,7000
203901,Elfrid,Payton,25.9,13,ORL@CLE,ORL,CLE,,,10.4,10.5,19,3.73973053795,0.169018985313,0.728703292305,1.60993296483,0.756763083824,1.53520295322,0.914830923965,1.58160596798,2.29196603705,2.27533975894,0.246752563308,6.27836417552,1.13366446504,5.93109654623,19.0,0.00113271489659,1.5439768084e-07,14.8771454482,15.9076225512,6.74865141352,6.61222851315,PG,6900
1495,Tim,Duncan,28.4,13,PHO@SA,SA,PHO,,,22.1,23.5,19,3.31871329604,2.0460153729,0.0878212354646,3.90241109638,2.30110386333,5.8183780128,1.02407213085,2.20622996561,8.11948187613,5.13073743369,0.00794728094072,9.78090084854,2.97129886591,13.2407210142,32.0,0.251227951625,0.000583279870409,31.8961142516,33.7877687357,11.4820663957,11.0201651776,C,6900
201587,Nicolas,Batum,29.6,13,SAC@CHA,CHA,SAC,,,43.0,48.0,19,5.26957764422,0.706921548826,6.32109141382,4.21211164681,1.27267332584,4.9661452103,1.2644924796,3.36487944895,6.23881853614,6.16073293963,2.55876938805,14.1529133436,3.74936875605,18.6296040234,43.0,0.13795827255,0.00413833239398,34.598501341,38.0916190923,14.066955173,15.2026341705,SF,6800
202699,Tobias,Harris,28.8,13,ORL@CLE,ORL,CLE,,,19.9,20.5,19,1.59246179905,0.462950124883,2.14065620782,2.54602353245,1.50347882281,3.36623135395,0.631930665801,1.40654467314,4.86971017676,4.36821425471,0.67623062926,9.44172181182,1.99694229088,11.4096014295,25.0,0.0194423344538,1.33354479806e-07,20.4251632485,21.7392003103,9.70988140809,9.60493300925,SF,6800
201586,Serge,Ibaka,28.2,14,OKC@UTA,OKC,UTA,,,19.8,22.5,19,0.81420205621,1.87454921174,1.40911971567,1.09725165176,1.74417077391,3.35397140676,0.279275601821,1.16472435255,5.09814218067,4.43361608654,0.519240417479,9.53350215207,0.734748030507,10.1212206211,25.0,0.0215839815793,5.87311799805e-07,20.6032195968,21.7324868251,9.98551536072,9.76695603037,PF,6600
202330,Gordon,Hayward,26.2,12,OKC@UTA,UTA,OKC,,,30.6,32.25,19,2.84124371499,0.24089503384,3.41790510352,4.80271341578,0.809312467372,2.64678620851,0.821370876155,2.06006715334,3.45609867588,5.07131090906,1.10048882269,12.0493236707,3.79897753214,15.042088173,30.0,0.00337072400738,1.9981416684e-06,23.5157368231,25.2738818254,11.7590106978,11.9500025395,SF,6600
203457,Nerlens,Noel,25.4,12,PHI@MIN,PHI,MIN,,,16.0,17.75,19,1.39816494884,1.27048968004,0.00627271311567,3.14896801391,2.29079962502,5.38493879026,1.6280081346,2.82279409345,7.67573841528,4.40245384627,0.00172756563144,10.1711760512,1.95928725104,10.7659225092,32.0,0.164617541708,1.88724604243e-06,25.0482575667,27.0912372913,11.4843426607,11.1600868719,PF,6500
1626143,Jahlil,Okafor,30.0,14,PHI@MIN,PHI,MIN,,,40.9,45.0,19,1.33336769502,1.56119261518,0.107542831072,3.82798429597,2.37783300647,5.38403785255,0.484345154547,2.8039288719,7.76187085903,7.66736799367,0.0296182664228,16.0345433355,2.5256497518,17.8900040056,33.0,0.244067272005,1.769768297e-06,30.4914472465,32.6624205759,17.4731590862,17.0629606226,C,6400
204001,Kristaps,Porzingis,27.7,14,NY@MIA,NY,MIA,,,43.3,47.5,19,1.229563691,1.96186308518,4.01349215158,4.47978284563,3.67353275929,8.3264917659,1.06322339227,2.24483920562,12.0000245252,6.76433369471,1.32439872538,15.8460804727,3.673189519,18.5262556338,37.0,0.729353530705,2.96061709374e-05,38.5759643498,42.0547036561,14.9132161801,15.1234169821,PF,6300
202683,Enes,Kanter,24.4,14,OKC@UTA,OKC,UTA,,,12.5,13.25,19,0.74627790418,0.357597116066,0.180058761872,2.48808286406,3.01231479678,4.26705650963,0.15940081611,1.38246714604,7.2793713064,4.97637918489,0.0918362677851,8.85069788085,1.88807616334,11.9326708009,21.0,0.150104760471,1.12784810045e-09,21.4388619432,22.7651393595,10.4490220257,9.93882788692,C,6300
2590,Mo,Williams,26.9,11,ORL@CLE,CLE,ORL,GTD,Ankle,0.0,0.0,19,0.0,0.0,0.0,0.0,0.0,0.0,0.0,0.0,0.0,0.0,0.0,0.0,0.0,0.0,0.0,,,0.0,,0.834602454108,,PG,6200
202694,Marcus,Morris,28.1,13,DET@MIL,DET,MIL,,,8.5,10.25,19,1.39916591669,0.256627817589,3.08490114315,2.54034298044,1.01553121863,2.76792055797,0.981680991681,1.22195766781,3.7834517766,3.67520288279,0.850641535501,9.14060546691,1.87424537682,10.0752926779,26.0,0.00341050469533,7.94661058149e-09,17.9688436356,19.199431607,9.02916942793,9.22971677216,SF,6200
203487,Michael,Carter-Williams,23.6,8,DET@MIL,MIL,DET,,,33.6,34.75,19,4.84987888189,0.564387799141,1.61658239678,3.15598201414,0.724149806358,1.75877212729,1.23436236208,3.02231158199,2.48292193364,4.15109401229,0.471386554197,9.65139118558,2.20238763243,10.9759622112,26.0,0.0184503080554,4.81697184688e-06,21.8054755948,23.7041606726,9.99576557974,9.81968921983,PG,6100
203095,Evan,Fournier,29.8,13,ORL@CLE,ORL,CLE,,,15.7,18.25,19,1.71016766242,0.00839572226497,3.7103071038,1.89542816602,0.263617213471,1.80620907241,0.804149977505,1.15418475367,2.06982628588,4.09631916083,1.46043420415,8.96571179839,1.49578833206,11.1488608579,23.0,5.03052500036e-05,5.26584321605e-10,16.6688105404,18.0796867931,9.42065357542,9.94279948038,SG,5900
203897,Zach,LaVine,22.5,13,PHI@MIN,MIN,PHI,,,15.0,16.75,19,3.56629277519,0.0949254047047,3.07920431828,2.60736358904,0.522527246755,2.11588619248,0.68237374543,2.49876648576,2.63841343924,4.78678725268,1.14776993215,10.9175400857,2.28301213165,13.0043565692,25.0,0.00335771161767,1.2699814327e-06,20.5757236735,22.5359529318,10.7908156656,10.9801827684,SG,5700
202684,Tristan,Thompson,22.5,13,ORL@CLE,CLE,ORL,,,26.3,27.5,19,1.06933184701,0.958740691272,0.000317058001664,3.50424396595,3.604781677,7.68851026682,0.502229103034,1.07945486356,11.2932919438,4.26843067643,3.81063803182e-06,7.1981799419,2.06382996016,10.6006951237,34.0,0.457198340263,1.28331816897e-07,27.5991279518,29.3893197815,9.11066973604,8.57056825828,PF,5600
203496,Robert,Covington,18.4,5,PHI@MIN,PHI,MIN,,,28.7,32.5,19,1.72112354829,0.725486614806,7.72206900602,4.60989833892,0.932262314092,3.33060190714,2.06851402992,3.24840651138,4.26286422124,4.94949362746,2.168641979,13.770254445,3.91849252662,15.9861217605,35.0,0.0111725642289,8.28651538156e-07,26.0228389265,28.9612677151,13.7045937396,15.1281471043,SF,5600
203114,Khris,Middleton,22.4,13,DET@MIL,MIL,DET,,,26.6,28.25,19,1.65892906844,0.135708702749,2.66186796357,2.09882584214,0.225131482719,1.59074428187,0.899498514405,0.920534682242,1.81587576459,3.2390383225,1.12664572246,7.9873021257,1.83043239408,9.43515476153,23.0,1.67575253209e-05,1.11731810917e-10,15.2524790338,16.366888161,8.21428187636,8.56653190018,SF,5500
201609,Goran,Dragic,20.9,12,NY@MIA,MIA,NY,,,34.3,36.75,19,4.51482372184,0.217773437607,2.70163682277,2.42228728079,0.82252489656,2.26431149895,0.930863503178,2.19304164631,3.08683639551,4.67762269557,0.805099130915,10.4017295457,1.84861148178,12.0089560038,31.0,0.0140532122031,1.77017827473e-05,22.5896274965,24.2641726285,10.3516622863,10.340992372,PG,5500
203953,Jabari,Parker,14.8,7,DET@MIL,MIL,DET,,,16.7,16.75,19,1.2470610921,0.324768119118,0.281614782149,1.86847993592,1.43382853451,2.18936140925,0.819810605932,1.25080463946,3.62318994376,4.56789249162,0.0729437945832,9.12807653949,1.3837438417,10.5924726195,27.0,0.00275519492276,2.28454266087e-09,17.8492450008,18.6964115143,10.4266867721,9.99272489724,PF,5400
202692,Alec,Burks,23.8,12,OKC@UTA,UTA,OKC,,,12.9,15.0,19,2.05347912877,0.139901387718,2.18661306998,4.31543242033,0.59916901119,1.94427929393,0.727643327553,1.69356052621,2.54344830512,4.12057542284,0.879771214959,10.0317081724,3.57415653862,12.6950785993,25.0,0.000298184993473,1.45607139593e-08,18.8689641629,20.2832497699,10.1504497837,10.2095402875,SG,5400
202693,Markieff,Morris,21.9,11,PHO@SA,PHO,SA,,,39.6,44.0,19,2.25875508732,0.603849640419,3.1194262105,3.04584544563,1.63485858935,4.05137499003,1.22051305779,2.66617479677,5.68623357937,7.00194827513,0.957155562514,16.3886743903,2.22959999168,17.1906521045,34.0,0.0603580800575,7.5471306415e-06,28.3848156303,30.5713522504,15.551502475,15.5164697775,PF,5300
2225,Tony,Parker,21.4,13,PHO@SA,SA,PHO,,,35.2,37.25,19,5.24967827677,0.0695699179211,0.647315043911,3.29892446487,0.187545576295,1.39743414682,0.956538019083,2.3120577657,1.58497972311,6.32625579367,0.291882276042,11.8940280062,2.66254463543,15.6069384988,32.0,0.0382325474993,2.54660561419e-07,25.12358969,26.5621582823,13.0942622507,12.6423590296,PG,5300
2736,Luol,Deng,19.3,12,NY@MIA,MIA,NY,GTD,Hamstring,13.6,14.75,19,1.60180103035,0.432570379916,3.70651707789,2.4958144492,1.15815668495,2.55938496512,0.952130587846,1.00456711901,3.71754165007,4.41019374672,1.2314333924,9.72943726267,1.68040293073,11.7322238166,31.0,0.00361948497063,2.63216932955e-08,20.3608101587,21.6701168033,9.88200450164,10.2396113112,SF,5200
201954,Darren,Collison,21.4,9,SAC@CHA,SAC,CHA,,,15.6,16.25,19,4.29243740171,0.0910937539981,2.81143769474,3.03187054715,0.261234461814,0.888234497904,1.07386907064,1.92830695891,1.14946895972,4.66372097315,1.02064958483,10.8461528717,2.40591353598,12.7540050671,29.0,0.010085343453,6.09902916338e-09,20.9736426117,22.520722365,10.7396851493,10.8613225428,PG,5200
101107,Marvin,Williams,24.4,13,SAC@CHA,CHA,SAC,,,12.4,13.5,19,0.884402729032,0.629427037188,2.41191613219,0.821910306494,0.786835369174,2.65472282221,0.489670463247,0.563843577506,3.44155819138,2.15702321329,0.936859055603,4.82047883653,0.664785234612,5.9156907168,19.0,0.000671050181895,2.54094784553e-11,13.0465160634,13.9699518648,5.95167475307,6.3629705461,PF,5100
2199,Tyson,Chandler,19.8,13,PHO@SA,PHO,SA,,,9.2,10.0,19,0.458283389935,0.631353390544,0.0387810128624,2.00062363671,2.28793149241,4.29257443822,0.577788405812,0.977203142594,6.58050593063,1.79135053467,0.0,3.35201508926,1.3800753873,4.96277645664,20.0,,,14.9878891084,,4.99969141542,,C,5100
2747,J.R.,Smith,17.1,10,ORL@CLE,CLE,ORL,,,32.0,35.5,19,2.81549758854,0.616360588734,7.29874311377,0.873389675261,0.829363913191,1.8726151056,0.900812174855,1.72583889159,2.70197901879,5.42489841627,2.8591668797,13.2400243075,0.42958989576,14.138553608,38.0,0.000978867977237,2.84826682321e-07,22.9126814489,25.341752442,13.7987801573,15.3784684215,SG,5100
204456,T.J.,McConnell,23.3,14,PHI@MIN,PHI,MIN,,,22.6,24.25,19,5.71159645448,0.380339350028,1.49019895136,0.205381638966,0.707508873867,3.77395893854,1.08860827731,2.30087885127,4.48146781241,2.83206534165,0.428138375664,6.19262689243,0.151313970297,6.24358302926,26.0,0.0212134439915,0.000270950232185,20.8257554893,22.4469705101,6.76721140951,6.61457928177,PG,5000
203504,Trey,Burke,18.9,12,OKC@UTA,UTA,OKC,,,11.8,13.5,19,2.79092835242,0.0531707092776,3.77671113403,1.57315417386,0.325022873228,1.58352962794,0.86200330151,1.5046063754,1.90855250116,4.39099188714,1.49987517712,10.4230860545,1.18461609276,11.4664750442,24.0,0.000471903723494,1.42271199758e-08,18.2688722204,19.8672485199,10.3195127424,10.8350785996,PG,4900
203484,Kentavious,Caldwell-Pope,21.3,13,DET@MIL,DET,MIL,,,17.0,19.5,19,1.00378242392,0.167647736763,3.45408177106,1.56928744196,0.361987857274,1.25959426382,0.969965488771,0.840387399796,1.62158212109,3.61139294145,1.10811508562,8.59484840617,1.24877366969,9.57967463821,26.0,4.58665127955e-06,8.99164888239e-13,14.4660858707,15.5214230994,8.75790579281,9.15743147729,SG,4900
1938,Manu,Ginobili,22.9,10,PHO@SA,SA,PHO,,,14.8,17.5,19,3.27042419714,0.196230743212,3.38361544,1.65329255744,0.529627836093,1.59409786309,1.0179285427,1.59319161202,2.12372569918,3.70616287375,1.3210453825,7.87853894297,1.23365060304,9.96702173304,19.0,0.00125691966767,9.21420732234e-08,18.2562558276,19.8214462657,8.58968079934,9.04558822595,SG,4900
201593,Nikola,Pekovic,0.0,0,PHI@MIN,MIN,PHI,O,Achilles,0.0,0.0,19,0.0,0.0,0.0,0.0,0.0,0.0,0.0,0.0,0.0,0.0,0.0,0.0,0.0,0.0,0.0,,,0.0,,0.771302157252,,C,4800
203918,Rodney,Hood,21.9,11,OKC@UTA,UTA,OKC,,,16.9,18.0,19,1.84964300832,0.227999325658,3.24028365688,1.51995339834,0.2553777867,0.945217605673,0.793121287177,1.12335236244,1.20059539237,3.14888925113,0.976442348346,7.43603023218,1.24919958175,8.52342043235,20.0,1.15936629294e-05,6.70338697237e-12,13.6574882789,14.7674327944,7.84831799043,8.21094411882,SG,4700
101181,Jose,Calderon,16.3,14,NY@MIA,NY,MIA,,,12.6,12.75,19,4.46296575335,0.00479029735694,3.68980230218,0.650370883918,0.430489862781,1.75688291894,1.16437287562,1.48048071418,2.18737278172,3.57481152121,1.52315775678,8.10538629676,0.625116936821,9.29789773603,32.0,0.00866138221241,8.33096624925e-07,19.4750393359,21.0992217831,8.72208903222,9.37712351268,PG,4700
204038,Langston,Galloway,20.9,14,NY@MIA,NY,MIA,,,10.3,10.5,19,1.96994261113,0.140352456585,2.97160217168,1.70132575207,0.715508183261,2.20578991154,0.981312773986,0.662625699797,2.9212980948,3.06830557266,1.36541388727,7.11438606456,1.29439493081,8.79641996339,23.0,0.000462355048448,1.8198722894e-08,16.8375963552,17.9983746406,7.78962759984,8.33298285074,SG,4700
203079,Dion,Waiters,18.4,14,OKC@UTA,OKC,UTA,,,32.6,34.25,19,2.05637265635,0.22559550009,2.89781839364,2.44338330513,0.646761495728,2.34403577061,1.2208410297,1.72199219795,2.99079726634,4.38132935274,1.07050812623,10.6618665753,1.93776710186,11.7709339336,29.0,0.000828032546023,4.63869435262e-08,19.6153304993,21.1623627127,10.4206704392,10.6183634929,SG,4600
201167,Arron,Afflalo,19.4,6,NY@MIA,NY,MIA,,,17.1,18.75,19,2.07331065886,0.0379476640132,4.21360900178,1.58715463242,0.502934058131,2.08037681368,0.227087695096,1.27093186934,2.58331087181,5.36463348804,1.53746536089,12.6005009082,1.22913198272,13.4958643197,33.0,0.000341783299609,1.8163256805e-08,18.964942203,20.4988190912,12.039898841,12.5029471833,SG,4600
203087,Jeremy,Lamb,21.3,12,SAC@CHA,CHA,SAC,,,21.0,21.75,19,1.66817082759,0.469801158186,4.17796871188,1.59844430377,0.500174893758,2.72791990575,0.690781694779,0.932329800239,3.2280947995,5.08004992577,1.46149359116,10.350302561,1.24932093191,12.8709143746,26.0,0.00147821317428,1.49982002763e-08,20.6357202811,21.9962540815,10.5371361478,10.9631206661,SG,4600
2755,Kevin,Martin,18.8,12,PHI@MIN,MIN,PHI,,,13.2,14.25,19,1.93152414104,0.0106863509822,3.8644887986,6.00184391521,0.349351221964,2.19960274581,0.725136349431,1.63668432766,2.54895396778,5.38765164583,1.18934595425,13.8800216482,5.30268937189,17.2673386178,32.0,0.000339362525154,1.06860874373e-08,23.0583306639,24.5993025791,13.0485808068,13.3193112122,SG,4600
202391,Jeremy,Lin,20.3,13,SAC@CHA,CHA,SAC,,,24.1,26.75,19,4.33666956054,0.604036827298,3.758699398,4.72257252198,0.577231686452,2.19995301699,1.24058999649,2.50462741155,2.77718470344,4.84227436148,1.16116965518,11.7630799733,3.81070617477,14.6564245529,31.0,0.012517928986,7.43909672092e-06,25.6786767739,27.6692337532,11.4366917177,11.7294919068,PG,4600
203924,Jerami,Grant,20.9,14,PHI@MIN,PHI,MIN,,,19.7,21.5,19,1.46867893392,1.83941143336,2.5703530469,4.50060473194,1.56084739138,3.34108605752,0.716911751235,1.61792066459,4.90193344889,3.75308717283,0.592835424785,9.39311597041,3.04698088646,11.1459906569,32.0,0.0198736250896,5.29389589704e-07,22.7260549011,24.106341644,9.42606782198,9.42109557172,PF,4500
101141,Ersan,Ilyasova,16.9,13,DET@MIL,DET,MIL,,,8.6,9.75,19,1.08822537802,0.355541257956,3.33276164256,1.74745620204,1.43827356414,1.68221056641,0.5701638487,0.970477991912,3.12048413055,3.56080547816,1.36254249688,8.13590729808,1.27824530146,9.76239875465,24.0,0.000840063519179,2.01821524697e-10,16.0202499997,17.3440445465,8.63178319747,9.14460235272,PF,4500
201577,Robin,Lopez,19.1,14,NY@MIA,NY,MIA,,,21.1,22.5,19,1.80920372953,1.37804539815,0.00523828594209,2.10908939886,3.25668339761,3.85171579768,0.357552125998,2.11889466716,7.10839919528,3.97306749678,5.4092172058e-08,8.36790807416,1.78956080141,9.73569584906,30.0,0.10598040132,2.35175246385e-06,22.3318808588,23.9057258365,9.81548139147,9.43305820147,C,4400
200782,P.J.,Tucker,16.4,13,PHO@SA,PHO,SA,,,6.9,8.5,19,1.3597872416,0.142505375413,2.8940615142,1.78292978756,1.61664313434,3.07450453144,1.24330583594,1.03477861868,4.69114766577,2.83198338046,0.940068809169,6.84088657188,1.35481982875,7.95885539884,30.0,0.00904122357004,2.28883414601e-08,17.3647572642,18.6003002654,7.36341966705,7.72210709376,SF,4300
203521,Matthew,Dellavedova,18.9,13,ORL@CLE,CLE,ORL,GTD,Ankle,30.5,32.5,19,4.75647528928,0.0135046986738,2.6246159662,0.816606269608,0.432082160501,1.26078470345,0.645196969564,1.16737811091,1.69286686395,2.41935562295,1.06141939726,5.70569375285,0.673047119651,6.57317776281,24.0,0.00682252348198,7.87959369785e-08,15.889356159,17.0986322779,6.56860639374,7.04145421864,PG,4200
201956,Omri,Casspi,20.2,14,SAC@CHA,SAC,CHA,,,14.5,16.25,19,1.50809763385,0.154567157557,2.61298853572,2.33014144301,1.04524418503,4.01092295289,0.87197392631,1.86285528235,5.05616713792,4.20902627056,1.09764848689,8.46211541324,1.45664928138,10.9723503094,27.0,0.0227425781083,9.83402850298e-08,19.492124211,21.2592986147,9.01845410305,9.14913017605,SF,4200
201980,Danny,Green,16.9,13,PHO@SA,SA,PHO,,,30.2,33.0,19,2.75562739924,0.901781896383,6.10263057677,1.17899712128,0.640143460298,3.40003538648,0.898676568468,1.59146043237,4.04017884678,3.79873409353,2.11499284711,10.1496580447,0.931749907143,10.6442109413,34.0,0.00585354681549,3.20850149227e-06,21.6353231537,23.6993486815,11.0529289931,12.395218026,SG,4100
201573,Jerryd,Bayless,20.5,13,DET@MIL,MIL,DET,,,32.2,34.5,19,3.73370139591,0.21704433536,3.90500158242,2.15332212039,0.26835348129,1.95158465626,1.19109369843,2.01473576088,2.21993813755,4.11679902436,1.72865128863,9.4764174889,1.75384649311,11.7160958305,31.0,0.00375700523344,4.01084079306e-07,20.7821139961,22.7704411388,9.8258935593,10.500813998,PG,4100
203500,Steven,Adams,17.0,14,OKC@UTA,OKC,UTA,,,16.6,16.75,19,0.876896811977,1.48071796019,0.00816794449658,2.26412575362,2.2439681677,2.77016435989,0.379050688538,1.01188315035,5.01413252759,2.41855558877,0.000798539358973,4.27419879135,1.29304262689,6.13095234379,23.0,0.00721004496459,2.66491484226e-08,16.170910742,16.9387733606,6.02908237367,5.55708960943,C,4100
203476,Gorgui,Dieng,15.3,13,PHI@MIN,MIN,PHI,,,23.0,23.75,19,1.03448695036,1.4174860908,0.0296375081472,2.72809043432,2.43908522963,4.44287979772,1.41505745348,1.95511310515,6.88196502735,3.81436281811,0.00618535687352,7.60464894414,2.18982415144,9.82473514454,29.0,0.0941132836148,4.82443839114e-07,23.3447975863,24.8107164414,9.19648463898,8.78113414627,C,4000
203477,Isaiah,Canaan,16.0,14,PHI@MIN,PHI,MIN,,,23.1,26.25,19,2.38382502693,0.267627612053,7.63868664149,2.79580374553,0.417003970048,1.78961679008,0.947452326323,1.78986414494,2.20662076012,3.92863652509,2.72766956804,11.2585788838,2.32599552756,12.9109381458,30.0,0.000227689372325,1.52840997078e-08,19.7749163301,22.1443558045,12.9248866721,14.7588762471,PG,4000
1626161,Willie,Cauley-Stein,15.2,14,SAC@CHA,SAC,CHA,,,2.7,2.75,19,0.191065475882,0.390726678641,0.0456110151767,0.620520029764,0.753951532663,1.45850644395,0.290486885622,0.377078351305,2.21245797661,0.787265414442,0.0125616852919,1.47920823658,0.373209152491,1.96030166667,8.0,4.47651638294e-07,7.58801295611e-18,5.88719822964,6.19264181825,2.87005185773,2.56969402512,C,4000
203458,Alex,Len,12.8,13,PHO@SA,PHO,SA,,,1.7,2.25,19,0.120683660643,0.310779849121,0.00595769910404,0.693474614624,0.563810387526,0.971898782231,0.156111690572,0.429102899008,1.53570916976,0.767351501756,0.00179604386512,1.60082727124,0.473640515418,2.0101395628,6.0,2.11812272688e-08,3.70436595591e-20,4.53869623785,4.83093119954,2.90899742962,2.64120097046,C,4000
203932,Aaron,Gordon,18.8,13,ORL@CLE,ORL,CLE,,,23.7,25.5,19,1.46679327553,1.20819927626,1.7426469715,3.02397768091,2.27667659585,2.82576863934,0.752926866695,1.28811431059,5.10244523519,3.482783843,0.434579322611,7.71145749416,2.09623741501,9.49638442363,25.0,0.0200111191372,7.99393402734e-08,20.4536465945,21.6001325913,8.239510641,8.05935224661,PF,4000
202357,Nemanja,Bjelica,18.6,12,PHI@MIN,MIN,PHI,GTD,Knee,0.0,0.0,19,0.0,0.0,0.0,0.0,0.0,0.0,0.0,0.0,0.0,0.0,0.0,0.0,0.0,0.0,0.0,,,0.0,,0.837048952818,,SF,4000
203917,Nik,Stauskas,16.9,13,PHI@MIN,PHI,MIN,,,2.0,2.0,19,0.867415517325,0.144331254555,2.41221868883,0.701285958845,0.128829786879,0.774470948188,0.250061461909,0.537132706976,0.903300735067,1.34611104961,0.692312002637,3.94282992711,0.556738625865,3.94127272773,12.0,6.26727184211e-09,1.1239449893e-16,6.57800961175,7.23789701271,4.90479381948,5.38845084955,SG,4000
202389,Timofey,Mozgov,15.7,12,ORL@CLE,CLE,ORL,O,Shoulder,0.0,0.0,19,0.0,0.0,0.0,0.0,0.0,0.0,0.0,0.0,0.0,0.0,0.0,0.0,0.0,0.0,0.0,,,0.0,,0.80772022743,,C,4000
1889,Andre,Miller,12.3,6,PHI@MIN,MIN,PHI,,,5.2,6.25,19,2.03555205724,0.0298166828846,0.184230272511,0.494709107753,0.299805495105,0.399470954333,0.350558801344,0.790919204638,0.699276449437,1.08674552306,0.0352877850471,2.08665263116,0.374164665027,2.5829434962,9.0,7.43536063999e-07,3.04271504317e-15,6.4452350852,6.89330351782,3.43092572136,3.08578832087,PG,3900
203088,Kendall,Marshall,0.0,0,PHI@MIN,PHI,MIN,O,Knee,0.0,0.0,19,0.0,0.0,0.0,0.0,0.0,0.0,0.0,0.0,0.0,0.0,0.0,0.0,0.0,0.0,0.0,,,0.0,,0.899244200232,,PG,3900
201585,Kosta,Koufos,18.5,14,SAC@CHA,SAC,CHA,,,26.9,27.75,19,0.444648751986,1.06169590484,5.43064302669e-05,1.32591952536,2.57016549244,3.30903035638,0.677322414771,0.903114005352,5.87919584882,3.66439357066,1.56490492202e-06,6.92727997423,0.781318062985,8.11010676921,24.0,0.0318535796841,6.20754543745e-09,18.4070375496,19.2003355154,8.49500659982,8.03011183008,C,3800
204020,Tyler,Johnson,15.6,11,NY@MIA,MIA,NY,,,20.1,21.25,19,1.66026524518,0.434050899805,1.68719078417,1.8825231973,0.716363304421,1.38305189518,0.834500697088,1.08610120017,2.0994151996,2.94145840304,0.74520881704,6.05574424264,1.37049366918,7.9986192923,21.0,3.27930159666e-05,2.81919578018e-10,14.4593173932,15.4799923522,6.92800977952,6.94677019793,PG,3800
203469,Cody,Zeller,16.1,11,SAC@CHA,CHA,SAC,,,20.2,21.0,19,1.32636677442,0.817348433531,0.338490035803,4.07156103421,2.18142189543,3.50282733151,0.914905610971,1.07043412339,5.68424922694,3.05260356869,0.00825391509005,6.86581285074,2.79744896386,8.91091001633,28.0,0.0326282719265,4.78477302918e-08,20.1156332159,20.9881322479,8.21070286217,7.86377707278,PF,3800
201988,Patrick,Mills,16.1,13,PHO@SA,SA,PHO,,,15.5,17.5,19,3.0825916754,0.147627575596,5.51988139961,0.643580072613,0.497190307235,1.59200483605,1.42085881428,1.44024433101,2.08919514328,4.46231043134,2.15709904269,10.4232317262,0.499511135217,11.5812310406,28.0,0.000980397457682,6.44475119888e-08,20.4088811744,22.3134834079,11.1091671867,12.232618963,PG,3800
202349,Greivis,Vasquez,16.1,13,DET@MIL,MIL,DET,,,17.3,19.0,19,3.95661739209,0.034999340284,3.39279924482,1.32006914653,0.257683813526,1.41249576791,0.474807302307,1.63792561294,1.67017958143,2.63107330802,1.01044413503,7.20479136099,1.12907534194,7.40166609301,22.0,0.0027285732471,2.80727508642e-08,14.7224953511,16.1342821483,7.4986003091,8.03368399714,PG,3800
2561,David,West,12.5,13,PHO@SA,SA,PHO,,,15.1,15.75,19,2.67571216035,0.524764645656,0.152156163629,1.48949080808,1.03909102487,2.86939248766,0.521283755455,1.72630093103,3.90848351254,3.54120034981,0.0192704433448,6.92665199741,1.05479483983,8.1564659828,22.0,0.00319743965365,1.40172774055e-06,17.2260103096,18.299020537,8.35109697023,7.90303320041,PF,3800
2405,Amar'e,Stoudemire,8.7,2,NY@MIA,MIA,NY,GTD,Illness,0.0,0.0,19,0.0,0.0,0.0,0.0,0.0,0.0,0.0,0.0,0.0,0.0,0.0,0.0,0.0,0.0,0.0,,,0.0,,0.765011587943,,PF,3800
201158,Marco,Belinelli,17.6,14,SAC@CHA,SAC,CHA,,,24.5,26.0,19,3.25239370768,0.024702484139,6.69577658065,4.16103646944,0.382741838886,1.47295152637,0.884261049336,1.95105572496,1.85569336526,5.22157979484,2.46124358726,13.4604456807,3.59647920663,16.5008823836,38.0,0.00183869054112,4.5489078433e-08,23.4731763254,25.774868822,13.4813935659,14.8015331084,SG,3800
203473,Dewayne,Dedmon,14.9,12,ORL@CLE,ORL,CLE,,,3.0,3.0,19,0.0734543117763,0.50865005081,0.00524834249957,0.659022267858,0.745963681665,1.19810578181,0.204792096719,0.348535403396,1.94406946348,0.751810891665,0.00111529057089,1.47154479149,0.424658054636,1.92939512854,7.0,1.32629664001e-07,2.6711839107e-17,5.45080884404,5.72283786314,2.84678220863,2.56264728957,C,3700
1626158,Richaun,Holmes,10.3,7,PHI@MIN,PHI,MIN,O,Hamstring,0.0,0.0,19,0.0,0.0,0.0,0.0,0.0,0.0,0.0,0.0,0.0,0.0,0.0,0.0,0.0,0.0,0.0,,,0.0,,0.826541042835,,PF,3700
203463,Ben,McLemore,11.0,14,SAC@CHA,SAC,CHA,,,14.7,15.75,19,1.11391397536,0.0910025934696,2.55684109392,1.2142887909,0.38078788989,0.849475679677,0.574313295049,1.36636851542,1.23026356957,2.69617077632,1.03056939284,6.22387224935,0.967672749798,7.39058369527,19.0,3.6495516138e-07,7.66686248625e-14,10.5020342034,11.7620168835,6.93525814644,7.313483609,SG,3700
1626163,Frank,Kaminsky,9.7,12,SAC@CHA,CHA,SAC,,,15.0,15.75,19,1.54590114633,0.638254040963,2.18104058267,0.920619373967,0.742262024957,2.60008380793,0.624571297841,0.752336794037,3.34234583289,2.71070220449,0.896175499489,6.08312458127,0.707820185209,7.02540009368,21.0,0.000783694974136,4.15883040285e-09,15.1283806962,16.1209296896,6.76338211786,7.00124495645,PF,3700
2564,Boris,Diaw,14.7,13,PHO@SA,SA,PHO,,,0.4,1.5,19,1.90767401647,0.213499282498,0.752586158382,0.572109683852,0.503354672639,1.11907734819,0.277022405779,0.777494080134,1.62243202083,1.65628688564,0.257114213724,3.54734479448,0.426403499817,3.99609148481,13.0,2.95409256323e-06,1.89280882498e-11,9.00807023093,9.6065004101,4.56935598967,4.39285386503,PF,3700
203933,T.J.,Warren,15.7,12,PHO@SA,PHO,SA,,,22.6,23.75,19,0.88847495765,0.265907022469,1.37336430963,1.53698660781,1.71298712214,2.12925945096,0.713810613728,1.16521450196,3.84224657311,5.31560190165,0.498670965647,10.568819772,1.14717612747,12.2770508964,26.0,0.00476567756993,2.03607778006e-10,19.0146799911,20.0458835705,11.1453299035,10.823984966,SF,3700
203141,Mirza,Teletovic,11.1,13,PHO@SA,PHO,SA,,,22.7,25.0,19,1.49399927345,0.429021023302,5.66035541587,0.715202701816,0.948389357262,2.09034858019,0.537597592702,1.01997569645,3.03873793745,3.23531446085,2.16483641855,8.47236055254,0.503893012479,9.13935835274,23.0,0.000626719684536,2.47255879593e-09,15.9401043234,17.6853873647,10.1052867405,11.493490119,PF,3700
1626169,Stanley,Johnson,13.6,13,DET@MIL,DET,MIL,,,21.4,22.5,19,1.45654371187,0.0846462633823,3.38025083072,2.19469528747,1.18357722726,3.36341354747,0.859805138247,1.60663338226,4.54699077473,4.11389005711,0.727289281458,10.3997317722,1.53904421742,10.4941136131,26.0,0.0116514217118,3.7315720993e-08,18.4175875316,19.8293756467,9.81521052143,9.92160534761,SF,3600
203138,Hollis,Thompson,15.6,14,PHI@MIN,PHI,MIN,,,24.5,26.25,19,1.73987316423,0.356123164436,5.63285160185,1.53286879453,1.020236912,3.11624246049,0.861453083589,1.81318628187,4.13647937249,3.63683570742,2.21977196584,9.26616333948,1.11643711537,10.6098804961,33.0,0.00636490392055,9.27635363328e-08,18.8054317036,21.0382824302,10.5208619132,11.8449685276,SF,3600
201975,Jodie,Meeks,1.7,2,DET@MIL,DET,MIL,O,Foot,0.0,0.0,19,0.0,0.0,0.0,0.0,0.0,0.0,0.0,0.0,0.0,0.0,0.0,0.0,0.0,0.0,0.0,,,0.0,,0.592046369819,,SG,3600
708,Kevin,Garnett,12.1,11,PHI@MIN,MIN,PHI,,,25.5,26.0,19,1.47691531568,0.276251277908,0.0585765227338,0.707322350244,0.586867872188,3.42231018298,0.94491339887,0.632661096585,4.00917805517,2.13647170699,0.00790912411739,4.52081225656,0.4292483718,4.71010090989,18.0,0.000863437281554,3.14901236408e-09,13.5461558066,14.0681949851,5.82069040103,5.46341157075,PF,3600
1626159,Justise,Winslow,15.2,12,NY@MIA,MIA,NY,,,20.7,21.5,19,1.66749123273,0.297564660609,1.97662917295,1.87040616083,1.12280409094,4.3396765489,0.779848901947,1.82165440985,5.46248063984,3.21756402733,0.523599018408,7.27358265225,1.23813431013,8.1968613832,31.0,0.0225645747039,2.29516006462e-07,17.5862477154,19.0658460121,7.64584401855,7.56174023067,SF,3600
201228,C.J.,Watson,13.1,8,ORL@CLE,ORL,CLE,O,Calf,0.0,0.0,19,0.0,0.0,0.0,0.0,0.0,0.0,0.0,0.0,0.0,0.0,0.0,0.0,0.0,0.0,0.0,,,0.0,,0.825825484982,,PG,3600
202344,Trevor,Booker,13.2,11,OKC@UTA,UTA,OKC,,,8.1,8.75,19,0.927010295568,0.516795258041,0.800547581307,0.848176530478,1.98525538578,2.6319276819,0.724754065424,0.947594135758,4.61718306768,2.13750875039,0.188284998306,5.65656520404,0.535735635786,4.99903813487,20.0,0.00271133753086,1.67342042519e-10,13.4656777706,14.2685434978,6.14476892325,5.96773804217,PF,3600
201564,O.J.,Mayo,10.8,2,DET@MIL,MIL,DET,,,16.6,17.75,19,1.96432361978,0.14976398736,3.19140664232,1.14834946002,0.251457868287,0.770047991331,0.809644850061,1.24188885133,1.02150585962,3.07980967797,1.26706796323,6.99834518802,0.952677627739,8.37936494691,19.0,1.81462066577e-05,2.73462504721e-12,13.2285862316,14.5341671512,7.76066954383,8.29308512987,SG,3600
2555,Nick,Collison,10.5,11,OKC@UTA,OKC,UTA,,,5.7,6.25,19,1.46445364685,0.516388156232,0.545084648881,0.855879733394,1.57909446544,2.10254199205,0.643042252597,1.11440266742,3.68163645749,1.7110153749,0.116937642768,3.6878595681,0.690898756786,4.22986714935,18.0,0.00037551098604,1.24966668586e-09,12.0489695189,12.849284767,4.75295153642,4.45854092944,PF,3600
203089,John,Henson,13.7,9,DET@MIL,MIL,DET,,,2.7,3.75,19,0.429248714842,0.751999405459,0.000477711247326,0.987213181898,0.839578218004,0.865986622748,0.179806966772,0.598362205521,1.70556484075,1.35268560995,6.69216228618e-05,2.46788620562,0.590482930128,3.29592107165,8.0,3.81955245676e-07,3.09203761111e-15,7.25172249176,7.6362158703,4.02514362991,3.63401011982,PF,3600
201160,Jason,Smith,10.7,8,ORL@CLE,ORL,CLE,,,13.1,13.25,19,0.85151895167,0.640852694293,0.289400146743,1.19594811025,0.742103427274,1.68169468035,0.256125193452,0.800258264878,2.42379810762,2.19846052827,0.118025846259,5.12117149707,1.01840541726,5.53335232005,15.0,3.77537861017e-05,1.03186392905e-12,10.7128859873,11.2932745789,6.15607116405,5.89434266195,PF,3600
203937,Kyle,Anderson,8.1,13,PHO@SA,SA,PHO,,,5.0,5.5,19,0.634942486924,0.268188886486,0.279775397385,0.457364463983,0.153432090471,0.796447031409,0.343766902373,0.261633602312,0.949879121881,0.815764376075,0.0898056362307,2.11307589912,0.273384965007,1.99471935339,8.0,4.69796073585e-10,7.5962104491e-19,5.04926600544,5.27247958151,3.04022377329,2.90351822024,SF,3600
201150,Spencer,Hawes,13.1,13,SAC@CHA,CHA,SAC,,,4.4,5.0,19,0.831106207572,0.216090376775,0.945004546325,0.436888662321,0.227768071603,0.898064919783,0.140936299517,0.443094546546,1.12583299139,0.970687936079,0.283804434675,2.49421254242,0.297397995612,2.52257830245,8.0,6.86184983973e-09,1.31756449169e-16,5.3911960095,5.81093715998,3.40400916456,3.44630462185,C,3600
204060,Joe,Ingles,8.2,12,OKC@UTA,UTA,OKC,,,0.9,2.5,19,1.19419824132,0.079902332523,1.67298952119,0.23851596124,0.126086023348,0.946372273091,0.502596040454,0.685624756587,1.07245829644,1.25751989964,0.625779969513,2.81489525135,0.196263065284,3.33708283408,13.0,4.26639525401e-08,6.49786133257e-15,6.89470214115,7.60402748302,4.18402439607,4.49913293865,SF,3500
203948,Johnny,O'Bryant,10.5,13,DET@MIL,MIL,DET,,,6.3,6.5,19,0.779502711198,0.231799300703,0.0273850959522,1.22006829201,1.17639621299,1.69626078707,0.254400506493,0.645907969514,2.87265700006,1.65608606385,0.00754210310138,4.09564222724,0.78603846084,4.10575269165,16.0,5.37204650491e-05,6.04980913438e-13,9.04868680339,9.5191252704,5.19122278978,4.92884674746,C,3500
2592,James,Jones,5.3,13,ORL@CLE,CLE,ORL,,,4.5,5.0,19,0.566995628195,0.176720055945,3.42513399411,0.889140841969,0.189067544127,0.568041849928,0.252048944868,0.297049955433,0.757109394055,1.62876195267,1.38938191892,4.20668760986,0.658553041331,5.30545886558,14.0,1.82454195482e-09,9.6891844692e-19,7.62497162694,8.50604303655,6.39166950336,7.36605633221,SF,3500
1626209,Mario,Hezonja,6.9,13,ORL@CLE,ORL,CLE,,,9.2,10.0,19,0.752014864985,0.112333765493,2.01472331969,0.733706591451,0.392918437479,1.47435262831,0.324101398955,1.11699144351,1.86727106578,1.74779114939,0.697011409708,4.37860499659,0.588282145159,4.78087585366,14.0,3.56260175202e-06,2.87239961257e-14,7.90550231546,8.90587263926,5.22695610809,5.53710333921,SF,3500
201202,Joel,Anthony,0.0,0,DET@MIL,DET,MIL,,,8.1,8.75,19,0.085263797571,0.481406640625,1.30228061334e-07,0.287512383754,0.425762819465,0.407159126554,0.143160831678,0.158446684915,0.832921946018,0.381112817083,3.67309916584e-08,0.732059401965,0.196726113955,0.958951784852,5.0,3.41505102916e-12,4.04175736575e-22,3.17704207612,3.29791153425,1.96907766169,1.75507025981,C,3500
201177,Josh,McRoberts,8.5,12,NY@MIA,MIA,NY,,,15.8,16.25,19,2.28240273891,0.183722454069,1.4456669598,0.969616123786,0.880344054969,1.59875131857,0.675080746613,1.12294284197,2.47909537354,1.41925028559,0.425870997318,3.50719646457,0.640159730782,3.90453129927,19.0,2.89681214075e-05,2.57571188835e-09,10.8977134153,11.7961185635,4.40717867294,4.50286654644,PF,3500
2406,Caron,Butler,5.7,7,SAC@CHA,SAC,CHA,,,0.0,0.0,19,0.0,0.0,0.0,0.0,0.0,0.0,0.0,0.0,0.0,0.0,0.0,0.0,0.0,0.0,0.0,,,0.0,,0.59814332223,,SF,3500
203382,Aron,Baynes,9.2,13,DET@MIL,DET,MIL,,,18.3,18.75,19,0.69842079028,0.418625656324,0.0363847374254,1.71411471207,2.00027162187,2.6855076944,0.360703670879,1.11037133917,4.68577931628,2.79034188714,0.00905440595292,5.37479056921,1.36338712012,6.95312530035,19.0,0.00666416117535,2.71821958553e-11,14.0719789805,14.8759770608,6.92497394216,6.49543014336,C,3500
101123,Gerald,Green,10.4,6,NY@MIA,MIA,NY,,,15.0,15.25,19,0.672475871769,0.128877100237,3.72679645947,1.36749848369,0.342457231852,0.949063793127,0.244928962323,0.799321110637,1.29152102498,2.71756021606,1.19445540525,7.3217761327,1.14374523303,7.7733210704,15.0,4.38367143472e-07,1.238658503e-15,10.2801511225,11.3416160893,7.81324913973,8.49403986716,SG,3500
1626199,Darrun,Hilliard,0.0,0,DET@MIL,DET,MIL,,,3.6,4.75,19,0.748455884824,0.210798810503,1.53696870059,0.900499595656,0.701874205454,1.78416564925,0.386426234715,0.852406771092,2.4860398547,2.06615068425,0.344947712625,5.28920654189,0.66343890211,5.14068798323,13.0,4.02249288654e-05,3.10855721663e-13,9.58866295545,10.3117025274,5.68387357769,5.6196113349,SG,3500
203940,Adreian,Payne,8.1,8,PHI@MIN,MIN,PHI,,,10.1,11.75,19,0.529517785205,0.181661508627,0.331034967804,0.638724157415,0.685890279396,1.44522756101,0.328893921578,0.953069975872,2.13111784041,1.61814873593,0.142093732845,3.5914708583,0.440792593648,3.81918379836,12.0,4.73477393505e-06,1.41302621159e-15,7.23884276919,7.89298761773,4.66536967344,4.42763938002,PF,3500
204014,Damjan,Rudez,1.7,6,PHI@MIN,MIN,PHI,,,0.0,0.0,19,0.0,0.0,0.0,0.0,0.0,0.0,0.0,0.0,0.0,0.0,0.0,0.0,0.0,0.0,0.0,,,0.0,,0.539645052485,,SF,3500
203925,Joe,Harris,2.4,4,ORL@CLE,CLE,ORL,,,-1.0,-0.5,19,0.0614560890868,0.00512144442512,0.176933633452,0.0322293652357,0.0150957609021,0.0392048511995,0.0179522935155,0.0560735275886,0.0543006121016,0.097224622469,0.0613150135461,0.25233611286,0.0213009086337,0.277065167118,1.0,1.02316177653e-23,4.62994330796e-43,0.424483983563,0.485893284735,1.10441213421,1.15681898205,SG,3500
203462,Archie,Goodwin,7.8,9,PHO@SA,PHO,SA,,,0.0,0.0,19,0.34116486214,0.0718956399936,0.347968933096,0.836447220384,0.188356960229,0.451036362084,0.125806884353,0.433718505967,0.639393322312,0.671680651086,0.0939844171304,1.60474641957,0.552566436791,1.98991215609,5.0,9.7931630526e-12,4.21934292957e-23,3.2306179788,3.52643910648,2.70090384051,2.5624854023,PG,3500
200779,Steve,Novak,4.2,1,OKC@UTA,OKC,UTA,,,0.0,0.0,19,0.0,0.0,0.0,0.0,0.0,0.0,0.0,0.0,0.0,0.0,0.0,0.0,0.0,0.0,0.0,,,0.0,,0.46938023534,,SF,3500
203962,Josh,Huestis,0.0,0,OKC@UTA,OKC,UTA,,,0.0,0.0,19,0.0,0.0,0.0,0.0,0.0,0.0,0.0,0.0,0.0,0.0,0.0,0.0,0.0,0.0,0.0,,,0.0,,0.845620626624,,SF,3500
1626173,Rashad,Vaughn,4.1,8,DET@MIL,MIL,DET,,,4.2,4.75,19,0.132909971503,0.0990524532449,0.607038494059,0.202991506356,0.135993065463,0.343360608436,0.107657547165,0.244379427101,0.479353673899,0.569900190383,0.216641039009,1.36043852081,0.157159943298,1.51360136307,4.0,4.82325159096e-13,2.38881488715e-28,2.45723130273,2.71170921948,2.45590215663,2.51330784431,SG,3500
203960,Jakarr,Sampson,9.5,14,PHI@MIN,PHI,MIN,,,2.2,2.25,19,0.351809960677,0.096849698797,0.535609994311,0.931861907583,0.273131202304,0.834767363065,0.19827101734,0.638633274934,1.10789856537,1.07672304002,0.132465317149,2.34446774683,0.652042198852,2.93795359604,8.0,6.81651230627e-09,3.97898348568e-20,4.74675497283,5.18769920737,3.47093637104,3.26142332114,SF,3500
1626251,Duje,Dukan,0.0,0,SAC@CHA,SAC,CHA,,,0.0,0.0,19,0.0,0.0,0.0,0.0,0.0,0.0,0.0,0.0,0.0,0.0,0.0,0.0,0.0,0.0,0.0,,,0.0,,0.845620626624,,PF,3500
203950,Jarnell,Stokes,1.2,2,NY@MIA,MIA,NY,,,0.0,0.0,19,0.0,0.0,0.0,0.0,0.0,0.0,0.0,0.0,0.0,0.0,0.0,0.0,0.0,0.0,0.0,,,0.0,,0.875565325727,,PF,3500
203481,Jeff,Withey,5.7,5,OKC@UTA,UTA,OKC,,,13.0,13.75,19,0.474431222878,1.0311343851,0.0162918556257,2.02066796554,1.21944192999,1.28822298871,0.310451828616,0.564834211541,2.5076649187,1.59195425075,0.00402933462044,3.06863895355,1.35884099813,4.54677883425,14.0,2.53014368116e-05,3.72542428982e-12,10.3859617869,10.7958147581,4.69151588636,4.32561759409,C,3500
1626196,Josh,Richardson,3.9,4,NY@MIA,MIA,NY,,,0.0,0.0,19,0.0,0.0,0.0,0.0,0.0,0.0,0.0,0.0,0.0,0.0,0.0,0.0,0.0,0.0,0.0,,,0.0,,0.717388714026,,SG,3500
201229,Anthony,Tolliver,8.4,12,DET@MIL,DET,MIL,,,20.8,23.0,19,0.879359302884,0.272727452922,4.3889112693,0.939773895829,0.659470577018,1.9995117832,0.489951881398,0.485387594876,2.65898236022,1.93086379639,1.41900739843,5.7115674838,0.622390099757,5.90312509096,24.0,0.000107878592485,3.72051816332e-12,11.4529139513,12.5382223839,7.5105900959,8.59788192722,PF,3500
201603,Sonny,Weems,4.0,8,PHO@SA,PHO,SA,,,3.5,3.5,19,0.0882742013817,0.00213544167961,0.0444235213043,0.0657441105075,0.023416843861,0.0733947251363,0.0294117311563,0.0827481669741,0.0968115689973,0.124857688308,0.00763975425615,0.299355091944,0.0465273484935,0.303882479366,1.0,7.14168322861e-23,3.72656907637e-40,0.532813842933,0.582848381998,1.1894118745,1.08381430881,SF,3500
203584,Troy,Daniels,2.2,5,SAC@CHA,CHA,SAC,,,0.0,0.0,19,0.0,0.0,0.0,0.0,0.0,0.0,0.0,0.0,0.0,0.0,0.0,0.0,0.0,0.0,0.0,,,0.0,,0.589048433235,,SG,3500
203187,Chris,Johnson,2.9,9,OKC@UTA,UTA,OKC,,,6.0,7.0,19,0.198340350826,0.0546640388741,1.04438627251,0.270495904925,0.152826658526,0.278943093851,0.243620256538,0.189893367571,0.431769752377,0.705637152868,0.355253072345,1.80201250894,0.198038962105,1.96456634019,6.0,4.86028756605e-13,8.92432784871e-26,3.18687579253,3.48103750011,2.93972816783,3.15105218846,SG,3500
201571,D.J.,Augustin,11.7,14,OKC@UTA,OKC,UTA,,,13.2,14.75,19,3.24779512464,0.0615077133492,2.70336722013,1.92429280303,0.228112228665,1.06523325129,0.693460509133,1.66783919026,1.29334547995,2.6370701231,1.09206212561,6.24905880386,1.46986731878,7.83606969059,21.0,0.00078422823407,8.81155860441e-10,14.1018742082,15.5476684851,7.04984327765,7.49834512035,PG,3500
203906,Roy Devyn,Marble,1.6,2,ORL@CLE,ORL,CLE,,,0.0,0.0,19,0.0,0.0,0.0,0.0,0.0,0.0,0.0,0.0,0.0,0.0,0.0,0.0,0.0,0.0,0.0,,,0.0,,0.73108128219,,SG,3500
1626145,Tyus,Jones,2.9,2,PHI@MIN,MIN,PHI,,,0.0,0.0,19,0.0,0.0,0.0,0.0,0.0,0.0,0.0,0.0,0.0,0.0,0.0,0.0,0.0,0.0,0.0,,,0.0,,0.807685603354,,PG,3500
203915,Spencer,Dinwiddie,10.9,5,DET@MIL,DET,MIL,,,9.9,10.5,19,3.10012317237,0.147881045099,1.93062097998,2.03964159411,0.122310473396,0.731920758171,0.558541787869,1.06573341513,0.854231231567,2.12471703317,0.354535471809,6.04887009942,1.43990336235,6.04387290051,17.0,0.000311019682091,8.33047856656e-12,12.0662473877,12.8195599223,6.16321228168,6.15383819971,PG,3500
2760,Anderson,Varejao,6.5,11,ORL@CLE,CLE,ORL,,,13.6,14.0,19,0.733131097697,0.251667081391,0.0732279877926,0.928122621954,1.28778300257,1.78283521192,0.358751104719,0.712340120033,3.07061821448,2.03057112872,3.15033030517e-07,3.83407035991,0.623631534621,4.68477410709,13.0,0.000135157534035,8.60529431267e-13,9.9777088632,10.4876127278,5.29949221209,4.866964304,C,3500
203460,Andre,Roberson,12.7,13,OKC@UTA,OKC,UTA,,,5.6,5.75,19,0.658651945463,0.391315316484,1.34099122136,0.600728278627,0.682197887211,1.34708756797,0.530363585781,0.377148601757,2.02928545518,1.32458995946,0.381971102448,2.96829714215,0.3358283999,3.36697942127,16.0,2.5870691299e-06,6.84644235767e-15,8.25630908845,8.73733709392,4.02799758995,4.0583882853,SG,3500
1626166,Cameron,Payne,2.7,7,OKC@UTA,OKC,UTA,,,1.5,1.5,19,0.634483927696,0.0498422988277,0.532965881971,0.204638027209,0.0990561505506,0.46717978366,0.126529793224,0.255898431696,0.56623593421,0.55635118799,0.132227769505,1.45527063335,0.150766117782,1.39569626327,4.0,5.49291421897e-12,2.28855836253e-21,3.12375102827,3.34612592559,2.43899897125,2.39580759445,PG,3500
201627,Anthony,Morrow,7.8,13,OKC@UTA,OKC,UTA,,,20.5,22.0,19,0.558321941292,0.0977592195927,3.42533834508,0.495293923583,0.31978125237,0.851162270019,0.718367264303,0.466074039103,1.17094352239,2.65841592916,1.37947270633,6.100007427,0.448447048122,7.14475161276,19.0,1.59465292432e-07,9.0615728222e-16,10.5535456803,11.5348664683,7.30329054912,8.03346064271,SG,3500
202353,Tibor,Pleiss,1.6,4,OKC@UTA,UTA,OKC,,,0.0,0.0,19,0.0,0.0,0.0,0.0,0.0,0.0,0.0,0.0,0.0,0.0,0.0,0.0,0.0,0.0,0.0,,,0.0,,0.810870479905,,C,3500
203961,Eric,Moreland,2.5,3,SAC@CHA,SAC,CHA,,,0.0,0.0,19,0.0,0.0,0.0,0.0,0.0,0.0,0.0,0.0,0.0,0.0,0.0,0.0,0.0,0.0,0.0,,,0.0,,0.838381179146,,PF,3500
202341,James,Anderson,5.1,9,SAC@CHA,SAC,CHA,,,0.0,0.0,19,0.0,0.0,0.0,0.0,0.0,0.0,0.0,0.0,0.0,0.0,0.0,0.0,0.0,0.0,0.0,,,0.0,,0.685542041139,,SG,3500
203099,Jared,Cunningham,6.2,11,ORL@CLE,CLE,ORL,,,14.6,16.25,19,2.27305237051,0.206569003774,2.80175014164,3.97066826588,0.403714176243,1.5293451961,0.908908293408,1.49471449301,1.93305937234,3.23417147697,0.839490881955,8.36352004609,2.67831080056,9.98614463646,27.0,9.97899678824e-05,2.76780331124e-09,16.4516345404,17.7155398897,8.54830395925,8.77489707776,SG,3500
2365,Chris,Andersen,2.9,2,NY@MIA,MIA,NY,,,0.0,0.0,19,0.0,0.0,0.0,0.0,0.0,0.0,0.0,0.0,0.0,0.0,0.0,0.0,0.0,0.0,0.0,,,0.0,,0.79683328697,,C,3500
2419,Tayshaun,Prince,8.0,13,PHI@MIN,MIN,PHI,,,1.2,1.25,19,0.472101990053,0.0831781657734,0.252709917649,0.353868361372,0.275647647457,0.682132941469,0.180986507461,0.21696655326,0.957780588925,0.830926378061,0.0965523958788,1.87507789542,0.205183935195,1.9635890872,10.0,4.97475351964e-10,4.9066333684e-20,4.13244157219,4.33709007696,2.91333386207,2.74155015547,SF,3500
202720,Jon,Leuer,13.6,13,PHO@SA,PHO,SA,,,12.8,14.0,19,0.697767755839,0.157265277735,0.928049875757,0.836180607069,0.662068330227,1.98636921543,0.329302109002,0.528283579768,2.64843754566,1.67333748138,0.419750716984,3.92937093416,0.550268070995,4.31669375073,12.0,4.21825626865e-05,1.69071102335e-13,8.98632163299,9.59282393249,4.78883260126,4.78437595436,PF,3500
1626246,Boban,Marjanovic,3.3,6,PHO@SA,SA,PHO,,,4.2,4.75,19,0.344709095525,0.142316839328,0.215400537201,0.787844270947,0.575883666581,0.67897481188,0.143150779755,0.379398508191,1.25485847846,0.947476869901,0.0593232522788,2.03511635985,0.518440046026,2.47271703811,5.0,1.01853303563e-08,4.86380689015e-20,4.68714758552,4.96925140496,3.26988569812,3.02571396126,C,3500
202713,Kyle,Singler,5.5,13,OKC@UTA,OKC,UTA,,,1.2,1.25,19,0.0901653960509,0.0584087762373,0.594151596423,0.168781174078,0.0873297443631,0.272974016588,0.14398180915,0.188126849952,0.360303760951,0.318138869965,0.171963416757,1.03277556578,0.108215027331,0.916456184017,4.0,8.1062440051e-15,7.57755136523e-30,1.70072311206,1.89878343346,1.92256395256,2.06687917856,SF,3500
203492,Ray,McCallum,2.5,8,PHO@SA,SA,PHO,,,0.0,0.0,19,0.113024598832,0.00655926092048,0.0628590241289,0.0475449206331,0.028643047281,0.0586304510341,0.0351528061982,0.0623674218427,0.0872734983151,0.141606365184,0.0195685511392,0.314967879405,0.0325633973239,0.33534467883,1.0,8.20198608812e-22,4.96953496408e-39,0.630666487452,0.675998148858,1.27040593498,1.18654931369,PG,3500
202498,Lance,Thomas,9.2,14,NY@MIA,NY,MIA,,,1.2,1.25,19,0.179067739333,0.0115413721555,0.275995021372,0.365684158051,0.17144663405,0.296971358752,0.0803615356905,0.217815593174,0.468417992803,0.616207411726,0.0991449772467,1.44207883469,0.2932961142,1.6248559149,5.0,2.96723866482e-13,2.35631157859e-27,2.42154933778,2.60345052263,2.45456584373,2.33790599363,SF,3500
2756,Sasha,Vujacic,10.8,11,NY@MIA,NY,MIA,,,1.2,1.25,19,0.248376854611,0.0124556671197,0.463703163391,0.101267696415,0.0981606450699,0.240743492207,0.115880998055,0.162699554094,0.338904137277,0.347546182523,0.124428551839,1.00958659861,0.081394256984,0.900915173869,3.0,3.07202740341e-15,5.76054213512e-28,1.77413919677,1.9346484566,1.92416736298,1.96275301485,SG,3500
2446,Rasual,Butler,7.5,12,PHO@SA,SA,PHO,,,0.0,0.0,19,0.0582870328208,0.032595206236,0.152628812539,0.0386795124567,0.0102261840858,0.0676301414403,0.0313156416363,0.0319778131679,0.0778563255261,0.126479225456,0.0488831357058,0.307833492596,0.0295008796819,0.3313424663,1.0,6.20187679913e-23,6.98083391285e-42,0.60804448874,0.652367779453,1.23931241967,1.24162068287,SF,3500
202338,Kevin,Seraphin,7.9,10,NY@MIA,NY,MIA,,,3.2,3.25,19,0.313034512474,0.26304318596,0.00451372082605,0.20787842506,0.40033229074,0.41889680894,0.081341594124,0.400383561736,0.81922909968,0.937749556108,3.73980363927e-06,1.97993511263,0.149932047748,2.02543489977,5.0,8.17270243517e-11,1.81245893809e-22,3.76644758653,4.0076026924,3.21168894566,2.914507625,PF,3500
201946,Tyler,Hansbrough,4.6,4,SAC@CHA,CHA,SAC,,,0.0,0.0,19,0.0,0.0,0.0,0.0,0.0,0.0,0.0,0.0,0.0,0.0,0.0,0.0,0.0,0.0,0.0,,,0.0,,0.748497346954,,PF,3500
203101,Miles,Plumlee,5.2,11,DET@MIL,MIL,DET,,,0.0,0.0,19,0.0618685033327,0.121575178256,0.000129832773616,0.0729904242287,0.192942545638,0.21723640443,0.0532238842235,0.124230092599,0.410178950068,0.247342543599,3.57570464964e-05,0.468483307606,0.0443400838787,0.539060928124,2.0,2.98502041802e-16,5.20362837926e-32,1.34944645556,1.43208832789,1.59775309312,1.41743511166,C,3500
203124,Kyle,O'Quinn,14.1,12,NY@MIA,NY,MIA,,,2.4,3.5,19,0.305704204236,0.265088351529,0.12429994987,0.279663784845,0.365036157342,0.513418456972,0.132200478855,0.296331065023,0.878454614314,0.598238656968,0.0249383986988,1.26139499453,0.210718767822,1.43213448046,4.0,4.78616589776e-11,8.90139813722e-23,3.44308291973,3.64764038238,2.48472307674,2.25346554145,C,3500
202407,Elijah,Millsap,3.7,7,OKC@UTA,UTA,OKC,,,4.7,4.75,19,0.271219251196,0.0726782667344,0.354228899926,0.477903680598,0.133115958321,0.24300114285,0.192340087794,0.255733899339,0.376117101171,0.334769460282,0.110495352861,1.00539734568,0.329272445858,1.10930671928,4.0,1.04544981106e-14,4.81668170553e-27,2.2417789272,2.44369940836,1.95473946174,1.98046351828,SF,3500
202682,Derrick,Williams,12.6,14,NY@MIA,NY,MIA,,,1.2,1.25,19,0.190897909196,0.0528404008246,0.447353777203,0.843261881771,0.147759920466,0.365661376572,0.148306910414,0.188896047722,0.513421297038,0.622526494287,0.129600758885,1.56516753548,0.60189121419,1.97654496165,4.0,1.28464985354e-12,2.07214722257e-26,3.09239595664,3.2773154248,2.62641459509,2.56201719692,PF,3500
203552,Seth,Curry,5.0,6,SAC@CHA,SAC,CHA,,,0.0,0.0,19,0.0,0.0,0.0,0.0,0.0,0.0,0.0,0.0,0.0,0.0,0.0,0.0,0.0,0.0,0.0,,,0.0,,0.763104999389,,SG,3500
2617,Udonis,Haslem,5.2,3,NY@MIA,MIA,NY,,,0.0,0.0,19,0.0,0.0,0.0,0.0,0.0,0.0,0.0,0.0,0.0,0.0,0.0,0.0,0.0,0.0,0.0,,,0.0,,0.721661096248,,PF,3500
203894,Shabazz,Napier,7.9,12,ORL@CLE,ORL,CLE,,,32.1,32.25,19,4.10575906431,0.152061687208,3.95632577775,2.00046148392,0.418409643901,1.34816337016,1.13347028398,2.2821148581,1.76657301406,3.32938132327,1.44561030875,8.2985758101,1.48141351762,9.5857864729,29.0,0.00536598956038,9.05724302764e-08,18.1532617705,20.1135022607,8.8270936783,9.5448047267,PG,3500
203956,Mitch,McGary,3.1,5,OKC@UTA,OKC,UTA,,,4.4,4.5,19,0.11035145546,0.0946894063898,0.0181443536691,0.299433261952,0.307225726222,0.369324621576,0.0845987892287,0.227059630971,0.676550347798,0.480911001945,0.00407220586713,0.934235090439,0.182626145726,1.14852035548,3.0,1.28010598567e-12,1.10339546053e-28,2.2574247163,2.40681815211,2.16825742853,1.92166996693,PF,3500
1626151,Aaron,Harrison,1.2,1,SAC@CHA,CHA,SAC,,,0.0,0.0,19,0.0,0.0,0.0,0.0,0.0,0.0,0.0,0.0,0.0,0.0,0.0,0.0,0.0,0.0,0.0,,,0.0,,0.845316737641,,PG,3500
203613,Jonathon,Simmons,5.3,2,PHO@SA,SA,PHO,,,2.0,2.0,19,0.65784894327,0.103644626258,0.317773606833,0.670737214419,0.337665925098,0.872859453893,0.234804448112,0.340257470864,1.21052537899,0.717919847533,0.0875177197357,1.63362533245,0.519297701062,2.04265511586,7.0,3.83991615203e-09,8.81406715762e-18,4.81869966343,5.09311353344,2.77984672066,2.61804145421,SG,3500
203515,Phil (Flip),Pressey,11.1,9,PHI@MIN,PHI,MIN,,,0.0,0.0,19,0.0,0.0,0.0,0.0,0.0,0.0,0.0,0.0,0.0,0.0,0.0,0.0,0.0,0.0,0.0,,,0.0,,0.963264893144,,PG,3500
203142,Chris,Copeland,5.3,10,DET@MIL,MIL,DET,,,1.5,1.5,19,0.121829841804,0.0203311444772,0.435316325654,0.111529400937,0.0450890208452,0.0732574606235,0.0321585579786,0.111005338387,0.118346481469,0.292523765475,0.144390465924,0.768795691663,0.0841496737942,0.813587670669,2.0,2.17818667113e-19,1.65960208772e-35,1.13232227766,1.26593750389,1.76418353289,1.84947300073,SF,3500
203148,Brian,Roberts,3.6,7,SAC@CHA,CHA,SAC,,,0.0,0.0,19,0.0,0.0,0.0,0.0,0.0,0.0,0.0,0.0,0.0,0.0,0.0,0.0,0.0,0.0,0.0,,,0.0,,0.664791639252,,PG,3500
2581,Steve,Blake,9.2,9,DET@MIL,DET,MIL,,,5.0,5.0,19,1.37744639569,0.037762488163,1.07263219223,0.107644235002,0.0892116594793,0.304658746417,0.20600765584,0.557851109689,0.393870405896,0.585201686481,0.321643421761,1.6986889183,0.0768239307517,1.56887072548,7.0,1.29534558786e-08,2.24735269777e-19,4.0373739844,4.49681478985,2.78763465282,3.01738263485,PG,3500
203996,Damien,Inglis,4.3,5,DET@MIL,MIL,DET,,,0.0,0.0,19,0.0,0.0,0.0,0.0,0.0,0.0,0.0,0.0,0.0,0.0,0.0,0.0,0.0,0.0,0.0,,,0.0,,0.829738069957,,SF,3500
2757,Beno,Udrih,10.2,10,NY@MIA,MIA,NY,,,0.0,0.0,19,0.0,0.0,0.0,0.0,0.0,0.0,0.0,0.0,0.0,0.0,0.0,0.0,0.0,0.0,0.0,,,0.0,,0.81481708403,,PG,3500
203928,Cory,Jefferson,4.4,1,PHO@SA,PHO,SA,,,0.0,0.0,19,0.0,0.0,0.0,0.0,0.0,0.0,0.0,0.0,0.0,0.0,0.0,0.0,0.0,0.0,0.0,,,0.0,,0.782521726406,,PF,3500
203112,Quincy,Acy,5.1,7,SAC@CHA,SAC,CHA,,,0.0,0.0,19,0.0,0.0,0.0,0.0,0.0,0.0,0.0,0.0,0.0,0.0,0.0,0.0,0.0,0.0,0.0,,,0.0,,0.728200680106,,PF,3500
203493,Reggie,Bullock,1.4,8,DET@MIL,DET,MIL,,,1.2,1.25,19,0.146415910188,0.0439299281483,0.888491412852,0.148994544814,0.116856855017,0.131877417862,0.153094455032,0.177263958333,0.248734272879,0.441133065963,0.242132864158,1.47510540788,0.110566290324,1.23496528641,6.0,6.08379792276e-16,1.6785188018e-30,1.96985508717,2.19199021206,2.31357339197,2.52211864721,SF,3500
203498,Shabazz,Muhammad,10.9,13,PHI@MIN,MIN,PHI,,,7.2,8.25,19,0.504684196218,0.0899627165467,1.02073947567,2.11021665625,0.912618507314,1.37750530981,0.196540276679,0.781736908642,2.29012381712,3.05123521033,0.2939017744,6.25707569105,1.56614931761,7.96252151268,16.0,5.72294671725e-05,1.06962710855e-14,11.2589654654,11.9113768419,7.18069406368,6.88367897017,SF,3500
203798,P.J.,Hairston,8.7,10,SAC@CHA,CHA,SAC,,,14.7,16.0,19,0.655097560172,0.323823105196,3.92070813229,0.949581689334,0.332165731119,1.72365288369,0.389040873445,0.526792102096,2.05581861481,2.07823182235,1.07864330651,6.17460682548,0.81399458614,6.04910153736,19.0,1.40371564418e-05,3.13393191222e-14,10.3976660706,11.3031957614,7.02995599515,7.81717580317,SF,3500
1626174,Christian,Wood,8.8,11,PHI@MIN,PHI,MIN,,,0.0,0.0,19,0.0,0.0,0.0,0.0,0.0,0.0,0.0,0.0,0.0,0.0,0.0,0.0,0.0,0.0,0.0,,,0.0,,0.884380700576,,PF,3500
200811,Louis,Amundson,6.9,6,NY@MIA,NY,MIA,,,8.4,8.5,19,0.568499734585,0.503056793483,0.00579059248221,1.0833694241,1.02522150754,1.1333539205,0.283355372986,0.551582173617,2.15857542804,1.05972715622,3.66950859029e-06,2.37724056737,0.484678707592,2.60413668955,10.0,1.09030712985e-06,8.30947479963e-16,7.06841896439,7.45214229282,3.64372632531,3.3715881576,PF,3500
101112,Channing,Frye,11.9,8,ORL@CLE,ORL,CLE,,,9.0,10.5,19,0.294344603973,0.13363392564,1.53618539682,0.178653554761,0.257340700614,0.622042206099,0.124226839321,0.261649551648,0.879382906713,0.929352206109,0.627453248092,2.1027886463,0.144259965958,2.63041762627,7.0,1.18162811566e-09,1.21748425769e-21,4.38126599856,4.86978654553,3.68224239119,4.0981899334,PF,3500
1626168,Trey,Lyles,4.5,10,OKC@UTA,UTA,OKC,,,6.8,7.0,19,0.314166233414,0.100366361902,0.428765160549,0.41029915062,0.584621355025,1.07744101596,0.175936079807,0.389534997022,1.66206237098,0.849588286601,0.106375778898,2.12490939508,0.27807755804,2.08362991014,7.0,7.93095125512e-08,1.54442420989e-19,4.71242399184,5.04348261731,3.05707601648,2.91334959051,PF,3500
1626164,Devin,Booker,7.1,10,PHO@SA,PHO,SA,,,11.3,12.0,19,1.01387792907,0.561094172622,2.34329171162,1.58126664219,0.409229752492,2.58793519091,0.770725341788,1.26426058106,2.9971649434,3.71055057901,1.17416213264,7.75683126972,1.15194085531,9.74720414598,24.0,0.000626398864362,8.57747908378e-11,16.2639974194,17.634006622,8.3191059986,8.52694059482,SG,3500
1626170,Jerian,Grant,13.6,14,NY@MIA,NY,MIA,,,1.2,1.25,19,1.74990038132,0.0367285143972,0.781816110223,1.57886066396,0.213492118889,1.27696081026,0.355314146402,0.734553381687,1.49045292915,1.29106344937,0.129064343889,3.39084322818,1.29518473641,4.00637597905,12.0,1.18565985468e-06,3.66695658317e-12,8.46930200592,8.97563529367,4.21012340329,4.03950505338,PG,3500
203921,Cleanthony,Early,2.6,5,NY@MIA,NY,MIA,,,0.0,0.0,19,0.0,0.0,0.0,0.0,0.0,0.0,0.0,0.0,0.0,0.0,0.0,0.0,0.0,0.0,0.0,,,0.0,,0.715401255468,,SF,3500
203898,Tyler,Ennis,8.4,6,DET@MIL,MIL,DET,,,0.0,0.0,19,0.0,0.0,0.0,0.0,0.0,0.0,0.0,0.0,0.0,0.0,0.0,0.0,0.0,0.0,0.0,,,0.0,,0.830909737434,,PG,3500
101179,Ronnie,Price,8.5,11,PHO@SA,PHO,SA,,,9.0,10.5,19,2.90540103438,0.166859579962,2.80697895697,0.906933599676,0.281407529113,0.756772691423,1.39196178383,1.21330924623,1.03818022054,1.81168168228,0.923675616984,4.73406486922,0.741746172097,5.28878515364,20.0,0.000154510473427,3.53671750266e-10,12.7970364512,13.9176696606,5.87257059734,6.4394899821,PG,3500
203526,Raul,Neto,9.7,12,OKC@UTA,UTA,OKC,,,14.6,14.75,19,2.82665017104,0.167291780311,2.68010024476,0.746307713949,0.495561628306,1.52280744689,1.04203633123,1.37031153158,2.01836907519,2.47611247562,0.855188155356,6.43873636362,0.519910871334,6.32732397793,23.0,0.000199433713796,9.36458262514e-09,14.0376868162,15.2516542921,6.79654125401,7.15645328266,PG,3500
201619,Sasha,Kaun,1.9,3,ORL@CLE,CLE,ORL,,,1.2,1.25,19,0.0897479879039,0.0336769388194,0.0598842831066,0.0733700228473,0.0785485864612,0.109191168445,0.0350076932372,0.0594892159477,0.187739754906,0.102550885011,0.0164926721188,0.239754990864,0.0540550241671,0.275649466309,1.0,4.56118450812e-20,3.92560815495e-37,0.713439202217,0.760817133995,1.24807953673,1.19470261188,C,3500
203094,Andrew,Nicholson,6.6,4,ORL@CLE,ORL,CLE,,,27.6,30.5,19,0.817273922476,0.524157730773,2.29348685994,1.22115678109,1.1546181836,1.88940855962,0.336196792898,1.16486474508,3.04402674321,4.09052364866,0.92277474216,9.60621356004,0.896769541159,10.0005915806,24.0,0.000730265987878,1.29556348519e-11,15.4351788585,16.6322953383,9.59210144015,9.67523308826,PF,3500
2588,Matt,Bonner,0.7,3,PHO@SA,SA,PHO,,,0.0,0.0,19,0.0,0.0,0.0,0.0,0.0,0.0,0.0,0.0,0.0,0.0,0.0,0.0,0.0,0.0,0.0,,,0.0,,0.564840659394,,C,3500
2210,Richard,Jefferson,11.3,13,ORL@CLE,CLE,ORL,,,10.2,10.75,19,0.878078044313,0.174040693139,2.19692142182,1.33448774183,0.201967849296,0.78762125923,0.443034896329,0.823340260702,0.989589108527,2.14394485003,0.859062283795,4.75306952665,0.87710648435,6.02405846821,19.0,3.16600323282e-08,8.05389124842e-16,8.93949338315,9.83017415831,5.82773527469,6.15468238485,SF,3500
