NBA_ID,First Name,Last Name,FPPG,Played,Game,Team,Opp,Status,Injury Details,Actual_FD,Actual_DK,Actual_MIN,AST,BLK,FG3A,FTA,OREB,DREB,STL,TOV,REB,FGM,FG3M,FGA,FTM,PTS,MIN,DD,TD,FD,DK,FD_std,DK_std,fd_Pos,fd_Salary
203076.0,Anthony,Davis,47.3,68,NO@GS,NO,GS,,,29.2,32.0,17,2.08440786768,2.84031237643,0.168504068063,6.54854810224,2.49865334012,2.49891559918,1.41677972623,1.36819387977,4.9975689393,9.04500308803,0.0151827373637,16.9201077599,5.26401933207,23.3692082455,35.0,0.0323848508328,2.53992137424e-05,39.6388930997,40.6291133292,18.6425048865,18.1159871595,PF,11200
2544.0,LeBron,James,44.2,69,CLE@CHI,CLE,CHI,GTD,Back,45.5,48.5,17,7.29954247259,0.685918840976,4.82577301515,7.59802811448,0.752843966911,0.752843966911,1.56939838963,3.89021192866,1.50568793382,9.03744450877,1.71410571365,18.3621253452,5.41373739989,25.2027321311,36.0,0.200374069793,2.06161034864e-06,38.5792938931,41.7573044005,17.5694607714,17.7771744112,SF,11000
201939.0,Stephen,Curry,41.8,80,NO@GS,GS,NO,,,59.7,63.5,17,8.5168792281,0.217911079646,8.83458971031,4.62652815892,0.761117362175,0.761117357391,2.20973142583,3.44478652406,1.52223471957,8.95201473882,3.90379013056,18.417560627,4.22133973885,26.029159347,36.0,0.347761949543,3.79585316916e-05,42.0416583396,46.3138152028,18.3756300948,20.0677948065,PG,10400
203083.0,Andre,Drummond,35.0,82,DET@ATL,DET,ATL,,,49.3,52.75,17,0.797344435513,2.24542265009,0.0298190833493,5.36283478942,6.45625246963,6.4565267476,1.10357134023,1.7654789585,12.9127792172,7.28560132599,0.000323051026904,14.0370206901,2.09400074255,16.6655264456,37.0,0.777611298988,9.26298321575e-05,38.2893871816,40.9846219852,15.8140681895,15.3403441975,C,9000
202704.0,Reggie,Jackson,28.0,77,DET@ATL,DET,ATL,,,34.1,36.5,17,6.38832812435,0.128069517062,3.40139873566,3.0328816233,0.777908817755,0.778076145079,0.89475517798,2.60273250568,1.55598496283,6.05848054666,1.02352164076,13.9560122576,2.52774549646,15.6682282305,32.0,0.102718906613,5.81527162604e-07,26.5608192569,28.6058256827,13.2876338693,13.3544896693,PG,8300
201565.0,Derrick,Rose,27.8,51,CLE@CHI,CHI,CLE,,,26.7,27.75,17,5.26066237911,0.328682862561,5.51839045352,3.93308568187,0.743511930185,0.74351246054,0.735412812595,3.35002924808,1.48702439073,6.97230057145,1.57848759591,17.3487899595,3.20649788218,18.729586621,32.0,0.0407128949436,1.54984122505e-07,27.1831715608,29.7828510097,15.7057944482,16.1923557653,PG,8100
202681.0,Kyrie,Irving,34.4,75,CLE@CHI,CLE,CHI,O,Knee,0.0,0.0,17,0.0,0.0,0.0,0.0,0.0,0.0,0.0,0.0,0.0,0.0,0.0,0.0,0.0,0.0,0.0,,,0.0,,0.804734572768,,PG,7900
2200.0,Pau,Gasol,39.1,78,CLE@CHI,CHI,CLE,,,18.4,18.5,17,2.56044462224,1.74183783522,0.30749411865,4.36153331412,2.59644258191,2.59644258191,0.30763126829,1.91328835914,5.19288516383,6.81858299448,0.139286721196,13.8179491236,3.48677336186,17.263226072,32.0,0.0378506664245,1.30794013359e-05,29.5210050498,30.863752086,15.2041423455,14.7832144062,PF,7900
203110.0,Draymond,Green,30.9,79,NO@GS,GS,NO,,,23.6,25.5,17,3.33205354535,1.1529487811,3.76184451747,2.30955066033,1.33438521135,1.33490719458,1.44503393375,1.54613783344,2.66929240593,3.89343685315,1.2673998044,8.82949265524,1.52629635895,10.5805698697,29.0,0.00179786439623,6.96102725072e-07,22.4316286711,23.9745609952,9.21838539638,9.6904355463,PF,7800
200794.0,Paul,Millsap,33.8,73,DET@ATL,ATL,DET,,,31.1,33.5,17,3.35945046329,1.04576476239,3.2342587565,5.11427960583,2.10516183507,2.10516183507,1.95238673506,2.51063701803,4.21032367014,6.69472920788,1.15325300274,14.081065444,3.86117923238,18.4038906509,36.0,0.0133140731631,2.75964314316e-05,31.9811207268,34.0436358198,13.8761333828,13.8838934969,PF,7700
202710.0,Jimmy,Butler,35.1,65,CLE@CHI,CHI,CLE,,,32.0,32.25,17,3.07998522359,0.528759444599,2.86850585204,6.69068654073,1.65507228704,1.65516714037,1.6834740948,1.37220828264,3.31023942741,6.05899897846,1.06669437836,13.2032525498,5.56002105111,18.7447133864,37.0,0.00348399794126,2.94715807769e-06,30.3892373308,31.7794354711,13.2528092877,13.2549915622,SG,7500
201936.0,Tyreke,Evans,33.2,79,NO@GS,NO,GS,O,Knee,0.0,0.0,17,0.0,0.0,0.0,0.0,0.0,0.0,0.0,0.0,0.0,0.0,0.0,0.0,0.0,0.0,0.0,,,0.0,,0.903399748848,,PG,7400
201567.0,Kevin,Love,32.2,75,CLE@CHI,CLE,CHI,,,35.6,38.5,17,2.43133103831,0.533504240776,5.46946834458,4.64610290928,2.01676006443,2.01676006443,0.707224385404,1.73160979746,4.03352012886,5.84838054138,2.01001576174,13.4360974596,3.73982300626,17.4465998508,35.0,0.00829597299886,1.80432573941e-06,26.6836680178,28.7686061763,13.2079058835,14.0063749685,PF,7200
201952.0,Jeff,Teague,30.9,73,DET@ATL,ATL,DET,,,21.4,24.5,17,7.31446170952,0.429981733716,2.96158569717,4.57993457131,0.429821472258,0.429821859766,1.7499693009,2.93948036739,0.859643332025,5.84507523998,1.01348047297,12.7465432605,3.94349678887,16.6471277418,32.0,0.189787745507,2.90801542071e-06,30.0708140064,32.3749669355,12.6040123961,12.6217707304,PG,7200
201143.0,Al,Horford,31.7,76,DET@ATL,ATL,DET,,,34.8,36.0,17,3.10628678802,1.27119827737,0.454692476906,1.88020275631,1.72257036126,1.72257036126,0.877879336494,1.34013668685,3.44514072252,6.75765760757,0.140243375251,12.521114654,1.41213388149,15.0676924719,30.0,0.0039258516066,3.77728426736e-06,26.8193100618,27.7376572383,13.7724779454,13.257197538,C,7200
202691.0,Klay,Thompson,31.7,77,NO@GS,GS,NO,,,16.5,20.25,17,2.30639520304,0.616992177068,5.71113923925,2.64569752564,0.289104388035,0.289115206128,0.905823721466,1.55595888432,0.578219594163,6.28994173702,2.49793411834,13.6029185348,2.31704124829,17.3948588407,26.0,0.000137265107195,6.45703683418e-12,23.037988071,25.0940514497,13.5264487824,14.4858108722,SG,7100
2590.0,Mo,Williams,25.8,68,CLE@CHI,CLE,CHI,,,37.3,39.5,17,7.82757223361,0.257573522172,6.35977677771,3.37204461079,0.443561395381,0.443561395381,0.880509655737,3.20362425855,0.887122790761,6.32810300251,2.18443163861,15.9038154294,2.94003262404,17.7806702677,37.0,0.24752817379,1.78242214496e-08,29.6591180643,32.7687944665,14.8309538826,15.8069608758,PG,6000
201950.0,Jrue,Holiday,31.2,40,NO@GS,NO,GS,,,0.0,0.0,17,0.0,0.0,0.0,0.0,0.0,0.0,0.0,0.0,0.0,0.0,0.0,0.0,0.0,0.0,0.0,,,0.0,,0.940206701708,,PG,6000
201149.0,Joakim,Noah,27.6,67,CLE@CHI,CHI,CLE,,,17.8,18.75,17,2.58870108458,0.623809883392,0.0163656038319,1.48509074245,1.81085635183,1.81085635183,0.412670926044,1.03234231076,3.62171270367,1.62864691398,0.0,3.63656823513,0.915527126704,4.17282095467,17.0,,,13.442547134,,4.98101409562,,C,5700
2747.0,J.R.,Smith,21.6,70,CLE@CHI,CLE,CHI,,,20.5,20.75,17,2.80164733829,0.312128536042,6.11998989003,1.09274863226,0.433645100448,0.433645100448,1.15621698623,1.3940879586,0.867290200896,4.56908385446,2.34551074102,10.9555432084,0.808533965403,12.2922124153,30.0,0.000488649386197,2.16591234805e-10,19.0780347498,20.9919315844,11.770115051,13.069463786,SG,5700
202694.0,Marcus,Morris,19.6,81,DET@ATL,DET,ATL,,,36.0,38.5,17,2.36006857822,0.29629647711,5.64102398091,2.13249666081,1.35201128078,1.35257923751,1.16245255483,1.36709230333,2.70459051829,5.97999042057,2.02653842351,13.7713902287,1.3686011499,15.3551204145,37.0,0.000603699480111,7.93086179603e-08,23.6911376644,25.5240883409,13.2882165837,14.1160147565,SF,5700
202703.0,Nikola,Mirotic,19.4,82,CLE@CHI,CHI,CLE,,,29.3,33.25,17,1.47334846812,0.805338053328,4.69348398959,4.23444843289,0.95434358775,1.01462896342,0.811920845932,1.34625271229,1.96897255117,3.79923796911,1.47926970518,9.40633991953,3.38809915524,12.4658447987,25.0,3.42746564371e-05,1.11739139607e-10,18.9268996485,20.4381608971,9.94854703161,10.7067804974,SF,5500
201583.0,Ryan,Anderson,21.5,61,NO@GS,NO,GS,,,16.7,19.0,17,0.926846409013,0.338805848285,6.19354551264,2.57482280246,1.91781330584,1.91781329429,0.552899393949,1.04503413614,3.83562660013,5.08880841774,2.14247983101,12.6342352609,2.2171913185,14.537287985,29.0,0.00527439989106,2.96061138293e-10,21.268685867,23.0621357813,12.6169132452,13.7465302729,PF,5400
101106.0,Andrew,Bogut,23.0,67,NO@GS,GS,NO,GTD,Nose,29.5,29.75,17,2.07296695272,1.35106405603,0.000268006241767,0.524578773277,1.71365701395,1.71365701395,0.471509066816,1.24920059214,3.42731402789,2.40964801716,0.000176072535224,4.24726422261,0.264078311108,5.08355041797,19.0,0.000371915419927,2.32804106787e-08,14.7017233341,15.4983353108,5.83993123059,5.34893222931,C,5400
2594.0,Kyle,Korver,22.0,75,DET@ATL,ATL,DET,,,11.9,13.0,17,2.35767641736,0.491044841774,5.3456566199,1.39711278898,0.185322271638,0.185322271638,0.637354198398,1.27852527773,0.370644543275,3.50069326467,2.6248323333,7.2055368006,1.25666031094,10.8828791736,29.0,0.000113423020012,2.11377781079e-13,15.8424400542,17.8128212214,9.91634153471,11.3311070196,SG,5400
201569.0,Eric,Gordon,22.3,61,NO@GS,NO,GS,,,22.8,26.0,17,3.71218405391,0.226255214954,5.0729244502,2.2911867454,0.458001642176,0.458001642176,0.844483536654,2.0095574206,0.916003284353,4.73759890017,2.25135519719,11.4817260032,1.83934267579,13.5658956733,33.0,0.00401537031732,2.95681126758e-10,20.365295778,22.5475753075,11.5499078585,12.5487481923,SG,5200
202684.0,Tristan,Thompson,20.1,82,CLE@CHI,CLE,CHI,,,17.4,18.5,17,0.462015866894,0.671512413841,0.00073600157942,2.85076948081,3.08415205035,3.08416463752,0.3888187023,0.951729220583,6.16831668787,3.0706670609,8.84581242325e-06,5.67566398356,1.83815319284,7.97949616046,25.0,0.0396321918678,1.14552203427e-10,17.2434329979,18.0871661537,7.43102497501,6.97577505355,PF,5200
101141.0,Ersan,Ilyasova,19.8,58,DET@ATL,DET,ATL,,,27.9,31.25,17,1.47034388701,0.460409703686,4.69191010635,2.78105485681,2.109359055,2.10935904251,0.943276036842,1.18585790624,4.21871809751,6.63900933407,1.79693979078,14.2421110085,1.85171496293,16.9266734219,34.0,0.0106170661026,3.72740852263e-08,25.8161645442,27.5344250086,13.6900130942,14.1547171396,PF,5200
203484.0,Kentavious,Caldwell-Pope,20.0,82,DET@ATL,DET,ATL,GTD,Foot,27.3,30.5,17,1.54325060407,0.259195606093,6.22845543258,2.21251799722,0.670908561711,0.676399443837,1.35016981576,1.30797127553,1.34730800555,5.49920813803,2.13944706161,13.7092570855,1.54674617361,14.6846095113,37.0,7.27117500008e-06,1.68170814233e-11,20.5270145922,22.3181000679,13.2581569379,14.3215182049,SG,5000
201959.0,Taj,Gibson,22.0,62,CLE@CHI,CHI,CLE,,,20.0,22.0,17,0.916224427894,0.982151675843,0.00561028708514,2.40660967483,2.08394344756,2.08394367741,0.460408787568,1.03330624866,4.16788712497,3.35597190925,9.37659900102e-07,6.71802752369,1.73309034245,8.44503509861,22.0,0.004887093679,7.07387446155e-10,16.6726509686,17.4050295606,8.29264905178,7.87753058451,PF,4900
202389.0,Timofey,Mozgov,21.2,81,CLE@CHI,CLE,CHI,,,15.0,16.75,17,0.575541179077,1.00837454546,0.0767583608236,2.26805229826,2.08108266437,2.08115573397,0.33764630772,1.20930685068,4.16223839835,3.22551640149,0.0221566760284,5.8430579377,1.63539475737,8.10858423638,21.0,0.00447812411113,5.41225497573e-10,15.4493169387,16.2798778098,7.50420965842,7.01868637943,C,4800
201574.0,Jason,Thompson,16.7,81,NO@GS,GS,NO,,,0.0,0.0,17,0.0,0.0,0.0,0.0,0.0,0.0,0.0,0.0,0.0,0.0,0.0,0.0,0.0,0.0,0.0,,,0.0,,0.72033924555,,PF,4800
203084.0,Harrison,Barnes,19.9,82,NO@GS,GS,NO,,,24.3,25.75,17,1.6568462332,0.27218010711,3.04571372621,2.17470085691,1.62186087035,1.62212516969,0.87495914979,1.02874178796,3.24398604004,4.47299192104,1.22208428473,9.3951852797,1.56598283375,11.7340509606,33.0,0.00140925253116,1.35407574971e-08,19.3776402842,20.667366542,9.69300841664,9.9248800399,SF,4600
203471.0,Dennis,Schroder,18.1,77,DET@ATL,ATL,DET,,,32.6,34.25,17,5.07613393559,0.0632128145904,2.36989759583,2.83585804616,0.456673096469,0.471691850745,0.795475454324,2.44896343424,0.928364947213,4.51866751658,0.813821165584,10.6379158009,2.318276093,12.1694322917,25.0,0.0263362780009,1.84670922351e-09,20.1660842354,21.8833992052,10.5862557346,10.5913988156,PG,4600
201600.0,Omer,Asik,21.5,76,NO@GS,NO,GS,O,Calf,0.0,0.0,17,0.0,0.0,0.0,0.0,0.0,0.0,0.0,0.0,0.0,0.0,0.0,0.0,0.0,0.0,0.0,,,0.0,,0.807515434727,,C,4500
1626169.0,Stanley,Johnson,0.0,0,DET@ATL,DET,ATL,,,15.3,16.5,17,2.06092358196,0.490240816957,2.22689679742,2.19379944332,1.10402062792,3.18272803583,0.760675944061,1.34811868086,4.28674866375,3.41607861508,0.613307479307,8.08498298034,1.61627156875,9.06173627821,24.0,0.00658195283277,3.8948042183e-07,18.4509348888,19.6558594998,8.27765413842,8.26799096052,SF,4300
2738.0,Andre,Iguodala,18.1,77,NO@GS,GS,NO,,,13.5,14.25,17,2.57232135462,0.27399278667,2.33393509334,1.28881751139,0.498023355611,0.498023355611,0.996984986191,0.993222500723,0.996046711222,2.56899624505,0.815018039311,5.50642464299,0.774048891169,6.72705942057,23.0,0.000102784233949,2.21793491947e-11,13.329530551,14.283607333,6.40892784727,6.6212338422,SF,4300
201229.0,Anthony,Tolliver,11.6,76,DET@ATL,DET,ATL,,,0.0,0.0,17,0.0,0.0,0.0,0.0,0.0,0.0,0.0,0.0,0.0,0.0,0.0,0.0,0.0,0.0,0.0,,,0.0,,0.578932447315,,PF,4300
201166.0,Aaron,Brooks,18.6,82,CLE@CHI,CHI,CLE,,,6.4,7.5,17,2.22767133154,0.127977618367,2.64699185531,1.43683319728,0.283756297723,0.283756294248,0.464272432773,1.3218587657,0.567512591971,2.87839496815,1.02289378801,6.85512651178,1.19996246781,7.97964619213,16.0,4.61729728029e-05,3.02366613563e-14,11.8648096364,13.0656308023,7.37513680191,7.73214682753,PG,4200
2399.0,Mike,Dunleavy,17.8,63,CLE@CHI,CHI,CLE,O,Back,0.0,0.0,17,0.0,0.0,0.0,0.0,0.0,0.0,0.0,0.0,0.0,0.0,0.0,0.0,0.0,0.0,0.0,,,0.0,,0.594152155376,,SF,4200
203926.0,Doug,McDermott,4.5,36,CLE@CHI,CHI,CLE,,,12.8,13.5,17,0.383093817635,0.0876811161725,2.02556215218,0.832663601851,0.346503258899,0.533111209247,0.317338777287,0.865420907702,0.879614468145,2.19386259354,0.627330692823,5.38393828838,0.581103216222,5.59615909612,16.0,6.74747665537e-09,1.03809426798e-19,7.17095606356,7.96131259735,5.91379278172,6.07501597422,SF,4200
200757.0,Thabo,Sefolosha,14.8,52,DET@ATL,ATL,DET,,,22.9,23.25,17,1.41049027153,0.381316558009,1.56602865975,1.08215896595,0.967497286042,0.967497286042,1.01814319834,0.726587281567,1.93499457208,1.97800589036,0.503612723622,4.73202276793,0.83920891736,5.2988334217,19.0,6.32138914862e-06,1.4985981746e-11,11.8088945466,12.52075376,5.44591277914,5.50190292448,SF,4200
201967.0,Dante,Cunningham,12.9,66,NO@GS,NO,GS,,,15.4,16.5,17,0.864487693687,0.633980798642,0.15624472122,0.802152587532,1.21004198725,1.21004302274,0.778134814355,0.584164340372,2.42008501,2.66218145248,0.0148783223186,5.81058104363,0.490779095354,5.83002032262,27.0,4.16403867252e-05,1.75113673761e-12,12.2709207608,12.6915088032,6.97262271114,6.61133438441,PF,4200
,Sean,Kilpatrick,9.8,4,NO@GS,NO,GS,,,0.0,0.0,17,0.0,0.0,0.0,0.0,0.0,0.0,0.0,0.0,0.0,0.0,0.0,0.0,0.0,0.0,0.0,,,0.0,,0.657228933493,,SG,4000
2733.0,Shaun,Livingston,14.2,78,NO@GS,GS,NO,,,14.6,14.75,17,3.59628692601,0.291135043089,0.0320548552006,1.36894170676,0.622573019994,0.622573019994,0.726769889775,1.42403199535,1.24514603999,2.79662579773,0.00100652724268,5.61155108275,1.00051379067,6.59477191337,21.0,0.00107525933506,8.66724055597e-10,14.0951554207,14.8715448756,7.07297600208,6.66229529102,PG,4000
201168.0,Tiago,Splitter,17.9,52,DET@ATL,ATL,DET,,,10.8,11.0,17,1.19879560883,0.550807842711,0.00496543265405,1.91030238694,1.42640986928,1.42642164929,0.520486597447,0.931851839772,2.85283151857,2.58056730143,7.84255662531e-06,4.659757655,1.41801475634,6.57915720176,16.0,0.000202801093517,1.15853979643e-10,13.0114854778,13.6203610969,6.35004250856,5.88040488752,C,4000
2760.0,Anderson,Varejao,21.0,26,CLE@CHI,CLE,CHI,,,6.4,6.5,17,0.717368103393,0.291774883092,0.0398468012192,0.865586306763,1.11921185066,1.11921185066,0.379421109428,0.62447483544,2.23842370133,1.97729348813,4.4477691365e-07,3.63399698426,0.626311512864,4.58089893391,12.0,1.11752276317e-05,5.81499769553e-14,9.06097668019,9.48515226821,5.14814595699,4.70490025191,C,3900
203521.0,Matthew,Dellavedova,11.5,67,CLE@CHI,CLE,CHI,,,15.8,16.5,17,2.9500371666,0.0352539760644,2.41919319224,0.574157572131,0.529070192307,0.535536983006,0.368284243785,0.891328700493,1.06460717531,1.65254815382,0.973938433515,4.47102722239,0.439748047002,4.71878278816,20.0,0.000137238841354,2.69769388731e-11,10.3371148876,11.3231846718,5.45949953426,6.05159064188,PG,3900
202347.0,Quincy,Pondexter,12.6,75,NO@GS,NO,GS,O,Knee,0.0,0.0,17,0.0,0.0,0.0,0.0,0.0,0.0,0.0,0.0,0.0,0.0,0.0,0.0,0.0,0.0,0.0,,,0.0,,0.580124192446,,SF,3900
203501.0,Tim,Hardaway Jr.,16.7,70,DET@ATL,ATL,DET,,,0.0,0.0,17,0.0,0.0,0.0,0.0,0.0,0.0,0.0,0.0,0.0,0.0,0.0,0.0,0.0,0.0,0.0,,,0.0,,0.561033765165,,SG,3900
203382.0,Aron,Baynes,12.9,70,DET@ATL,DET,ATL,,,11.0,11.75,17,0.39468807612,0.21163123479,0.0400394776167,0.951739920826,1.07982217202,1.0887911365,0.150080641469,0.660620050262,2.16861330853,1.75774978025,0.00996389448263,3.2347809365,0.813460675992,4.33892413098,11.0,7.2637802937e-06,1.2864377253e-16,7.59609591765,8.03982945112,4.74407793789,4.32365899039,C,3900
203503.0,Tony,Snell,10.8,72,CLE@CHI,CHI,CLE,,,12.4,14.0,17,1.30698630428,0.239452130743,4.05726540094,1.118505895,0.620495388152,0.630089490534,0.663460998814,0.996474734784,1.25058487869,3.24264107734,1.48146148422,7.65190754215,0.889135577545,8.85587921644,29.0,1.01631241004e-06,5.06162841851e-13,13.1264120516,14.4279109295,8.51496901635,9.28704920433,SG,3900
201975.0,Jodie,Meeks,16.3,60,DET@ATL,DET,ATL,,,3.4,4.0,17,0.593091539996,0.0424550842146,1.61104359436,1.19099965145,0.0946680897026,0.0946683501885,0.446329771589,0.432520143369,0.189336439891,1.67721696947,0.570800472453,3.99539865217,1.07421147571,4.99944588711,11.0,1.32354921256e-10,7.1573325517e-21,6.66133649321,7.17246362331,4.91721640237,5.08751847028,SG,3900
201578.0,Marreese,Speights,17.3,76,NO@GS,GS,NO,,,16.5,18.25,17,0.620334102919,0.320350749198,0.182632439416,1.60845599806,1.01454361335,1.01454382208,0.175335348558,0.746461364605,2.02908743543,2.81261230803,0.0500057440993,5.77788240231,1.34998335324,7.02521371339,11.0,1.64189161581e-05,2.17907398284e-14,10.6355306212,11.1352431757,7.11742060132,6.73479283611,PF,3900
2571.0,Leandro,Barbosa,11.8,66,NO@GS,GS,NO,,,9.2,11.0,17,2.08247965977,0.180738858973,2.25443445783,1.671063718,0.457369117343,0.457369117343,0.807488507101,0.961694302358,0.914738234687,3.80008253241,0.846798882596,8.15899551993,1.31138517646,9.75834912388,21.0,3.73684430955e-05,2.42629118387e-12,14.994514925,15.9445544818,8.55789301905,8.59802754437,SG,3900
2550.0,Kirk,Hinrich,12.0,66,CLE@CHI,CHI,CLE,,,0.0,0.0,17,0.0,0.0,0.0,0.0,0.0,0.0,0.0,0.0,0.0,0.0,0.0,0.0,0.0,0.0,0.0,,,0.0,,0.672702376553,,SG,3800
202734.0,E'Twaun,Moore,5.2,56,CLE@CHI,CHI,CLE,,,16.1,16.75,17,0.97225793722,0.15836082217,1.17978485828,0.576162923939,0.323223243809,0.323584006699,0.557890304377,0.432298056082,0.646807250509,1.76431526608,0.40765577921,4.00904099383,0.371735892415,4.30802220378,14.0,8.72610138501e-09,2.08801514997e-17,7.54278200723,7.99509930049,4.8402295693,4.81207346245,PG,3800
203488.0,Mike,Muscala,10.7,40,DET@ATL,ATL,DET,,,0.2,0.75,17,0.374927803361,0.310385099909,0.303695988917,0.438657092079,0.766477896025,0.795579426858,0.227187760613,0.370174320209,1.56205732288,1.24906687835,0.107390361715,2.47583878495,0.385690629682,2.9912147481,8.0,1.55536173589e-07,1.95501502219e-18,6.13304664143,6.44993208184,3.73320790475,3.45591271867,PF,3800
1626171.0,Bobby,Portis,0.0,0,CLE@CHI,CHI,CLE,,,0.0,0.0,17,0.0,0.0,0.0,0.0,0.0,0.0,0.0,0.0,0.0,0.0,0.0,0.0,0.0,0.0,0.0,,,0.0,,0.845620626624,,PF,3800
2581.0,Steve,Blake,11.5,81,DET@ATL,DET,ATL,,,8.0,10.0,17,3.03250132473,0.0555213753149,2.28899360182,0.432334294299,0.166012926248,0.166012926248,0.442813530251,1.0867708191,0.332025852496,1.29276471199,0.811099342821,3.45741023899,0.308549918035,3.70517868483,16.0,9.46084095179e-05,5.37047499709e-15,8.56226068695,9.52793897315,4.80915638192,5.36819010427,PG,3800
203145.0,Kent,Bazemore,11.6,75,DET@ATL,ATL,DET,,,5.9,8.25,17,1.33377176329,0.497795052567,2.19117880874,1.7124434513,0.325616609777,0.331259790414,0.848606257659,1.22950920702,0.656876400191,2.37465211161,0.784542232007,5.58921312232,1.03175983878,6.56560629401,21.0,4.1956457432e-07,1.12114542078e-14,10.8178090326,11.8576792015,6.32976992832,6.57159744465,SG,3700
202087.0,Alonzo,Gee,8.2,54,NO@GS,NO,GS,,,18.5,20.25,17,1.07009685813,0.305733169246,1.46981357949,2.83770057357,1.38401460178,1.38402480124,1.34691217267,1.31388215887,2.76803940302,3.36459694519,0.530240712256,7.34630539676,1.99695934624,9.25639394887,27.0,0.000326082997263,5.88040499803e-10,16.1745950446,17.2355475766,8.04722564059,7.9125715059,SF,3600
,Adonis,Thomas,3.5,6,DET@ATL,DET,ATL,GTD,Calf,0.0,0.0,17,0.0,0.0,0.0,0.0,0.0,0.0,0.0,0.0,0.0,0.0,0.0,0.0,0.0,0.0,0.0,,,0.0,,0.728218480587,,SF,3500
203915.0,Spencer,Dinwiddie,11.0,34,DET@ATL,DET,ATL,,,0.0,0.0,17,0.0,0.0,0.0,0.0,0.0,0.0,0.0,0.0,0.0,0.0,0.0,0.0,0.0,0.0,0.0,,,0.0,,0.904124564907,,PG,3500
2592.0,James,Jones,6.8,57,CLE@CHI,CLE,CHI,,,2.0,2.0,17,0.151518286278,0.057219527187,0.990550387733,0.23475581306,0.0445690977452,0.0445690977452,0.0713406436275,0.0725702686942,0.0891381954904,0.441753141959,0.375797682229,1.16167504259,0.190436656734,1.44974062288,4.0,1.13645827412e-17,1.02062627316e-34,1.96853395982,2.19717484506,2.51347010928,2.85956952085,SF,3500
201202.0,Joel,Anthony,6.5,49,DET@ATL,DET,ATL,,,0.0,0.0,17,0.0,0.0,0.0,0.0,0.0,0.0,0.0,0.0,0.0,0.0,0.0,0.0,0.0,0.0,0.0,,,0.0,,0.883784498561,,C,3500
,Dionte,Christmas,4.3,31,CLE@CHI,CLE,CHI,,,0.0,0.0,17,0.0,0.0,0.0,0.0,0.0,0.0,0.0,0.0,0.0,0.0,0.0,0.0,0.0,0.0,0.0,,,0.0,,0.883784498561,,SG,3500
203099.0,Jared,Cunningham,3.1,19,CLE@CHI,CLE,CHI,,,0.0,0.0,17,0.286868795331,0.0124660684064,0.345780469005,0.440072523032,0.060645719329,0.113538860593,0.101110881153,0.16842396147,0.174184579922,0.406165445003,0.102467173036,1.03999336431,0.315643748071,1.23044181111,3.0,9.83810281905e-16,5.93290666289e-30,1.92849643766,2.07265123391,2.05632446564,2.01893183243,SG,3500
,Austin,Daye,7.5,34,CLE@CHI,CLE,CHI,,,0.0,0.0,17,0.0,0.0,0.0,0.0,0.0,0.0,0.0,0.0,0.0,0.0,0.0,0.0,0.0,0.0,0.0,,,0.0,,0.711573923142,,SG,3500
202714.0,Shelvin,Mack,11.7,55,DET@ATL,ATL,DET,,,0.0,0.0,17,0.0,0.0,0.0,0.0,0.0,0.0,0.0,0.0,0.0,0.0,0.0,0.0,0.0,0.0,0.0,,,0.0,,0.810180276098,,PG,3500
202708.0,Norris,Cole,15.9,75,NO@GS,NO,GS,O,Ankle,0.0,0.0,17,0.0,0.0,0.0,0.0,0.0,0.0,0.0,0.0,0.0,0.0,0.0,0.0,0.0,0.0,0.0,,,0.0,,0.737434341042,,PG,3500
203105.0,Festus,Ezeli,10.1,46,NO@GS,GS,NO,,,22.3,23.0,17,0.316432356793,1.3383217218,0.00583644326976,2.30229541554,2.03918037995,2.05069091375,0.27240734476,1.04802718515,4.08987129369,2.22223454692,0.00160740452791,4.20495253798,1.42396567857,5.87004217693,17.0,0.0018512138611,2.80334641143e-09,13.4259672125,14.1580549012,5.88829129178,5.47423579377,C,3500
,Danny,Granger,10.8,30,DET@ATL,DET,ATL,O,Knee,0.0,0.0,17,0.0,0.0,0.0,0.0,0.0,0.0,0.0,0.0,0.0,0.0,0.0,0.0,0.0,0.0,0.0,,,0.0,,0.910472757517,,SG,3500
201575.0,Brandon,Rush,3.6,33,NO@GS,GS,NO,,,0.0,0.0,17,0.0986109144849,0.0697848996779,0.211670201065,0.0680795659758,0.028143687629,0.0281439254527,0.032571664541,0.0877034852689,0.0562876130816,0.129494801515,0.0491161808184,0.429539597769,0.0367949383207,0.344900722169,2.0,6.72359272515e-22,5.15937459e-40,0.677371872763,0.748596086461,1.19842121065,1.21397342162,SG,3500
203200.0,Justin,Holiday,8.3,59,DET@ATL,ATL,DET,,,0.0,0.0,17,0.0,0.0,0.0,0.0,0.0,0.0,0.0,0.0,0.0,0.0,0.0,0.0,0.0,0.0,0.0,,,0.0,,0.753659041468,,SG,3500
202337.0,Luke,Babbitt,7.2,63,NO@GS,NO,GS,GTD,Hamstring,0.0,0.0,17,0.0,0.0,0.0,0.0,0.0,0.0,0.0,0.0,0.0,0.0,0.0,0.0,0.0,0.0,0.0,,,0.0,,0.546086937318,,SF,3500
1626199.0,Darrun,Hilliard,0.0,0,DET@ATL,DET,ATL,,,0.0,0.0,17,0.0,0.0,0.0,0.0,0.0,0.0,0.0,0.0,0.0,0.0,0.0,0.0,0.0,0.0,0.0,,,0.0,,0.845620626624,,SG,3500
201582.0,Alexis,Ajinca,14.2,68,NO@GS,NO,GS,O,Hamstring,9.8,10.5,17,0.80791313489,0.892273627761,0.0406869875795,1.67565601009,1.79452710338,1.79750992236,0.386793436819,1.20533018281,3.59203702574,3.09877183773,0.0126049711816,5.69261276359,1.36781053212,7.57795917876,17.0,0.00146898084044,8.07862589344e-11,14.4530772583,15.2438501581,7.31076858362,6.83555431413,C,3500
203925.0,Joe,Harris,4.2,51,CLE@CHI,CLE,CHI,,,0.0,0.0,17,0.0,0.0,0.0,0.0,0.0,0.0,0.0,0.0,0.0,0.0,0.0,0.0,0.0,0.0,0.0,,,0.0,,0.580092167769,,SG,3500
1626245.0,Cristiano,Felicio,0.0,0,CLE@CHI,CHI,CLE,,,0.0,0.0,17,0.0,0.0,0.0,0.0,0.0,0.0,0.0,0.0,0.0,0.0,0.0,0.0,0.0,0.0,0.0,,,0.0,,0.845620626624,,C,3500
203118.0,Mike,Scott,13.2,68,DET@ATL,ATL,DET,,,5.2,5.25,17,0.321999558931,0.0148165041718,0.822390589561,0.358972587442,0.204791639007,0.205427344528,0.109561435204,0.185725417689,0.410218983536,0.907198069102,0.27991058431,2.0243223628,0.283453144304,2.37775986682,5.0,4.67345157683e-13,1.05094624934e-24,3.41605244652,3.6693813967,3.13861442109,3.1506787712,SF,3500
,Bryce,Jones,0.0,0,NO@GS,NO,GS,,,0.0,0.0,17,0.0,0.0,0.0,0.0,0.0,0.0,0.0,0.0,0.0,0.0,0.0,0.0,0.0,0.0,0.0,,,0.0,,0.632210648293,,SG,3500
,D.J.,Stephens,4.3,3,CLE@CHI,CLE,CHI,,,0.0,0.0,17,0.0,0.0,0.0,0.0,0.0,0.0,0.0,0.0,0.0,0.0,0.0,0.0,0.0,0.0,0.0,,,0.0,,0.632210648293,,PG,3500
,Chris,Douglas-Roberts,3.5,12,NO@GS,NO,GS,,,0.0,0.0,17,0.0,0.0,0.0,0.0,0.0,0.0,0.0,0.0,0.0,0.0,0.0,0.0,0.0,0.0,0.0,,,0.0,,0.632210648293,,SF,3500
,DeQuan,Jones,6.9,63,DET@ATL,ATL,DET,,,0.0,0.0,17,0.0,0.0,0.0,0.0,0.0,0.0,0.0,0.0,0.0,0.0,0.0,0.0,0.0,0.0,0.0,,,0.0,,0.632210648293,,SF,3500
101126.0,Nate,Robinson,10.9,42,NO@GS,NO,GS,,,6.5,6.5,17,2.99312323287,0.0943308336006,3.53821867556,1.55510119154,0.519063489559,0.519063489559,0.676036521305,1.0357699957,1.03812697912,3.00410444703,1.05920451651,8.23543196234,1.11363669853,8.1810501091,19.0,0.000469387759416,7.48533573304e-11,14.4214520475,15.5215497344,8.23605793801,8.74954562093,PG,3500
203946.0,Cameron,Bairstow,1.3,18,CLE@CHI,CHI,CLE,,,0.0,0.0,17,0.0,0.0,0.0,0.0,0.0,0.0,0.0,0.0,0.0,0.0,0.0,0.0,0.0,0.0,0.0,,,0.0,,0.768395247789,,PF,3500
,Cartier,Martin,3.5,23,DET@ATL,DET,ATL,GTD,Wrist,0.0,0.0,17,0.0,0.0,0.0,0.0,0.0,0.0,0.0,0.0,0.0,0.0,0.0,0.0,0.0,0.0,0.0,,,0.0,,0.768395247789,,SG,3500
204002.0,Walter,Tavares,0.0,0,DET@ATL,ATL,DET,,,0.0,0.0,17,0.0,0.0,0.0,0.0,0.0,0.0,0.0,0.0,0.0,0.0,0.0,0.0,0.0,0.0,0.0,,,0.0,,0.845620626624,,C,3500
203949.0,James Michael,McAdoo,8.8,15,NO@GS,GS,NO,,,2.0,3.0,17,0.0779186016103,0.159886471265,0.0324343174353,0.482183746917,0.286054163986,0.344205633221,0.100705206999,0.148311549729,0.630259797207,0.473195142716,0.00893270379316,0.951117485573,0.297740756917,1.25306374614,3.0,9.2790583369e-13,2.44118311636e-27,2.49912521201,2.60926032863,2.19822673338,1.97790294035,PF,3500
203493.0,Reggie,Bullock,4.5,36,DET@ATL,DET,ATL,,,0.0,0.0,17,0.0,0.0,0.0,0.0,0.0,0.0,0.0,0.0,0.0,0.0,0.0,0.0,0.0,0.0,0.0,,,0.0,,0.526947506931,,SF,3500
,Jack,Cooley,4.6,16,CLE@CHI,CLE,CHI,,,0.0,0.0,17,0.0,0.0,0.0,0.0,0.0,0.0,0.0,0.0,0.0,0.0,0.0,0.0,0.0,0.0,0.0,,,0.0,,0.526947506931,,C,3500
,Chris,Babb,4.0,14,NO@GS,GS,NO,,,0.0,0.0,17,0.0,0.0,0.0,0.0,0.0,0.0,0.0,0.0,0.0,0.0,0.0,0.0,0.0,0.0,0.0,,,0.0,,0.526947506931,,SG,3500
2570.0,Kendrick,Perkins,10.7,68,NO@GS,NO,GS,,,16.3,16.5,17,0.73338222515,0.56810424816,0.0137540736108,1.11742318777,1.2415375118,1.2415375118,0.2385538537,1.30198061329,2.48307502359,1.38643024065,0.0,3.08365408778,0.571167331769,3.34402781306,16.0,,,7.73512676953,,4.34501489706,,C,3500
201619.0,Sasha,Kaun,0.0,0,CLE@CHI,CLE,CHI,,,0.0,0.0,17,0.0,0.0,0.0,0.0,0.0,0.0,0.0,0.0,0.0,0.0,0.0,0.0,0.0,0.0,0.0,,,0.0,,0.845620626624,,C,3500
2210.0,Richard,Jefferson,10.5,74,CLE@CHI,CLE,CHI,,,12.5,14.0,17,0.850792176451,0.146073116438,2.13141143012,1.52120346617,0.317969433412,0.317969433412,0.435652452289,0.710294600064,0.635938866824,1.99543442337,0.902198305307,4.48336154512,1.04872765645,5.94179480848,17.0,6.13776929665e-09,9.90525427343e-18,8.43426625074,9.27230965597,5.64800460144,6.03132986547,SF,3500
,Bo,McCalebb,0.0,0,NO@GS,NO,GS,,,0.0,0.0,17,0.0,0.0,0.0,0.0,0.0,0.0,0.0,0.0,0.0,0.0,0.0,0.0,0.0,0.0,0.0,,,0.0,,0.587478722529,,PG,3000
