NBA_ID,First Name,Last Name,FPPG,Played,Game,Team,Opp,Status,Injury Details,Actual_FD,Actual_DK,Actual_MIN,AST,BLK,FG3A,FTA,OREB,DREB,STL,TOV,REB,FGM,FG3M,FGA,FTM,PTS,MIN,DD,TD,FD,DK,FD_std,DK_std,fd_Pos,fd_Salary
201566.0,Russell,Westbrook,50.7,7,OKC@WAS,OKC,WAS,,,48.7,56.25,26,8.09268490618,0.125689309003,3.7874429231,5.73349585269,1.69096199254,3.2221572244,1.64529759999,3.79130956522,4.91311921695,7.68881669321,1.28315851124,16.9661259421,4.81256128768,21.4733531854,28.0,0.319771974611,0.00838629224642,39.2587878577,42.5464946955,16.2056940415,16.2870600482,PG,10900
203076.0,Anthony,Davis,45.4,6,DAL@NO,NO,DAL,,,31.4,32.25,26,1.19856136771,1.425392918,0.701872281449,4.07217771836,1.14201092298,2.92614662654,0.788368606133,0.980946566229,4.06815754952,4.85682535635,0.258374060131,9.13571333202,3.11068441017,13.082709183,19.0,0.00748005950836,2.40269479657e-08,23.208916776,24.043205128,10.4592739475,10.0291449489,PF,10800
201142.0,Kevin,Durant,44.9,7,OKC@WAS,OKC,WAS,,,30.0,34.0,26,1.70552045074,0.545003140855,2.8764728688,3.38418188713,0.190384910863,2.20402790368,0.402851691813,1.21275523641,2.39441281454,4.59055644824,1.23385206217,9.08534086612,2.97615166938,13.391116628,17.0,0.000172792094967,2.00198915792e-09,19.5056471105,20.8489305947,9.65609142094,9.82559164616,SF,10400
2544.0,LeBron,James,44.5,7,UTA@CLE,CLE,UTA,GTD,Thigh,50.4,53.75,26,7.60388659991,0.571566999716,4.29510203814,8.48619193023,1.07284141817,3.62817126427,2.17239994559,3.7134889011,4.70101268245,10.2255162771,1.19202294862,20.7607693847,5.67736825274,27.3204237555,38.0,0.257403277226,0.0052515123342,46.1419138638,49.2315798756,19.7780104855,19.6890897071,SF,10000
202322.0,John,Wall,40.8,6,OKC@WAS,WAS,OKC,,,22.9,23.0,26,6.44132399724,0.989655175418,2.70136222885,3.78445910622,0.511759309111,1.15056052332,1.57784085188,2.99458414156,1.66231983243,4.60118337093,0.748807148961,11.0074908802,2.93234305034,12.8835169412,25.0,0.0946448195906,1.54594960926e-06,26.680694649,28.7774781531,10.8499622957,10.8568544979,PG,9500
2546.0,Carmelo,Anthony,36.6,7,NY@TOR,NY,TOR,,,38.3,40.5,26,3.2530265312,0.457270759774,4.60824402038,5.72326970895,1.30944919886,4.09980773813,1.03436924377,1.99404451103,5.40925693698,7.59439082461,1.5333643102,18.757540632,5.00700224364,21.7291482031,33.0,0.0505768680482,9.63564417674e-05,34.0890318203,36.1993534492,17.2118896822,17.500127071,SF,9400
202328.0,Greg,Monroe,36.9,7,BOS@MIL,MIL,BOS,,,41.8,45.0,26,2.84825908894,0.898989573159,0.000372501019622,4.89767728256,3.11431903238,5.36531514676,1.38570814469,2.03024964014,8.47963417915,6.89004417709,2.32474112517e-07,13.1222105962,3.77888703198,17.5589756186,33.0,0.331019250951,0.00024852009011,34.5460710626,36.4824521445,14.9228088227,14.4466151537,C,8200
200768.0,Kyle,Lowry,35.9,7,NY@TOR,TOR,NY,,,47.7,51.0,26,7.10878926358,0.494099013959,5.81047778268,5.70287877654,0.897526547022,3.17410284754,2.20642748043,3.2365629106,4.07162939456,6.42336074295,2.17694607029,15.6211628591,4.60993183121,19.6335993874,37.0,0.184628475668,0.00162139941747,37.3472286344,40.5393715064,14.8408731124,15.6838534372,PG,8000
202355.0,Hassan,Whiteside,35.2,7,LAL@MIA,MIA,LAL,,,43.0,45.25,26,0.273048403912,3.26588181077,0.0148420766883,3.02870907094,2.88676318215,6.0384874499,0.617673311827,1.7609416025,8.92525063205,5.80029395366,0.00408764151628,9.31424966584,1.69259775462,13.2972733035,27.0,0.335766232351,0.000680653379413,30.4233153105,32.2577837728,11.1349612068,10.4904473085,C,8000
201567.0,Kevin,Love,36.3,7,UTA@CLE,CLE,UTA,,,38.1,41.5,26,2.94108328477,0.650443953896,7.57779620131,4.26525508256,3.15457527822,7.60474407818,0.730508654619,2.31517290333,10.7593193564,7.14558927056,2.44348554263,16.9133331031,3.74642568005,20.4810897638,40.0,0.618862249047,0.000588562533981,38.2506302323,42.0979844843,16.0240492329,17.2202465168,PF,7900
2547.0,Chris,Bosh,34.3,7,LAL@MIA,MIA,LAL,,,40.2,44.75,26,1.62463534644,0.697943795188,4.35358840414,5.02563772295,1.10217935939,5.89088174425,0.975910148376,1.1708260361,6.99306110364,6.67558697299,1.68780523919,14.7238412,4.05151666519,19.0904958503,33.0,0.163381304242,1.34502562029e-06,32.0960040454,34.1200487297,14.1869664199,14.5632824448,PF,7900
203497.0,Rudy,Gobert,32.0,6,UTA@CLE,UTA,CLE,,,30.9,32.25,26,1.82059939902,3.18119984041,0.0149941755447,3.72346485157,3.81277881514,6.4059047732,0.726533781419,1.96356032735,10.2186835883,3.57657489565,0.00248965199677,6.73574565093,2.14289131087,9.29853075417,33.0,0.312899579097,0.000532798688112,30.143757075,32.1086640088,8.5755878245,8.15033505656,C,7800
202324.0,Derrick,Favors,32.2,6,UTA@CLE,UTA,CLE,,,36.8,37.75,26,1.58690012274,1.47557185589,0.0378644560292,5.30867518817,3.10305721478,5.46410285989,1.91796598972,1.75547586631,8.56716007467,7.13569981679,0.00621100335706,14.0669045506,3.44928137173,17.7268920087,35.0,0.341703953643,1.4734608409e-05,35.4194341073,37.2412356802,15.8298685363,15.3821812292,PF,7700
201942.0,DeMar,DeRozan,32.6,7,NY@TOR,TOR,NY,,,39.0,39.75,26,3.80569277202,0.335331052362,1.64242291936,9.94118461536,0.786059866481,2.76941413179,1.25280682765,2.71016312375,3.55547399827,7.45301371035,0.346410225108,17.5796697892,8.16338587441,23.4158235202,39.0,0.00932831124731,2.11402454077e-05,33.8570441125,35.5771603744,17.9594912318,17.675763549,SG,7600
201937.0,Ricky,Rubio,35.8,5,CHA@MIN,MIN,CHA,,,0.0,0.0,26,0.0,0.0,0.0,0.0,0.0,0.0,0.0,0.0,0.0,0.0,0.0,0.0,0.0,0.0,0.0,,,0.0,,1.0641999083,,PG,7500
977.0,Kobe,Bryant,24.9,6,LAL@MIA,LAL,MIA,,,0.0,0.0,26,0.0,0.0,0.0,0.0,0.0,0.0,0.0,0.0,0.0,0.0,0.0,0.0,0.0,0.0,0.0,,,0.0,,0.798131873107,,SG,7400
202738.0,Isaiah,Thomas,34.4,5,BOS@MIL,BOS,MIL,,,22.9,25.0,26,6.13027785505,0.0471033429732,6.61509266977,7.44173033934,0.603951607091,0.801137244005,1.62337742587,3.21360594189,1.4050888511,7.18220681325,2.06247312938,17.9660642649,6.62046504915,23.047351805,34.0,0.0922141545411,9.59570507059e-07,34.0562308047,36.9028488934,16.5290008141,17.3583701528,PG,7300
203078.0,Brad,Beal,31.4,6,OKC@WAS,WAS,OKC,GTD,Shoulder,0.0,0.0,26,0.0,0.0,0.0,0.0,0.0,0.0,0.0,0.0,0.0,0.0,0.0,0.0,0.0,0.0,0.0,,,0.0,,0.760706388681,,SG,7300
2744.0,Al,Jefferson,29.4,6,CHA@MIN,CHA,MIN,,,16.8,18.0,26,1.36690174991,1.02668773601,0.0335248764179,1.77685538906,1.51283534552,3.38600555001,0.588815319152,0.801667695537,4.89884089553,6.65918342853,0.0123232121413,13.0007312107,1.125885258,14.4565753272,26.0,0.0246756651502,4.85054406274e-08,24.8148754415,25.5038265834,14.5223541917,14.0486768567,C,7300
202689.0,Kemba,Walker,30.8,6,CHA@MIN,CHA,MIN,,,20.0,21.5,26,5.71710595997,0.488227238618,4.32456851641,4.89783433433,0.608909735185,1.61607170773,1.52788910577,1.99718572611,2.22498144292,6.1995371551,1.32636398745,15.0519173813,4.10031961863,17.8257579163,35.0,0.0629268053304,7.24107497345e-06,31.1064415504,32.9738774106,14.0821162144,14.3799744619,PG,7200
203487.0,Michael,Carter-Williams,30.0,4,BOS@MIL,MIL,BOS,GTD,Ankle,0.0,0.0,26,0.0,0.0,0.0,0.0,0.0,0.0,0.0,0.0,0.0,0.0,0.0,0.0,0.0,0.0,0.0,,,0.0,,1.01379996712,,PG,7000
2548.0,Dwyane,Wade,29.8,7,LAL@MIA,MIA,LAL,,,24.4,25.0,26,3.78978245328,0.497349500451,1.52800504713,4.45655231362,0.626229024273,1.32699602216,0.898826685684,2.16588999259,1.95322504643,6.02578728364,0.526782138342,13.4247230204,3.49920610489,16.0775628105,25.0,0.00531443718756,2.02226068549e-07,24.7325689258,26.1845385061,13.7836163965,13.5352707831,SG,7000
203507.0,Giannis,Antetokounmpo,32.7,6,BOS@MIL,MIL,BOS,,,19.6,22.25,26,1.5326024821,0.609034048252,1.01422139084,3.15842201781,0.843649187628,2.67699221664,0.803396449453,1.81936163446,3.52064140427,4.28005618778,0.390374582137,8.0408179913,2.58998426412,11.5404712218,24.0,0.00251728613654,1.24426329397e-08,19.069643991,20.3543201361,9.13298640596,8.76502330425,SG,7000
201586.0,Serge,Ibaka,28.8,7,OKC@WAS,OKC,WAS,,,32.7,35.5,26,1.12469765416,2.07088402567,1.645512323,1.42831701206,2.38929273655,3.56642946461,0.366044704272,1.34248126886,5.95572220116,5.30915488758,0.661071658663,10.7833241945,1.0504015926,12.3297830264,30.0,0.0618378028357,3.84037268423e-06,24.6950723401,26.0874031393,11.2034865058,10.9747758253,PF,6900
203952.0,Andrew,Wiggins,22.9,5,CHA@MIN,MIN,CHA,,,0.0,0.0,26,0.0,0.0,0.0,0.0,0.0,0.0,0.0,0.0,0.0,0.0,0.0,0.0,0.0,0.0,0.0,,,0.0,,0.705076367164,,SF,6900
1626157.0,Karl-Anthony,Towns,33.3,5,CHA@MIN,MIN,CHA,,,43.6,46.75,26,1.47368912436,2.61079714526,0.77152944217,3.2893862974,2.33649912997,7.47328029957,0.617609442388,1.74025266866,9.80977942953,6.25099402986,0.206362660887,13.0874698716,2.80398178868,15.5123325093,30.0,0.473548809131,0.000185168075055,34.2111620179,36.3858373721,13.9935028574,13.622049453,C,6700
101114.0,Deron,Williams,26.0,5,DAL@NO,DAL,NO,,,13.5,14.0,26,4.39855336307,0.0895470074141,2.6765798202,2.04779589922,0.219535015425,1.19686483944,0.701353033923,1.30801251139,1.41639985487,3.69748117185,0.958623451946,8.84952581125,1.8329621893,10.186547985,23.0,0.00910883046931,2.27087191015e-08,18.7578454267,19.9756467149,8.93463697834,9.1334558862,PG,6700
202330.0,Gordon,Hayward,23.7,6,UTA@CLE,UTA,CLE,,,27.6,29.75,26,3.38512248555,0.341127261628,3.97084887523,5.37805671316,0.64638591496,2.15237111909,1.1108325042,2.43457678962,2.79875703405,5.94577505281,1.43155552304,14.0525498675,4.20767880755,17.5307844362,35.0,0.0031182281323,1.64125295776e-06,26.4363193474,28.5140056214,13.4897811548,13.7956650818,SF,6600
201587.0,Nicolas,Batum,27.9,6,CHA@MIN,CHA,MIN,,,28.7,32.5,26,4.64595007204,0.690961936157,4.81988712013,2.67347439337,1.19030890188,3.78647510565,1.1792047349,2.7768163039,4.97678400753,4.06508878045,1.68265320165,10.2579772757,2.49299115696,12.3058219195,35.0,0.0391806808638,0.000484707103999,26.2104048748,28.7492039706,10.4507195586,11.3010838032,SF,6500
1717.0,Dirk,Nowitzki,29.9,6,DAL@NO,DAL,NO,,,24.8,26.0,26,1.33037215244,0.248863213265,2.53414226124,2.20089552238,0.40359958489,2.75004890701,0.391912149739,0.678100446831,3.1536484919,4.60547878952,1.04975281434,9.37231190086,2.00719258255,12.2679029759,20.0,0.00120647696519,1.73241898068e-09,18.6512896741,19.6747084499,9.7319666639,9.78713957971,PF,6500
202683.0,Enes,Kanter,24.6,7,OKC@WAS,OKC,WAS,,,17.7,18.0,26,0.845062061679,0.432244294351,0.287126062136,2.17371404719,3.21664557055,4.52754664608,0.185189599977,1.72154903647,7.74419221663,5.45167351476,0.146444336595,9.97388840396,1.76887619913,12.8186675652,23.0,0.202717458182,4.83339645264e-09,22.8926100699,24.517892569,11.4263492053,10.9467293219,C,6500
203903.0,Jordan,Clarkson,23.8,6,LAL@MIA,LAL,MIA,,,15.4,17.0,26,2.76850333643,0.358417315298,3.04985147395,2.61341795959,0.737873350571,1.52019814834,1.10165501084,1.90728210329,2.25807149891,6.03650105546,1.15682892297,12.8899419535,2.04143066345,15.2712616973,31.0,0.000651671855382,6.7373053979e-08,23.1465650497,24.7925018476,12.6453254157,12.6911827175,PG,6300
202685.0,Jonas,Valanciunas,28.4,7,NY@TOR,TOR,NY,,,26.0,29.0,26,0.496920457176,0.99430854177,0.00629449709358,4.58148017137,3.14662572359,6.0896585457,0.44815171856,1.75576275115,9.23628426928,6.08628186507,9.02894359226e-05,10.1343685528,3.63902869356,15.8116827131,32.0,0.411228869446,4.35928800698e-08,28.7697622916,30.7263464603,12.0469074899,11.4471797641,C,6300
101162.0,Marcin,Gortat,23.0,6,OKC@WAS,WAS,OKC,,,21.1,21.75,26,1.40291117563,1.23118347435,0.0142974933904,2.7810756856,1.65526562091,4.01475130954,0.544284457416,1.79484090103,5.67001693045,4.14934279633,0.000262816253,8.02841558126,2.2144510003,10.5133994092,27.0,0.0413834924684,1.24730000867e-07,21.1778814517,22.4210097698,9.67235380289,9.22107120783,C,6100
201960.0,DeMarre,Carroll,21.8,6,NY@TOR,TOR,NY,GTD,Foot,0.0,0.0,26,0.0,0.0,0.0,0.0,0.0,0.0,0.0,0.0,0.0,0.0,0.0,0.0,0.0,0.0,0.0,,,0.0,,0.713348942571,,SF,6000
203944.0,Julius,Randle,27.5,6,LAL@MIA,LAL,MIA,,,19.4,20.75,26,2.30007955207,0.396068313858,0.413037854179,3.85067022348,0.901774804665,5.70465827411,0.774453354075,1.76828255565,6.60643307878,4.1392531229,0.092699651575,9.3124978434,2.33112157845,10.7023274758,26.0,0.0885377869905,1.27340531551e-05,22.6529272787,24.0465849189,10.4825651111,10.1530263928,PF,5900
201950.0,Jrue,Holiday,20.7,4,DAL@NO,NO,DAL,,,18.7,20.25,26,3.23757919602,0.207726894643,1.71871555268,1.28699450887,0.225297221739,0.602058738749,0.711169415519,1.57791765674,0.827355960488,2.85080964026,0.72170332033,6.59286211528,1.04489320857,7.46821580942,15.0,0.00069931570441,1.70316934543e-11,13.5772867196,14.7695139798,7.12733338565,7.18973332612,PG,5900
201583.0,Ryan,Anderson,27.3,6,DAL@NO,NO,DAL,,,37.7,41.75,26,0.970542464996,0.547260767543,5.63581593942,2.26677935613,1.89119640716,3.38931202301,0.565106758852,1.10276949473,5.28050843017,5.68880476047,1.99266581748,12.9602170511,1.86871247901,15.2389878174,28.0,0.0379990691225,3.26052066815e-09,24.1533771892,26.0221188803,12.7404176135,13.6015834137,PF,5800
203114.0,Khris,Middleton,24.3,7,BOS@MIL,MIL,BOS,,,19.4,21.0,26,2.83400006515,0.230313391749,4.48554792587,3.51763611753,0.519673508604,2.59365851825,1.08115072699,1.46133211592,3.11333202686,5.23721207875,1.85416115396,12.9628758724,3.06398984634,15.3925751578,37.0,0.00193320847457,9.31647054974e-07,24.5411698093,26.3574856532,12.3853391217,13.0331953669,SF,5800
203935.0,Marcus,Smart,25.6,3,BOS@MIL,BOS,MIL,GTD,Toe,0.0,0.0,26,0.0,0.0,0.0,0.0,0.0,0.0,0.0,0.0,0.0,0.0,0.0,0.0,0.0,0.0,0.0,,,0.0,,0.824131534107,,PG,5800
202340.0,Avery,Bradley,20.9,5,BOS@MIL,BOS,MIL,,,7.1,7.25,26,1.23746922275,0.108024100865,2.70090215841,0.800722046658,0.384923169302,0.926918060157,0.619027223647,0.881396264398,1.31184122946,2.85910890219,0.925932728658,7.04774105896,0.669776819959,7.313927353,18.0,7.1581873061e-07,3.4039118752e-13,11.3170470471,12.2863046788,7.36127594543,7.68584898259,SG,5800
201609.0,Goran,Dragic,20.5,7,LAL@MIA,MIA,LAL,,,13.5,14.25,26,3.88213359454,0.285411325002,2.59593933504,2.08447411006,0.64193259804,1.80475640649,0.711243425701,2.00205692253,2.44668900453,4.4588784693,0.837124057934,9.70785495204,1.76868023384,11.5235612304,29.0,0.00494596049289,1.12008854053e-06,20.2740410065,21.823388248,9.80654030592,9.81152978367,PG,5800
2590.0,Mo,Williams,26.4,7,UTA@CLE,CLE,UTA,,,44.2,49.0,26,6.75304651997,0.106998878665,5.67014774172,3.19879390789,0.278892365312,2.17153386899,0.933565862217,2.75030193744,2.4504262343,6.50867878602,2.13765394165,14.4610823738,2.92469929416,18.0797108079,36.0,0.138205768235,3.2742320709e-05,30.4806196133,33.2545257439,13.9676142817,14.7685161315,PG,5700
202323.0,Evan,Turner,17.3,5,BOS@MIL,BOS,MIL,,,35.0,36.25,26,4.63047480008,0.311562578837,2.04014795537,1.55802483499,0.559952752408,2.54623157725,1.30518034305,2.4550572636,3.10618432965,4.36115146939,0.605972771499,10.206997857,1.12908062982,10.4573563401,29.0,0.0138471477995,1.8396531322e-05,21.908918316,23.6155684613,10.1933188997,10.0881873527,SF,5700
202718.0,Chandler,Parsons,8.9,4,DAL@NO,DAL,NO,,,10.7,12.0,26,1.25600990871,0.103506483106,2.56891351313,1.32077885025,0.559476607287,1.14347774354,0.516570621321,0.813998383722,1.70295435083,2.70826280778,0.917594123314,6.47740164538,0.815244815339,7.1493645542,17.0,4.38310701554e-06,3.53847792732e-12,11.5030804634,12.4540310091,7.01716900387,7.33772269476,SF,5700
203953.0,Jabari,Parker,8.5,3,BOS@MIL,MIL,BOS,,,23.1,23.5,26,1.21308551057,0.12130873409,0.366087647941,1.51534534078,1.35349293284,2.22821822746,0.844327399684,1.20990744716,3.5817111603,3.91268918058,0.0948239363968,7.99873947004,1.00227541932,8.92247771688,24.0,0.00195858042266,1.28902338788e-09,15.7615241955,16.5959133198,9.18199576282,8.77763528901,PF,5600
203490.0,Otto,Porter,24.2,6,OKC@WAS,WAS,OKC,,,23.0,23.75,26,1.57109520424,0.366036029427,2.52679912907,1.89274644656,1.0806842984,2.35494533918,0.982378762216,1.07167079023,3.43562963758,3.91797224321,0.693574400149,7.91013015359,1.57918780533,10.1087066919,28.0,0.00177859921912,1.10097266205e-08,18.2132638564,19.2703358653,8.2922514179,8.2105442573,SF,5500
201569.0,Eric,Gordon,26.4,6,DAL@NO,NO,DAL,,,27.9,30.0,26,3.24974426669,0.2790490574,6.98824855609,2.71341859677,0.56051723807,1.36769835175,0.820466479499,1.60279367805,1.92821558982,5.4055340847,2.78555782259,13.309395265,2.24530083125,15.8419268232,34.0,0.00178475040658,6.03712218621e-08,23.6266393268,25.9199031633,13.7044757966,15.1837035633,SG,5500
204001.0,Kristaps,Porzingis,27.2,7,NY@TOR,NY,TOR,,,13.7,15.5,26,0.764264506962,0.835014866494,2.37163542837,2.75002069365,2.61456861678,3.73447331165,0.78812359788,1.3366525247,6.34904192843,3.53140144598,0.553667570308,8.8701319274,2.18887784093,9.8053483032,20.0,0.064596906329,2.78770117759e-09,20.4802197818,21.8397272936,8.81464727393,8.79975086283,PF,5400
2585.0,Zaza,Pachulia,24.7,6,DAL@NO,DAL,NO,,,23.5,23.75,26,1.60019302179,0.307740262363,0.0169307536649,3.04819447249,2.57544110435,3.81183561311,0.892174982794,1.39335034063,6.38727671746,2.56216120243,0.0,6.09907291018,2.66596533562,7.79028774048,21.0,,,18.8617894838,,7.43171139717,,C,5400
2747.0,J.R.,Smith,13.0,4,UTA@CLE,CLE,UTA,GTD,Knee,10.7,12.25,26,2.25686889827,0.241170474488,3.59439024032,0.52933833865,0.47997890624,0.839868097667,0.650055340325,1.30511619947,1.31984700391,2.93308818281,1.31613339731,7.64625416615,0.391661918719,7.57397168166,22.0,4.73056011909e-05,6.2811476862e-11,13.0204268639,14.3971149711,8.03823442641,8.71880868395,SG,5400
201579.0,Roy,Hibbert,23.3,6,LAL@MIA,LAL,MIA,,,12.9,14.0,26,1.34797957908,2.10376180218,0.0837483260614,3.34973922388,2.00003061723,2.99283029326,0.110117084233,1.35365037193,4.99286091049,2.86304731195,0.00070992268472,6.39135734313,2.84491852993,8.57172307651,24.0,0.015046798024,1.07935438349e-06,19.6592329386,20.6086295666,7.82498699499,7.48691156549,C,5400
202692.0,Alec,Burks,22.6,6,UTA@CLE,UTA,CLE,,,31.1,34.75,26,2.78642058054,0.0826260048505,2.12547981825,5.20656232236,0.56244841294,2.2698113085,0.787651761725,1.99294306531,2.83225972144,4.86498964354,0.972989935024,11.3238763876,4.3137242869,15.016693509,30.0,0.00121544032314,4.10403621261e-07,22.3426485134,23.9690523913,11.5024695482,11.5104663287,SG,5400
202684.0,Tristan,Thompson,22.9,7,UTA@CLE,CLE,UTA,,,21.4,22.25,26,0.656849714055,1.01506266233,0.000390173608543,3.07657531929,3.11791314299,5.50706943716,0.370893007645,0.83407670049,8.62498258015,3.76983213457,4.68939558037e-06,6.13943341686,1.88068466689,9.42035362543,28.0,0.202697542315,2.63362565776e-08,22.6934419321,23.8457781486,8.05724628004,7.48588256717,PF,5400
203504.0,Trey,Burke,19.0,6,UTA@CLE,UTA,CLE,,,22.9,25.0,26,2.85170112382,0.0756236972976,3.7320813834,1.49225524709,0.313231470655,1.20892411164,0.853426964446,1.61822125991,1.5221555823,4.605831558,1.53706461709,10.8005743692,1.31193144965,12.0606591828,24.0,0.000561079814372,2.60826307923e-09,18.4046776308,20.059269976,10.6315161696,11.1184076662,PG,5300
202083.0,Wesley,Matthews,15.1,5,DAL@NO,DAL,NO,,,0.7,1.75,26,0.919870984795,0.0385223892752,3.03525902884,1.29822522278,0.241796880552,0.626734956007,0.386157018379,0.551487733193,0.86853183656,2.01161939018,1.13789019288,5.19128416787,0.96768900029,6.12881797354,15.0,2.05091443921e-08,3.95554704181e-16,8.84873373672,9.73684932235,6.38150894096,7.07119117513,SG,5300
203897.0,Zach,LaVine,14.3,5,CHA@MIN,MIN,CHA,,,34.0,38.75,26,6.69180796451,0.107063066168,3.26949309106,3.36728640423,0.774950499046,2.42156638303,1.27610039848,4.4476454655,3.19651688207,6.31080709417,1.05712647028,14.5226224219,2.95014580194,16.6288864606,37.0,0.131766797543,0.000227603589996,28.8211001296,31.9316449487,13.8725353668,13.9230998454,SG,5300
203096.0,Jared,Sullinger,27.1,5,BOS@MIL,BOS,MIL,,,31.5,34.0,26,1.81929781597,0.776212967148,2.32233838609,1.14813979003,2.308224212,3.05817756248,0.782505218294,0.9770442279,5.36640177448,4.26548393841,0.843077692858,8.88268075245,0.841908380492,10.2159539502,20.0,0.0289262826846,6.13620207851e-07,21.5249749465,22.7467472605,9.20063426869,9.18491538792,PF,5200
101150.0,Louis,Williams,23.5,6,LAL@MIA,LAL,MIA,,,21.3,23.5,26,2.54325525588,0.208536161342,5.48215743282,5.7558918358,0.289881082474,1.41221746958,1.04347123081,1.2951283792,1.70209855206,4.088947553,1.49663542257,11.252698078,5.05832729828,14.7328578268,26.0,0.000290762038238,3.43439336672e-09,21.7991453783,23.2805683601,11.1481161833,11.9934779316,SG,5200
1626156.0,D'Angelo,Russell,17.8,6,LAL@MIA,LAL,MIA,,,14.8,16.0,26,2.18924124944,0.194774028724,2.89722415664,0.877336924264,0.686978188058,2.36618499893,0.819856837027,1.29275650543,3.05316318698,3.15098084796,0.832380698715,7.80806751191,0.611191598616,7.74553399325,21.0,0.000531392606151,4.78405237498e-08,15.4296969179,16.6457209117,7.88209097819,8.12480875922,PG,5100
2736.0,Luol,Deng,16.9,7,LAL@MIA,MIA,LAL,,,30.8,32.5,26,1.59666869755,0.344485930386,3.31943111615,2.24614656941,1.3154957082,2.25308669603,0.88351784972,1.0318231794,3.56858240423,4.33925309244,1.17915989946,9.73876923238,1.62372444816,11.4813905325,30.0,0.00268013249729,1.88647233213e-08,19.5828768447,20.8708177597,9.82397492021,10.1151902448,SF,5100
202397.0,Ishmael,Smith,25.2,6,DAL@NO,NO,DAL,,,40.6,43.25,26,6.97282758876,0.284089276909,1.83565947161,1.49255503164,0.539695979784,1.91429926487,1.2987666475,2.19956482967,2.45399524465,3.93218074888,0.513737278233,10.8751589255,0.95399666588,9.33209544188,27.0,0.0903892441653,2.17587673517e-05,23.7022781377,25.3172780965,10.4372989695,10.3816302677,PG,5100
101107.0,Marvin,Williams,25.9,6,CHA@MIN,CHA,MIN,,,25.0,27.0,26,1.79761244061,0.891033406547,4.70557843693,1.25892711383,1.33937089846,5.2168055748,0.763491144281,1.15510014377,6.55617647326,4.06975385826,1.85684801016,9.13108679148,0.991742216879,10.9880979436,35.0,0.0840830532261,1.6159431533e-06,23.7058773303,25.6657896586,9.95216269153,10.8635659347,PF,5000
101135.0,David,Lee,14.8,5,BOS@MIL,BOS,MIL,,,26.5,27.25,26,2.02764312846,0.553741310646,0.025116688549,2.44975810107,2.00458364375,2.65944285694,0.56069795283,1.30292069669,4.66402650069,3.45524494467,1.45524269597e-07,7.29787447633,1.81530197258,8.72579200743,21.0,0.0104183938544,5.40813490565e-07,18.2900463312,19.1903372906,8.77082838672,8.38838723797,PF,5000
2755.0,Kevin,Martin,21.0,4,CHA@MIN,MIN,CHA,,,25.1,28.75,26,2.23754323898,0.0194446474689,5.29035370424,8.13460702413,0.403487144495,1.56441013644,0.738980538551,2.62979764088,1.96789728093,7.59749787545,1.81583064834,17.8258727019,6.97853320752,23.9893596068,40.0,0.000154690408436,4.65704343729e-09,28.5942039335,30.9156449917,16.6882180284,17.1520643721,SG,5000
101161.0,Amir,Johnson,17.2,5,BOS@MIL,BOS,MIL,,,15.8,16.75,26,1.14542446235,0.707920485626,0.855407589642,1.78324765934,1.97582840357,3.08161835271,0.446313171835,1.42260721608,5.05744675628,3.35464716398,0.279965873949,5.97866235433,1.22445724464,8.21371744655,23.0,0.0148254731332,5.70179541431e-09,16.8866503465,18.0130474561,7.17245660994,6.74611274507,C,4900
201593.0,Nikola,Pekovic,23.5,31,CHA@MIN,MIN,CHA,O,Achilles,0.0,0.0,26,0.0,0.0,0.0,0.0,0.0,0.0,0.0,0.0,0.0,0.0,0.0,0.0,0.0,0.0,0.0,,,0.0,,0.771302157252,,C,4800
204038.0,Langston,Galloway,22.7,7,NY@TOR,NY,TOR,,,24.8,26.5,26,2.50809829509,0.173180405063,3.53057233535,2.47954802226,0.89018119051,2.62659287772,0.924769304254,0.797150898692,3.51677406823,3.92531794656,1.81115524791,8.7557556247,1.83767420745,11.4994653485,28.0,0.00259324710582,6.81080963839e-07,20.8804901929,22.3643738836,9.27898954327,9.93403442899,SG,4800
203109.0,Jae,Crowder,25.7,5,BOS@MIL,BOS,MIL,,,24.4,26.0,26,2.34845502573,0.581148032517,4.60771299767,4.376134962,1.48259838639,3.37897591732,2.76398851379,1.89091330418,4.8615743037,4.2515836394,1.28016820642,10.9666027109,3.41774110169,13.2010765869,37.0,0.0226857053921,1.703699537e-05,27.3570080784,29.2197072179,10.7238025428,11.2906467118,SF,4700
203079.0,Dion,Waiters,17.3,7,OKC@WAS,OKC,WAS,,,26.9,30.0,26,1.6463471445,0.221186870257,2.32867827499,2.07076381077,0.562910735695,1.63143954651,0.845787360559,1.22535861213,2.1943502822,3.5679683491,0.970725609184,8.1445367558,1.622715714,9.72937802139,23.0,6.19448973021e-05,5.18365768509e-10,15.7407089263,16.94856147,8.48256748597,8.64438119068,SG,4700
202391.0,Jeremy,Lin,20.1,6,CHA@MIN,CHA,MIN,,,24.7,25.25,26,4.08020324989,0.539738846611,3.41257755749,4.57993055145,0.505027367505,1.23242544779,0.879124151406,2.1927118079,1.73745281529,4.00755077995,1.18038088319,9.656036784,3.72238650136,12.9178689444,26.0,0.00744001776931,1.0720236044e-07,21.7681313858,23.5527107203,9.85224132557,10.2130738394,PG,4700
201577.0,Robin,Lopez,20.2,7,NY@TOR,NY,TOR,,,34.6,35.0,26,1.64272943253,1.49178508335,0.00741768207407,1.76098428258,3.00303801147,3.46263613029,0.27651319054,1.85146872745,6.46567414176,4.78347130577,7.65972952713e-08,9.16839943793,1.53831436612,11.1052570543,29.0,0.0833987105833,1.07190287102e-06,23.0132879935,24.3874073842,10.748054064,10.2801366613,C,4600
203939.0,Dwight,Powell,24.8,6,DAL@NO,DAL,NO,,,19.7,20.5,26,0.860643588074,0.481269453398,0.437631631214,2.3480770233,1.27883154759,2.93428789582,0.504716517797,0.687216910532,4.21311944342,2.86725998728,0.119875853834,5.8472979049,1.55554169722,7.40993752561,17.0,0.00401625729313,1.14375643878e-10,15.0414012717,15.6616280123,7.12609750733,6.76184078878,PF,4600
201167.0,Arron,Afflalo,19.3,78,NY@TOR,NY,TOR,GTD,Hamstring,0.0,0.0,26,0.0,0.0,0.0,0.0,0.0,0.0,0.0,0.0,0.0,0.0,0.0,0.0,0.0,0.0,0.0,,,0.0,,0.525658574592,,SG,4600
203089.0,John,Henson,18.5,3,BOS@MIL,MIL,BOS,,,5.6,6.75,26,0.51191785832,1.02123354911,0.000820625412159,1.24494189843,1.17168084808,0.946545106154,0.263729698561,0.757324365908,2.11822595424,1.82766209938,0.000114959789309,3.33754659223,0.743796393418,4.39923555196,10.0,6.28629871709e-06,8.47651044249e-13,9.52158561397,10.006226004,4.94711181549,4.52101903262,PF,4500
203476.0,Gorgui,Dieng,15.1,5,CHA@MIN,MIN,CHA,,,7.2,8.5,26,0.816721225244,0.801047920981,0.0268673413562,1.38427175668,1.54550887012,2.3943643798,0.73927483043,1.22774942261,3.93987324992,2.30846802697,0.0056072222302,4.65513736167,1.07796140115,5.70050467733,18.0,0.00135398072105,5.24546552729e-11,13.5063304953,14.3220334515,6.12393447984,5.73729905961,C,4400
203124.0,Kyle,O'Quinn,18.3,7,NY@TOR,NY,TOR,,,18.7,19.0,26,0.896249909503,0.762187523873,0.410327760046,0.847919991938,1.12973570602,1.43143229771,0.398763025459,0.8277747291,2.56116800373,1.89929301288,0.0823243878049,3.86288664293,0.620369988963,4.50128040252,12.0,3.20046201375e-05,1.60246131713e-12,10.4131832408,10.9963392064,5.06525556989,4.70762828375,C,4400
203500.0,Steven,Adams,18.6,7,OKC@WAS,OKC,WAS,,,15.2,15.5,26,0.755197986269,1.43833016211,0.0108077398417,1.72287842309,2.04322439826,2.68147941379,0.443179800244,1.10686661182,4.72470381205,2.38927234636,0.00105661903662,4.09294079692,0.84347529115,5.6230766029,21.0,0.00406219829384,1.15939076178e-08,15.0816714696,15.8779616079,5.80811996929,5.30528417047,C,4400
203918.0,Rodney,Hood,21.0,6,UTA@CLE,UTA,CLE,,,24.6,26.75,26,2.80537135682,0.506546939216,5.11539616792,2.07180912696,0.393523393757,1.40435662194,1.07336851429,1.54342699494,1.7978800157,4.81228219956,1.56161347415,11.2181590122,1.81322988057,12.9994077538,30.0,0.000545522616208,1.02931436247e-08,20.98132472,22.6245572701,11.1290432632,11.8326328703,SG,4400
202389.0,Timofey,Mozgov,17.0,7,UTA@CLE,CLE,UTA,,,6.4,7.0,26,0.456073820649,0.905811114475,0.21997611233,2.23664481256,1.59721992076,2.39302955351,0.159837233674,1.00092671824,3.99024947427,2.8122904686,0.0716994624121,5.21436617645,1.7535292505,7.4498096501,19.0,0.00285939491703,1.2918635856e-10,14.0525897283,14.7927043851,6.75720867828,6.31701317027,C,4400
101181.0,Jose,Calderon,12.4,7,NY@TOR,NY,TOR,,,16.6,17.75,26,3.9210014122,0.00673082897491,3.72597186459,0.589710238341,0.442817968664,1.33415750667,0.825747319955,1.35094013367,1.77697547533,2.9971826769,1.32987462018,8.06658254657,0.554226011334,7.87846598532,29.0,0.00290164341496,5.04234151726e-08,16.2063548382,17.6399636053,8.29669132493,8.99614570108,PG,4400
203521.0,Matthew,Dellavedova,20.8,7,UTA@CLE,CLE,UTA,,,18.7,19.25,26,4.31801785892,0.0190678310641,2.40965990593,0.699364173565,0.610164308742,1.19694236997,0.651600380022,1.1298314411,1.80710667871,2.38049921677,1.04491331684,5.65857628916,0.561614299532,6.36752604992,23.0,0.00355985114066,7.12333768578e-08,15.2245858338,16.4076535371,6.42954648745,6.86689675125,PG,4300
200826.0,Jose Juan,Barea,18.3,6,DAL@NO,DAL,NO,,,20.3,22.0,26,4.59393852314,0.00734928087746,3.09552944535,1.78074202016,0.518452665584,0.853516142956,0.331316594804,1.62388990903,1.37196880854,3.54163312677,0.994554433455,8.7734735657,1.49657427054,9.57439495755,22.0,0.0108468913468,2.04294644931e-08,17.1651071548,18.5591981648,8.77670919506,9.08074548683,PG,4300
2449.0,Luis,Scola,19.0,7,NY@TOR,TOR,NY,,,22.9,23.25,26,1.32003418188,0.24626492181,0.63951400909,1.93509604282,1.83847805295,3.64957580078,0.746964692053,1.20558425294,5.48805385372,3.62134246862,0.288726431918,8.22339553197,1.38256386553,8.91397523469,22.0,0.0268644630502,3.62485075923e-08,18.2605661068,19.3224209452,9.06894824334,8.81497412032,PF,4300
202349.0,Greivis,Vasquez,17.4,7,BOS@MIL,MIL,BOS,,,3.2,4.75,26,3.27361031906,0.0415516744205,3.02608629783,1.25081724905,0.25319457901,1.04416119892,0.458235291667,1.31179457993,1.29735577793,2.01629406706,0.777764367405,6.33891973543,1.12952883941,5.93988134094,19.0,0.000463807145086,5.33824352733e-10,12.0949031053,13.2052460802,6.46121064411,6.93279352703,PG,4200
201600.0,Omer,Asik,3.2,1,DAL@NO,NO,DAL,GTD,Calf,10.0,10.25,26,0.491408336261,0.47361865989,6.31479570423e-05,1.58741602354,1.76753445067,2.10568016561,0.287516837804,0.679103043914,3.87321461629,1.57177110601,2.98968387845e-06,3.03874984489,0.928352901192,4.07189810289,16.0,0.000420596158132,1.04111079594e-13,10.3000360983,10.8338807402,4.57737303165,4.20703188554,C,4200
2403.0,Nene,Hilario,15.6,6,OKC@WAS,WAS,OKC,,,0.0,0.0,26,0.0,0.0,0.0,0.0,0.0,0.0,0.0,0.0,0.0,0.0,0.0,0.0,0.0,0.0,0.0,,,0.0,,0.837213696191,,PF,4100
202344.0,Trevor,Booker,13.5,5,UTA@CLE,UTA,CLE,,,7.5,8.75,26,0.955397580637,0.482352702779,0.789441142049,0.982501115419,1.75662171985,2.21357641727,0.494145164972,0.851853118091,3.97019813712,2.21753457713,0.247084666024,5.5300095125,0.572487161107,5.25464098138,19.0,0.00122130969877,9.01020062738e-11,12.5531177343,13.302928498,6.15572437292,5.98749408536,PF,4100
203087.0,Jeremy,Lamb,19.7,5,CHA@MIN,CHA,MIN,,,23.8,25.5,26,1.38944275821,0.439001472921,3.95361360793,1.29225770708,0.481400407222,1.49788169486,0.674459470178,0.939344893905,1.97928210209,4.70907643877,1.533921771,9.60732244642,0.950106557482,11.902181206,23.0,3.24828834618e-05,6.52383173269e-11,17.6490608581,18.9847070202,10.0145845553,10.4970068727,SG,4100
2734.0,Devin,Harris,16.3,6,DAL@NO,DAL,NO,,,17.1,17.25,26,2.33063365723,0.254612811043,2.70702864954,2.28372180739,0.313605961128,1.14206503009,0.918260540679,0.988122481992,1.45567099122,2.33307314256,0.716216297993,6.07270155018,1.56617074349,6.9485333266,19.0,5.09844246239e-05,1.60485752397e-10,13.5489132234,14.47394264,6.59837399918,6.88213840986,SG,4100
1626170.0,Jerian,Grant,17.0,7,NY@TOR,NY,TOR,,,11.4,12.0,26,3.09293265962,0.0825089624725,1.10040406651,2.08224998903,0.403667552405,1.98198389579,0.644460497785,1.08930294663,2.38565144819,2.00234581488,0.200421150337,4.84680402104,1.63037850401,5.83549128412,18.0,0.000310197886892,5.2298304707e-08,13.7023079853,14.4669180599,5.59315819266,5.387562672,PG,4100
202357.0,Nemanja,Bjelica,22.1,5,CHA@MIN,MIN,CHA,,,28.4,30.75,26,2.85225301637,0.446841931932,3.64797560315,2.1596982257,1.01983821582,5.76426892675,0.71852244695,1.45646559912,6.78410714256,2.67975482113,1.46967414645,6.06279774086,1.50722041908,8.33640420779,28.0,0.0666570805565,5.02380701039e-05,21.6299754621,23.532387027,7.64356076887,8.44455917128,SF,4000
203527.0,Ryan,Kelly,14.0,4,LAL@MIA,LAL,MIA,,,3.2,3.25,26,0.144691143709,0.0704789225888,0.216992179005,0.144090017443,0.0262820391946,0.166748089519,0.0504819648071,0.0676622402087,0.193030128713,0.181078648692,0.0589887305544,0.526774224585,0.116764951288,0.537910979226,2.0,1.4548247372e-18,1.33672096421e-33,1.16084338383,1.23382037565,1.44386326936,1.44938797721,SF,4000
202682.0,Derrick,Williams,14.4,7,NY@TOR,NY,TOR,,,13.9,14.5,26,0.325995685392,0.0729917445282,0.895990253478,1.61042146162,0.276686703851,0.50063798254,0.222038839735,0.377095442259,0.777324686391,1.35155695449,0.260355155432,3.20455545464,1.18921972509,4.15268878951,8.0,8.33552817409e-10,2.37010594042e-21,5.78743766753,6.14502920195,4.20600674539,4.12163872546,PF,4000
203092.0,Tyler,Zeller,6.7,5,BOS@MIL,BOS,MIL,,,0.0,0.0,26,0.0,0.0,0.0,0.0,0.0,0.0,0.0,0.0,0.0,0.0,0.0,0.0,0.0,0.0,0.0,,,0.0,,0.759286980701,,C,4000
201962.0,Toney,Douglas,18.1,4,DAL@NO,NO,DAL,,,19.2,22.75,26,3.0181831714,0.266221120817,3.31966501958,1.6582188462,0.540002025051,0.842377094141,1.18693790646,1.50909257415,1.38237911919,3.35844986166,1.21259512307,7.85482488112,1.22683147966,9.15632632606,25.0,0.000601628927886,1.52241485208e-09,16.7396815066,18.1705467591,8.33438153002,8.80955160174,PG,3900
203469.0,Cody,Zeller,15.4,6,CHA@MIN,CHA,MIN,,,25.7,26.5,26,1.06311613068,0.557060039394,0.235959682724,2.99373629937,1.88924688101,2.64546045438,0.968831276533,0.921448546273,4.53470733539,2.8083188285,0.00934303168638,6.03509608409,2.21592459338,7.84190528207,24.0,0.00712512234913,1.98147617571e-09,17.0085623661,17.7113812114,7.40920071423,7.03846736725,PF,3900
201967.0,Dante,Cunningham,12.3,6,DAL@NO,NO,DAL,,,5.6,5.75,26,0.558841295241,0.293435320626,0.779902192324,0.475707195533,0.625764538684,1.70939737664,0.406669650645,0.214906742212,2.33516191533,1.52119894521,0.186078886717,3.58248253148,0.300955008855,3.52943178599,18.0,8.1449076477e-06,4.21660106206e-15,8.35519122757,8.67245435516,4.37818427915,4.19466080128,PF,3900
2743.0,Kris,Humphries,13.8,6,OKC@WAS,WAS,OKC,,,21.5,22.25,26,0.765846633062,0.381323392304,1.20514128021,1.33222513781,1.26883324806,2.48513128262,0.300859427503,0.637218076957,3.75396453068,2.52300211199,0.463351632215,5.66653150635,1.11689434012,6.62625019631,18.0,0.00150289951244,1.43799540856e-11,13.0069251454,13.7471625758,6.4057015914,6.31307314693,PF,3900
204028.0,Tarik,Black,10.8,4,LAL@MIA,LAL,MIA,,,12.4,12.75,26,0.407415217865,0.253950133877,0.021066988905,1.68158663495,1.48469413627,2.37173561709,0.236456099847,0.701162069199,3.85642975336,1.77139675373,0.00521033252375,3.12508863357,0.906765964251,4.45476980423,14.0,0.000558406772119,1.35996590668e-14,9.97325873331,10.520104032,4.77968290668,4.34052669809,C,3900
202347.0,Quincy,Pondexter,12.6,75,DAL@NO,NO,DAL,O,Knee,0.0,0.0,26,0.0,0.0,0.0,0.0,0.0,0.0,0.0,0.0,0.0,0.0,0.0,0.0,0.0,0.0,0.0,,,0.0,,0.580124192446,,SF,3900
201596.0,Mario,Chalmers,14.6,6,LAL@MIA,MIA,LAL,,,0.0,0.0,26,0.0,0.0,0.0,0.0,0.0,0.0,0.0,0.0,0.0,0.0,0.0,0.0,0.0,0.0,0.0,,,0.0,,0.861575508077,,PG,3900
201196.0,Ramon,Sessions,15.3,6,OKC@WAS,WAS,OKC,,,26.9,28.5,26,3.26832632812,0.0840254625462,1.29860983695,4.160348013,0.485443621649,1.10629600088,1.01856218364,1.56965007761,1.59173962253,2.93766345521,0.522226796922,7.08987457692,3.24692585704,9.64447956437,23.0,0.00118474225998,8.22324197031e-09,17.0925818183,18.2198843748,7.84532266985,7.7778042628,PG,3900
2405.0,Amar'e,Stoudemire,5.6,1,LAL@MIA,MIA,LAL,GTD,Knee,0.0,0.0,26,0.0,0.0,0.0,0.0,0.0,0.0,0.0,0.0,0.0,0.0,0.0,0.0,0.0,0.0,0.0,,,0.0,,0.764982710592,,PF,3900
203498.0,Shabazz,Muhammad,11.6,5,CHA@MIN,MIN,CHA,,,4.2,4.75,26,0.485846138407,0.111469250506,0.750810247799,2.24299610605,0.804614381809,1.19420385862,0.240540777123,0.734536393865,1.99881824043,2.61954897212,0.223746714888,5.46905330055,1.61579866519,7.07864332432,14.0,1.482501324e-05,1.92859163952e-15,10.1754780818,10.7545827858,6.54574442556,6.2505424973,SF,3900
204020.0,Tyler,Johnson,14.1,6,LAL@MIA,MIA,LAL,,,18.4,19.5,26,2.262985944,0.529537441036,2.21510240174,2.39231438928,0.867984629854,1.93351790554,1.27003674601,1.38087805356,2.80150253539,3.64385942028,0.925006659786,7.8445055472,1.62864612669,9.84137162703,29.0,0.000461412743908,4.93866912739e-08,18.815923906,20.1096336567,8.38626696444,8.48167126477,PG,3800
202687.0,Bismack,Biyombo,13.7,7,NY@TOR,TOR,NY,,,14.6,14.75,26,0.218112104049,1.14543422534,1.07070125983e-05,2.11260162527,2.23937418729,2.55742081367,0.229573502319,0.745822106921,4.79679500095,1.42599816209,2.95051199442e-06,3.09397164482,1.28330967093,4.13530894563,16.0,0.00160233396691,6.08850804233e-10,12.2228244512,12.8379802328,4.58773290129,4.29228651303,C,3800
202335.0,Patrick,Patterson,12.4,7,NY@TOR,TOR,NY,,,10.2,11.0,26,1.18733504508,0.369567164323,2.90388943215,0.471418791124,0.740375548628,1.79097585026,0.61630093062,0.713759067956,2.53135139889,2.06557425453,0.974363616594,5.24469914725,0.393635055667,5.49914718132,19.0,5.99631358795e-05,3.14478115936e-11,11.5757485495,12.5464674066,6.20850483444,6.76579182112,PF,3800
201564.0,O.J.,Mayo,19.0,71,BOS@MIL,MIL,BOS,O,Hamstring,0.0,0.0,26,0.0,0.0,0.0,0.0,0.0,0.0,0.0,0.0,0.0,0.0,0.0,0.0,0.0,0.0,0.0,,,0.0,,0.744187689592,,SG,3800
201580.0,JaVale,McGee,9.1,23,DAL@NO,DAL,NO,O,Leg,0.0,0.0,26,0.0,0.0,0.0,0.0,0.0,0.0,0.0,0.0,0.0,0.0,0.0,0.0,0.0,0.0,0.0,,,0.0,,0.88414802411,,C,3700
201573.0,Jerryd,Bayless,20.0,7,BOS@MIL,MIL,BOS,,,21.4,23.5,26,3.72724568225,0.301667971048,3.453566943,2.40800613185,0.299872475625,1.39651687215,1.07061350375,2.06916695187,1.69638934778,3.60172311609,1.37910225702,8.9308297226,1.99899777751,10.5815462667,30.0,0.0032639920667,3.89658730483e-08,18.8834780052,20.697328182,9.11169716084,9.65183267363,PG,3700
708.0,Kevin,Garnett,11.3,5,CHA@MIN,MIN,CHA,,,0.0,0.0,26,0.0,0.0,0.0,0.0,0.0,0.0,0.0,0.0,0.0,0.0,0.0,0.0,0.0,0.0,0.0,,,0.0,,0.860686234901,,PF,3700
203482.0,Kelly,Olynyk,18.8,4,BOS@MIL,BOS,MIL,,,13.2,14.25,26,1.69584402176,0.723013894708,3.07162032879,1.95298230688,1.48499800026,2.08951837318,1.2114442948,1.67666566704,3.57451637343,3.8729677941,0.935081498507,8.45338455074,1.36941320556,10.0504302923,22.0,0.00230961843028,2.84582015976e-08,19.075866685,20.5639305994,8.73419650122,8.9090391505,C,3700
202709.0,Cory,Joseph,14.5,7,NY@TOR,TOR,NY,,,32.2,33.5,26,3.37537714229,0.303583923583,0.856981708342,2.53029077994,0.616732566442,1.67020232616,1.01355719612,1.34279837539,2.2869348926,3.60896409556,0.294054125529,6.99870570888,1.98335121989,9.49533353653,27.0,0.00152359743442,1.99121379139e-07,18.5942049851,19.5292639737,8.10872311877,7.75015080903,PG,3700
101138.0,Brandon,Bass,10.2,5,LAL@MIA,LAL,MIA,,,8.4,8.5,26,0.459413101527,0.114274051643,0.100052172288,1.06977669704,0.861648159157,1.02071001235,0.174361615194,0.516905292584,1.8823581715,1.57582991516,0.0281959005784,3.14078230596,0.883792312938,4.06364804384,10.0,1.83338391725e-06,1.39475484732e-16,7.07196354302,7.43863479826,4.52173852686,4.16867504886,PF,3700
201177.0,Josh,McRoberts,7.9,7,LAL@MIA,MIA,LAL,,,13.3,14.5,26,2.35164061609,0.162175652703,1.479051312,0.608193412835,0.661264737262,1.08089696363,0.631285875603,1.15448996666,1.74216170089,1.60555005584,0.497513660748,3.52020815703,0.380675223777,4.0892889962,18.0,1.63718998286e-05,2.22084277745e-10,10.1397770514,11.0529115086,4.58121214067,4.66361477165,PF,3600
201156.0,Nick,Young,14.4,6,LAL@MIA,LAL,MIA,,,25.4,28.5,26,1.04331849356,0.403790692833,6.57080954947,3.09631915253,0.247160188531,1.08412628198,0.760320251426,0.910224145379,1.33128647052,4.71356987171,2.70128831422,11.9236000868,2.84008876244,14.9685168201,26.0,1.40242093534e-06,2.1763548601e-13,19.5490360682,21.4213587251,12.660765337,14.1421185498,SG,3600
203098.0,John,Jenkins,10.9,3,DAL@NO,DAL,NO,,,0.0,0.0,26,0.0,0.0,0.0,0.0,0.0,0.0,0.0,0.0,0.0,0.0,0.0,0.0,0.0,0.0,0.0,,,0.0,,0.582810322533,,SG,3600
101123.0,Gerald,Green,10.6,3,LAL@MIA,MIA,LAL,O,Undisclosed,0.0,0.0,26,0.0,0.0,0.0,0.0,0.0,0.0,0.0,0.0,0.0,0.0,0.0,0.0,0.0,0.0,0.0,,,0.0,,0.587259530617,,SG,3600
201949.0,James,Johnson,5.0,4,NY@TOR,TOR,NY,,,21.1,22.75,26,2.26295188324,1.44413801999,1.11939933359,2.80388487063,1.20713305193,2.06181796622,1.07263541739,1.83493563332,3.26895101815,4.02549399108,0.31696961778,7.15274557274,1.68443135197,10.0523889519,29.0,0.00133031625628,1.62435761588e-07,20.56816924,21.8095653781,8.24008778897,7.7850544615,SF,3600
101109.0,Raymond,Felton,13.9,6,DAL@NO,DAL,NO,,,7.6,8.25,26,3.13494903055,0.183558667803,2.12708759832,1.02995389219,0.359085123399,0.86839136887,0.635100757063,1.48026368669,1.22747649227,3.14045412176,0.681844657914,7.75820301433,0.858824051049,7.82157695248,23.0,0.0006072825553,4.28870974879e-10,14.1540274521,15.2973663741,7.86953753383,7.93814040161,PG,3600
201571.0,D.J.,Augustin,14.5,7,OKC@WAS,OKC,WAS,,,11.6,11.75,26,2.9862475303,0.0704380177597,2.02442263018,1.97811318512,0.204839922665,0.937934865244,0.624968277888,1.40246548053,1.14277478791,2.17406753181,0.799483267865,5.06985861078,1.57049350575,6.71811183723,17.0,0.000310902626061,1.16101986455e-10,12.5571599889,13.7157394568,6.01040770051,6.27466687499,PG,3600
1626159.0,Justise,Winslow,15.0,7,LAL@MIA,MIA,LAL,,,19.1,19.75,26,1.78077890524,0.345355155682,2.02272181855,1.1488920538,1.28286359291,3.95429764913,0.842303348161,1.5321669682,5.23716124204,3.41797297475,0.481177983082,7.83172274983,0.883328125939,8.20045205853,32.0,0.0179682416276,3.18609795523e-07,17.9993639463,19.2948478023,8.00674345,7.8846322271,SF,3600
2400.0,Drew,Gooden,14.2,4,OKC@WAS,WAS,OKC,GTD,Back,8.0,8.25,26,0.620685051518,0.2977618053,0.984846348938,0.625135043042,1.23874989742,1.46178028595,0.355563119094,0.418077466453,2.70053018338,1.49711140455,0.295652473097,4.07032270074,0.513352435341,3.80322771755,12.0,3.27231524143e-05,4.38339616982e-14,8.86346389721,9.35540446088,4.63572959062,4.60903943788,PF,3600
202337.0,Luke,Babbitt,15.0,4,DAL@NO,NO,DAL,,,11.9,13.25,26,0.863274257829,0.279809813776,3.7580494435,0.508610588516,0.261539819431,2.29898113733,0.354799135352,0.676504684599,2.56052095676,2.5223801271,1.40740298875,5.82602740026,0.403893232582,6.85605647552,24.0,0.000105445851586,3.05594030598e-12,11.816306224,12.9864442773,7.37366381438,8.20271438295,SF,3600
1897.0,Metta,World Peace,15.2,2,LAL@MIA,LAL,MIA,,,20.5,23.0,26,1.0261362392,0.669180479959,3.276341394,0.849986558194,0.777576109132,1.35490404448,1.25591613896,0.885850911816,2.13248015361,3.18824387275,1.39596451447,7.29139334547,0.565899728867,8.33835198884,22.0,3.54999918815e-05,3.53684106729e-11,15.400874858,16.6484598289,7.99088652561,8.58508804429,SF,3600
201162.0,Jared,Dudley,11.7,5,OKC@WAS,WAS,OKC,,,8.6,9.25,26,1.01784258988,0.17937596237,1.86550415988,0.612497115545,0.368615701822,1.42988354406,0.686647958642,0.701631232835,1.79849924588,1.70812515504,0.59795479814,3.87616912482,0.386580784896,4.40078589311,17.0,2.11511430837e-06,2.82149671208e-13,9.11616548218,9.85588663263,4.90921760629,5.10266547619,SF,3600
204060.0,Joe,Ingles,11.5,6,UTA@CLE,UTA,CLE,,,10.1,10.25,26,1.25662208917,0.0464665373985,1.62778464465,0.279184845845,0.147608221485,0.82500021734,0.449493337321,0.431954137494,0.972608438826,1.32000664874,0.637710931681,2.77577234259,0.229727492204,3.50745172137,13.0,6.05183953426e-08,4.76475721917e-15,7.11948059366,7.70294364096,4.21855169324,4.50365485493,SF,3500
203948.0,Johnny,O'Bryant,12.3,7,BOS@MIL,MIL,BOS,,,6.8,7.5,26,0.58968335882,0.207954591157,0.0297287854032,1.18993056796,1.01843564735,1.20552908189,0.228163386103,0.566771327055,2.22396472924,1.52240032491,0.00818757637297,3.6283700673,0.726996195507,3.7799844217,13.0,5.58186070607e-06,4.58124427696e-15,7.63873176249,8.03741782346,4.78492474493,4.51247119518,C,3500
2592.0,James,Jones,4.6,7,UTA@CLE,CLE,UTA,,,0.0,0.0,26,0.114383498505,0.0349407460459,0.746962129144,0.176141875909,0.0490756460977,0.0709354516884,0.0435637175017,0.0771042885452,0.120011097786,0.346263110791,0.295057918739,0.906107842258,0.149078660565,1.13666280089,3.0,9.23778971412e-19,5.42433187455e-35,1.53215600454,1.72423766307,2.13898880413,2.42637235179,SF,3500
203461.0,Anthony,Bennett,3.6,4,NY@TOR,TOR,NY,,,6.6,6.75,26,0.705606233622,0.242071945012,0.799402677014,1.56277613188,1.0944651058,1.34687787564,0.667963582066,0.87547523534,2.44134298144,2.03169618931,0.137684025189,5.27656031891,1.09539794953,5.29647435334,17.0,3.53501988465e-05,2.51192823327e-13,10.2290911003,10.857790905,5.88076101389,5.6657751716,PF,3500
1626181.0,Norman,Powell,1.5,3,NY@TOR,TOR,NY,,,0.0,0.0,26,0.118141874159,0.032953202989,0.244286363099,0.141168478792,0.110170263459,0.245050485117,0.0597357586655,0.102290779389,0.355220748576,0.326244900697,0.0548261146398,0.835981739342,0.10400522225,0.811321138285,2.0,1.7493544109e-15,2.29626846056e-31,1.49788599173,1.59420547618,1.80316088314,1.71718290806,SG,3500
1626257.0,Salah,Mejri,2.9,3,DAL@NO,DAL,NO,,,2.2,2.75,26,0.488969942521,0.431443258375,0.442078529214,0.612776455442,0.473963579572,1.52844315449,0.333883291908,0.553030345838,2.00240673406,0.891005858653,0.12175241741,2.07442354345,0.451460212529,2.35522434725,10.0,5.511812727e-07,1.01026525462e-16,6.46919009663,6.90670264173,3.14860035781,2.99484914079,C,3500
203940.0,Adreian,Payne,6.6,3,CHA@MIN,MIN,CHA,,,19.0,21.25,26,0.970963928727,0.301178173464,0.530470641251,1.21107728518,1.21519538977,1.99245342384,0.529216003707,1.32537193293,3.2076488136,2.7534973762,0.29665389562,5.9300254032,0.869269014093,6.67291766212,20.0,0.000509109783566,4.35191676018e-11,12.3139585529,13.2861175727,6.94630188234,6.70374633709,PF,3500
201582.0,Alexis,Ajinca,11.4,6,DAL@NO,NO,DAL,,,5.2,5.25,26,0.217123161101,0.276718481451,0.00885647871075,0.426684760814,0.576236511538,0.618081088161,0.145864758036,0.303820617255,1.1943175997,0.901492437103,0.0027437681077,1.67231403172,0.359614016451,2.16534265877,5.0,3.39712628747e-09,2.0994101844e-21,4.46555438177,4.67855245954,3.08796616283,2.75424337269,C,3500
204014.0,Damjan,Rudez,1.1,2,CHA@MIN,MIN,CHA,,,5.7,6.25,26,0.421659972949,0.0399812243472,1.26620331313,0.178764348534,0.112161768611,0.141024483996,0.131546739811,0.381230154261,0.253186252607,0.900655418859,0.515037810494,1.98867837966,0.126883335442,2.44323198365,8.0,8.41534095164e-13,1.98366635192e-25,3.34137122026,3.80216451527,3.3813675703,3.67555784517,SF,3500
203925.0,Joe,Harris,2.4,4,UTA@CLE,CLE,UTA,,,0.0,0.0,26,0.0,0.0,0.0,0.0,0.0,0.0,0.0,0.0,0.0,0.0,0.0,0.0,0.0,0.0,0.0,,,0.0,,0.60152111977,,SG,3500
200779.0,Steve,Novak,3.0,35,OKC@WAS,OKC,WAS,,,0.0,0.0,26,0.0,0.0,0.0,0.0,0.0,0.0,0.0,0.0,0.0,0.0,0.0,0.0,0.0,0.0,0.0,,,0.0,,0.46501495496,,SF,3500
203082.0,Terrence,Ross,10.4,7,NY@TOR,TOR,NY,,,0.0,0.0,26,0.0,0.0,0.0,0.0,0.0,0.0,0.0,0.0,0.0,0.0,0.0,0.0,0.0,0.0,0.0,,,0.0,,0.627888815371,,SG,3500
203516.0,James,Ennis,0.5,3,LAL@MIA,MIA,LAL,GTD,Illness,0.0,0.0,26,0.0,0.0,0.0,0.0,0.0,0.0,0.0,0.0,0.0,0.0,0.0,0.0,0.0,0.0,0.0,,,0.0,,0.672163260223,,SF,3500
203962.0,Josh,Huestis,0.0,0,OKC@WAS,OKC,WAS,,,0.0,0.0,26,0.0,0.0,0.0,0.0,0.0,0.0,0.0,0.0,0.0,0.0,0.0,0.0,0.0,0.0,0.0,,,0.0,,0.845620626624,,SF,3500
1626148.0,Anthony,Brown,5.0,1,LAL@MIA,LAL,MIA,,,2.0,2.0,26,0.203702966258,0.0537616300951,0.439133230826,0.359814006643,0.116203618163,0.345901665088,0.106573756676,0.159378307319,0.462105283251,0.419493209971,0.139195744179,1.02498438739,0.27857495073,1.25675711485,3.0,1.34681059832e-13,3.79954814247e-27,2.27813037036,2.45052266028,2.13808640197,2.14524693525,SF,3500
1626173.0,Rashad,Vaughn,4.2,4,BOS@MIL,MIL,BOS,,,3.0,3.5,26,0.199086628334,0.131820738167,0.766317901514,0.269828706532,0.281146480632,0.553985875657,0.156635359494,0.323896617964,0.835132356289,0.874859870428,0.280798019132,2.03786883864,0.19879504853,2.22931280852,6.0,3.02469370082e-10,7.5643584391e-24,3.78311715592,4.12722109274,3.09592811681,3.1315874805,SG,3500
1626163.0,Frank,Kaminsky,6.9,6,CHA@MIN,CHA,MIN,,,-1.0,-0.5,26,0.274338845335,0.0268935988097,0.317106840757,0.22119969575,0.0804378287301,0.330385258582,0.0832258299513,0.126684680133,0.410823087312,0.391391641538,0.148970186062,0.866076031325,0.163698546791,1.09545201593,3.0,3.50765801769e-14,1.78381842122e-26,2.0935021661,2.25187075356,2.0065943131,2.03687860968,PF,3500
201971.0,DeJuan,Blair,0.3,2,OKC@WAS,WAS,OKC,,,15.8,16.75,26,0.566104478018,0.169891159326,0.0119819429316,1.00550988266,1.86105262672,1.86105578831,0.783860996434,1.36677580657,3.72210841503,2.56580475087,2.20217750361e-06,5.50421176259,0.647111939019,5.77872364294,17.0,0.00095956901293,1.19157271812e-11,11.6351389629,12.5060727416,6.83128715665,6.46842417006,C,3500
201973.0,Jonas,Jerebko,9.4,5,BOS@MIL,BOS,MIL,,,12.7,13.75,26,0.909884162625,0.252291712775,1.33946972835,0.973654917819,0.973563836799,1.60656868637,0.362553886861,0.669053217705,2.58013252317,1.93909210478,0.544542499539,4.07600498499,0.875383087776,5.29810979687,15.0,5.92206126659e-05,2.78381249249e-12,10.3197330502,11.0556263659,5.12421771887,5.15550987635,PF,3500
1626162.0,Kelly,Oubre,3.8,3,OKC@WAS,WAS,OKC,,,13.6,15.25,26,1.6224005719,0.288781024222,4.18449535487,2.74168735682,0.562686632726,3.28078714151,0.678753224476,1.40355201118,3.84347377424,3.97051729912,1.10183421251,10.065924037,1.74917765863,10.7920464694,26.0,0.00412288900091,3.31362263312e-08,18.3693323425,19.820383576,9.80658516576,10.2556809364,SF,3500
203481.0,Jeff,Withey,0.0,1,UTA@CLE,UTA,CLE,,,0.0,0.0,26,0.0,0.0,0.0,0.0,0.0,0.0,0.0,0.0,0.0,0.0,0.0,0.0,0.0,0.0,0.0,,,0.0,,0.852666543515,,C,3500
1626196.0,Josh,Richardson,-1.0,1,LAL@MIA,MIA,LAL,,,6.0,6.0,26,1.32238769723,0.212848609425,1.00325946107,1.36849611787,0.434085767501,1.35143552861,0.49623404089,0.818032731701,1.78552129611,1.35586259457,0.24812825404,3.35385619671,0.962114325871,3.92196776905,15.0,1.27022096753e-06,1.61033664624e-12,8.64830743916,9.27066590217,4.2322644939,4.14885579031,SG,3500
2570.0,Kendrick,Perkins,9.5,3,DAL@NO,NO,DAL,O,Pectoral,0.0,0.0,26,0.0,0.0,0.0,0.0,0.0,0.0,0.0,0.0,0.0,0.0,0.0,0.0,0.0,0.0,0.0,,,0.0,,0.785342715413,,C,3500
203584.0,Troy,Daniels,2.4,3,CHA@MIN,CHA,MIN,,,0.0,0.0,26,0.0,0.0,0.0,0.0,0.0,0.0,0.0,0.0,0.0,0.0,0.0,0.0,0.0,0.0,0.0,,,0.0,,0.594403718998,,SG,3500
203187.0,Chris,Johnson,3.3,4,UTA@CLE,UTA,CLE,,,2.0,2.0,26,0.0337948665627,0.0106010519207,0.174499064173,0.043105075387,0.0249623005273,0.0307125618146,0.0470086469375,0.0275531253775,0.0556748623419,0.121715305447,0.0548842258998,0.298041627308,0.0336320654906,0.331946902284,1.0,3.12883523368e-24,3.81216558481e-44,0.537115309277,0.581117728033,1.1951112603,1.21224810212,SG,3500
202379.0,Jeremy,Evans,6.8,5,DAL@NO,DAL,NO,,,7.0,7.5,26,0.40883652058,0.476723381645,0.212127872637,1.09091019949,0.958243959975,1.30802531405,0.382562981788,0.295147163329,2.26626927403,1.41071669048,0.0743112634661,2.47963479563,0.82901477921,3.72475942363,12.0,6.42976306725e-06,9.40562664316e-16,8.48096289687,8.77901521861,3.9925224402,3.61513117362,PF,3500
1626145.0,Tyus,Jones,0.0,0,CHA@MIN,MIN,CHA,,,5.7,5.75,26,1.07799691073,0.210798810503,0.703640815938,1.38489998418,0.443501272825,1.56611094811,0.448573151489,0.659968911368,2.00961222094,1.74285057674,0.193789032191,4.13888410889,0.973646981731,4.6531371674,13.0,5.23053560339e-06,1.14635056719e-12,9.34044221123,9.86780963986,5.03466044911,4.8461860367,PG,3500
203135.0,Robert,Sacre,3.4,1,LAL@MIA,LAL,MIA,,,0.0,0.0,26,0.0,0.0,0.0,0.0,0.0,0.0,0.0,0.0,0.0,0.0,0.0,0.0,0.0,0.0,0.0,,,0.0,,0.791501831316,,C,3500
2760.0,Anderson,Varejao,5.7,6,UTA@CLE,CLE,UTA,,,5.2,5.25,26,0.335243559297,0.141059003578,0.0410441720664,0.343635643896,0.545224721957,0.747025438519,0.201079430351,0.374040428133,1.29225016048,0.911106120093,1.76575518472e-07,1.77061406722,0.248644136721,2.07085655348,6.0,5.69438627298e-09,2.08994253423e-20,4.43465852472,4.68629134364,3.08959916196,2.75779547129,C,3500
203460.0,Andre,Roberson,11.1,7,OKC@WAS,OKC,WAS,,,13.7,14.25,26,1.03601365371,0.657295606196,1.82803443663,0.905788897024,1.01480216523,1.99082942966,0.821856206609,0.698447740482,3.00563159489,2.0872869799,0.561613468197,4.44883341443,0.531849905677,5.26803733367,25.0,0.000188296187169,3.28220215302e-11,12.6886716132,13.4692662417,5.39035302469,5.44373476677,SG,3500
1626166.0,Cameron,Payne,3.3,2,OKC@WAS,OKC,WAS,,,3.5,3.5,26,0.530726507403,0.0519408758467,0.406844264844,0.224541106577,0.111185634816,0.333463201203,0.105534933648,0.15694706529,0.444648836019,0.434481429784,0.0913096008388,1.1231540985,0.16542961923,1.12570207964,3.0,3.59576057077e-13,1.68856632613e-23,2.61337499766,2.75973577253,2.16161441608,2.09386212369,PG,3500
201627.0,Anthony,Morrow,5.2,6,OKC@WAS,OKC,WAS,,,3.2,3.25,26,0.42254100548,0.065960917086,2.89356393766,0.531774668815,0.297668670163,0.490971750375,0.636016017537,0.363931311806,0.788640420537,2.12834874477,1.13121953724,5.10802612293,0.469288388084,5.85720541487,16.0,3.24603118209e-09,4.89977456706e-18,8.47740798517,9.26441543559,6.29209288269,6.92380809072,SG,3500
202353.0,Tibor,Pleiss,1.6,2,UTA@CLE,UTA,CLE,,,0.0,0.0,26,0.0,0.0,0.0,0.0,0.0,0.0,0.0,0.0,0.0,0.0,0.0,0.0,0.0,0.0,0.0,,,0.0,,0.836696595705,,C,3500
101111.0,Charlie,Villanueva,11.0,5,DAL@NO,DAL,NO,,,29.8,31.25,26,0.826214297061,0.748302400139,7.62154167878,1.33118015582,0.941285681364,2.77228608544,0.507025149997,0.980748480888,3.7135717668,5.37568570111,2.40141809255,13.3599673554,0.825614925719,13.9784044205,26.0,0.00408576372686,1.11193262369e-10,21.2039186056,23.0868091266,13.6796888462,15.1496383331,PF,3500
1626175.0,Jordan,Mickey,6.1,2,BOS@MIL,BOS,MIL,,,0.0,0.0,26,0.0,0.0,0.0,0.0,0.0,0.0,0.0,0.0,0.0,0.0,0.0,0.0,0.0,0.0,0.0,,,0.0,,0.940961584844,,PF,3500
203099.0,Jared,Cunningham,5.5,7,UTA@CLE,CLE,UTA,,,0.0,0.0,26,0.0,0.0,0.0,0.0,0.0,0.0,0.0,0.0,0.0,0.0,0.0,0.0,0.0,0.0,0.0,,,0.0,,0.680921747039,,SG,3500
2365.0,Chris,Andersen,2.9,2,LAL@MIA,MIA,LAL,,,0.0,0.0,26,0.0,0.0,0.0,0.0,0.0,0.0,0.0,0.0,0.0,0.0,0.0,0.0,0.0,0.0,0.0,,,0.0,,0.79683328697,,C,3500
2419.0,Tayshaun,Prince,8.3,5,CHA@MIN,MIN,CHA,,,15.2,16.0,26,1.47177091991,0.264539087436,1.08201850683,1.33194134863,0.905424950673,1.91304389734,0.683321368769,0.654172326668,2.81846884802,2.82493230055,0.413404745615,6.65442434665,0.878528303325,6.94179765004,31.0,0.000217491303691,7.52825789859e-10,13.7731652333,14.448203451,7.22337148434,7.08804019768,SF,3500
202713.0,Kyle,Singler,3.6,6,OKC@WAS,OKC,WAS,,,12.6,14.25,26,0.575066587175,0.298529279739,2.45751528829,0.780487955051,0.334994850087,1.07504711803,0.548356073818,0.829885244732,1.41004196811,1.58509109479,0.874767393369,4.66305178603,0.54218134627,4.58713092922,19.0,3.07155363956e-07,3.25499161946e-16,8.0056666341,8.92849551229,5.42280087729,5.98420928896,SF,3500
202498.0,Lance,Thomas,9.3,7,NY@TOR,NY,TOR,,,20.6,22.25,26,0.78385148469,0.0677553690053,0.617229799518,1.87945620405,0.739108951111,1.34233065715,0.338117499393,0.944497515354,2.08143960826,2.94770187025,0.380784843819,5.99234167178,1.45456206294,7.73075064727,22.0,2.50315644788e-05,2.96895069024e-13,11.2715036257,12.038254333,7.11672487893,6.87415427867,SF,3500
2756.0,Sasha,Vujacic,14.4,7,NY@TOR,NY,TOR,,,16.2,16.5,26,1.81532977343,0.0910356292224,3.2154164563,0.740142490552,0.659539035574,1.70164453738,0.789053072429,1.13123920212,2.36118357295,2.54013571836,0.909419892103,7.14725923304,0.594892055547,6.58458338436,21.0,5.66216418714e-05,1.05537601612e-09,12.7699365332,13.9084101946,7.24956526142,7.71981974257,SG,3500
202708.0,Norris,Cole,15.9,75,DAL@NO,NO,DAL,O,Ankle,0.0,0.0,26,0.0,0.0,0.0,0.0,0.0,0.0,0.0,0.0,0.0,0.0,0.0,0.0,0.0,0.0,0.0,,,0.0,,0.737434341042,,PG,3500
101187.0,Alan,Anderson,13.2,74,OKC@WAS,WAS,OKC,O,Ankle,0.0,0.0,26,0.0,0.0,0.0,0.0,0.0,0.0,0.0,0.0,0.0,0.0,0.0,0.0,0.0,0.0,0.0,,,0.0,,0.577654934554,,SG,3500
202338.0,Kevin,Seraphin,5.1,4,NY@TOR,NY,TOR,,,2.0,3.0,26,0.301981259652,0.467281481461,0.00933574433476,0.42995479017,0.520925341744,0.674478023548,0.0914707883452,0.636187242106,1.19540336529,1.40215303457,7.73504875113e-06,2.94354165153,0.310104341569,3.11441814575,8.0,1.41197217296e-08,1.28229067519e-18,5.48319137108,5.8610590491,4.2293900366,3.89439341976,PF,3500
201946.0,Tyler,Hansbrough,2.9,3,CHA@MIN,CHA,MIN,,,0.0,0.0,26,0.0,0.0,0.0,0.0,0.0,0.0,0.0,0.0,0.0,0.0,0.0,0.0,0.0,0.0,0.0,,,0.0,,0.724898551686,,PF,3500
203101.0,Miles,Plumlee,6.3,7,BOS@MIL,MIL,BOS,,,1.2,1.25,26,0.0885921266551,0.199972574745,0.000213580310242,0.120062261418,0.291026014553,0.330985574407,0.087498011206,0.204285081255,0.62201158896,0.367073414859,5.88218280434e-05,0.652025114386,0.0729351938725,0.807140845418,3.0,1.06671932294e-13,2.50816490702e-27,2.0570990328,2.19037156379,1.89896686067,1.65951087251,C,3500
202407.0,Elijah,Millsap,1.5,5,UTA@CLE,UTA,CLE,,,0.0,0.0,26,0.0,0.0,0.0,0.0,0.0,0.0,0.0,0.0,0.0,0.0,0.0,0.0,0.0,0.0,0.0,,,0.0,,0.762405227214,,SF,3500
2617.0,Udonis,Haslem,7.3,2,LAL@MIA,MIA,LAL,,,1.2,1.25,26,0.0879806616547,0.0261856223943,0.0258674016196,0.117139679783,0.12932522291,0.191406986797,0.048137403002,0.0844865033909,0.320732209706,0.229021670414,0.00310408819435,0.485713845377,0.0803052655522,0.541452694574,2.0,3.85137094361e-17,2.72949743611e-34,1.1224618861,1.18229379238,1.48042530491,1.32135383876,PF,3500
1626204.0,Larry,Nance Jr.,9.6,2,LAL@MIA,LAL,MIA,,,8.6,9.25,26,0.571741002628,0.198428126796,0.47436633749,1.64783121693,0.601565624832,3.85114736415,0.499069239573,1.12604827763,4.45271298898,2.27993340674,0.130644771258,4.87799028253,1.11680679858,5.80731838333,20.0,0.00316151198928,2.46700697466e-12,12.2771319292,13.132856371,6.00371454724,5.69308589698,PF,3500
202087.0,Alonzo,Gee,7.0,6,DAL@NO,NO,DAL,,,18.4,19.75,26,0.779172103786,0.257763957998,1.25498861143,1.71326824294,1.20566690552,1.5337242343,1.10232555461,1.16535066293,2.73939113982,2.59024616879,0.304810491754,5.94530296278,1.22996704082,6.71526987014,22.0,0.000160580925981,4.50032918358e-11,12.7261257559,13.5984167618,6.58138073442,6.38497471021,SF,3500
203923.0,James,Young,6.1,31,BOS@MIL,BOS,MIL,,,0.0,0.0,26,0.042107082147,0.00782447147385,0.190980863025,0.08680786931,0.0286889567599,0.039656266103,0.0267049612156,0.0258741522611,0.0683452228629,0.107918171951,0.0495929481149,0.308588177886,0.0526087066891,0.318037998706,1.0,1.53574515192e-23,7.15496991461e-44,0.50639760248,0.547548413811,1.13306388606,1.15804345889,SF,3500
203956.0,Mitch,McGary,0.8,2,OKC@WAS,OKC,WAS,,,11.3,11.5,26,0.421206885208,0.353734256058,0.0807664134446,1.19516034689,1.29784403381,1.57443216098,0.374274550451,1.00672586114,2.87227619479,2.13977662663,0.0181267114108,4.15682702342,0.742006995649,5.03968696032,13.0,0.000103987593454,5.17472585618e-15,9.56752047376,10.2237165512,5.60664027837,5.20084951887,PF,3500
1626151.0,Aaron,Harrison,0.0,0,CHA@MIN,CHA,MIN,,,0.0,0.0,26,0.0,0.0,0.0,0.0,0.0,0.0,0.0,0.0,0.0,0.0,0.0,0.0,0.0,0.0,0.0,,,0.0,,0.845620626624,,PG,3500
1626179.0,Terry,Rozier,5.3,3,BOS@MIL,BOS,MIL,,,0.0,0.0,26,0.0968103322596,0.0130991344852,0.123132551536,0.054139327716,0.0722119808923,0.136457473008,0.0277361888761,0.0590175180496,0.2086694539,0.167567419162,0.0329345318375,0.441591080022,0.0398868986884,0.407956268851,1.0,9.02248511316e-19,1.64570512103e-35,0.826228240593,0.882637738232,1.40337709224,1.35638711649,PG,3500
202066.0,Garrett,Temple,1.9,4,OKC@WAS,WAS,OKC,,,14.6,15.25,26,1.7531419847,0.234271306165,2.33871673935,1.79635393823,0.663107964015,0.850031474104,0.992416484477,1.07210268135,1.51313943812,1.97409248348,0.769480320731,5.09096389386,1.38419943507,6.10186472276,21.0,4.72934432103e-06,1.6672948582e-11,11.9286179255,12.9250734925,5.8913834909,6.24461115188,PG,3500
2555.0,Nick,Collison,5.3,4,OKC@WAS,OKC,WAS,,,2.0,2.0,26,0.363323659763,0.0878943582282,0.191322248591,0.280861344185,0.390387135797,0.481348318521,0.188397687385,0.256730502163,0.871735454318,0.424957654942,0.0508015871105,1.01088075394,0.209188139153,1.10990503615,5.0,2.106187146e-11,1.67506853786e-22,2.99682666004,3.19417947742,2.06858952558,1.94086501672,PF,3500
203142.0,Chris,Copeland,6.3,7,BOS@MIL,MIL,BOS,,,0.0,0.0,26,0.291128408249,0.0548040173521,1.15494061312,0.263374291217,0.121548055259,0.197473857892,0.0681783499088,0.299119385376,0.319021913151,0.751398027719,0.389261695666,1.97934115151,0.208105734074,2.10016348518,5.0,4.58067598341e-14,3.00424347438e-26,2.86652774248,3.22666937866,3.08884536207,3.33187173258,SF,3500
1626147.0,Justin,Anderson,4.4,5,DAL@NO,DAL,NO,,,13.9,15.0,26,0.896699449393,0.319150883547,2.06219642899,1.0011129202,0.495022843261,2.48567667897,0.448911291322,0.884966752958,2.98069952223,2.36595511466,0.577359382295,5.72680566993,0.775080950914,6.08435056254,15.0,0.000247352918462,1.01834226725e-11,11.6573967601,12.5379658332,6.21405642524,6.30601947688,SF,3500
203148.0,Brian,Roberts,3.0,4,CHA@MIN,CHA,MIN,,,4.2,4.75,26,0.644750705542,0.0221470754853,0.758302058087,0.376592249354,0.0488718367941,0.137488402039,0.123758718262,0.249615190633,0.186360238833,0.812135634219,0.227006034238,2.10484421457,0.317850059487,2.16912736216,6.0,2.1928920643e-11,2.62337478463e-25,3.40208210394,3.64971072835,3.00501183285,3.01917014528,PG,3500
1626153.0,Delon,Wright,0.1,2,NY@TOR,TOR,NY,,,0.0,0.0,26,0.0,0.0,0.0,0.0,0.0,0.0,0.0,0.0,0.0,0.0,0.0,0.0,0.0,0.0,0.0,,,0.0,,0.825235933338,,PG,3500
203998.0,Bruno,Caboclo,1.3,8,NY@TOR,TOR,NY,,,0.0,0.0,26,0.0,0.0,0.0,0.0,0.0,0.0,0.0,0.0,0.0,0.0,0.0,0.0,0.0,0.0,0.0,,,0.0,,0.779789282344,,SF,3500
,Martell,Webster,5.6,32,OKC@WAS,WAS,OKC,O,Hip,0.0,0.0,26,0.0,0.0,0.0,0.0,0.0,0.0,0.0,0.0,0.0,0.0,0.0,0.0,0.0,0.0,0.0,,,0.0,,0.779789282344,,SF,3500
1889.0,Andre,Miller,3.5,1,CHA@MIN,MIN,CHA,,,0.0,0.0,26,0.660527413677,0.0147207018991,0.0745539141978,0.178633931303,0.0824086740548,0.0824086740548,0.107465931243,0.242865691028,0.16481734811,0.323309818123,0.017421822755,0.669354277873,0.135522150326,0.799563609326,3.0,3.17611438854e-13,1.13093856571e-27,1.98964312283,2.12802774713,1.82531785631,1.64572737365,PG,3500
203996.0,Damien,Inglis,3.6,4,BOS@MIL,MIL,BOS,,,7.1,7.75,26,0.820744018709,0.142576540766,1.48089826378,1.20790922617,0.444632758529,1.9146697548,0.424733509509,0.74827331443,2.35930251333,1.23801210921,0.367407897779,3.32502699901,0.893911649871,3.73734376607,12.0,1.06711173487e-05,1.94239254551e-13,8.18596959625,8.8617913347,4.16753495353,4.26911283741,SF,3500
1626154.0,RJ,Hunter,1.1,2,BOS@MIL,BOS,MIL,,,17.4,19.25,26,0.680122065654,0.441407754046,2.64647991156,0.909459946279,0.438859744728,3.22252921462,0.588129219571,1.17731980574,3.66138895935,2.17703667255,0.612239212528,5.81369832011,0.670040398889,5.63635295652,19.0,0.000894541284487,3.58005249343e-12,11.9319569477,13.0111477167,6.12925777366,6.36333169631,SG,3500
203798.0,P.J.,Hairston,9.3,6,CHA@MIN,CHA,MIN,,,5.5,6.0,26,0.258136174024,0.113287751044,1.65766026816,0.497018143589,0.145688358281,0.6208038559,0.174203912703,0.246031408537,0.766492214181,0.896480937685,0.451901360564,2.69732364302,0.426050841796,2.67091407773,8.0,2.63239853346e-10,7.69954044481e-23,4.30686091474,4.69415191039,3.66188936938,3.98462239678,SF,3500
200811.0,Louis,Amundson,14.6,53,NY@TOR,NY,TOR,GTD,Back,2.0,2.0,26,0.306380990924,0.26282820025,0.00385368156837,0.481124882114,0.538372906968,0.538376382583,0.164587683221,0.319107926636,1.07674928955,0.53735103591,2.44208475434e-06,1.24625892638,0.20262479186,1.27732930576,5.0,1.37186175459e-10,2.55926029694e-22,3.56472377992,3.77811642896,2.38899017521,2.1808642147,PF,3500
1626168.0,Trey,Lyles,3.5,6,UTA@CLE,UTA,CLE,,,4.4,5.5,26,0.363771133325,0.0652246824255,0.355826710793,0.546893386194,0.643167692285,0.740394928746,0.180312135889,0.356117757672,1.38356262103,0.814802267496,0.112789377644,2.00866960302,0.370653405233,2.11304731787,6.0,1.65369684977e-08,1.3304906083e-19,4.45393504205,4.75756676557,3.00998337887,2.88213848609,PF,3500
203921.0,Cleanthony,Early,2.0,4,NY@TOR,NY,TOR,,,5.0,5.5,26,0.338826490813,0.100423145006,0.758687144841,0.403692236963,0.185935355838,0.28542215416,0.224314832518,0.33072740913,0.471357509998,0.746722172302,0.215021162205,1.91346195683,0.301695450137,2.01016095695,6.0,9.07968635876e-13,3.5854342979e-24,3.40277825108,3.69922041225,2.87450398743,2.88626737723,SF,3500
203898.0,Tyler,Ennis,10.0,3,BOS@MIL,MIL,BOS,,,8.0,8.5,26,3.66916592792,0.225130728255,1.86606320359,0.615501937938,0.542454174064,1.01282200121,0.905147671978,2.01230457672,1.55527617528,3.14294350083,0.587550362257,7.95907467829,0.485862601079,7.359299965,24.0,0.0016298159368,9.1875951381e-09,14.977632491,16.3577685207,7.99847119729,7.99926646978,PG,3500
203512.0,Lucas,Nogueira,5.0,1,NY@TOR,TOR,NY,,,0.0,0.0,26,0.0,0.0,0.0,0.0,0.0,0.0,0.0,0.0,0.0,0.0,0.0,0.0,0.0,0.0,0.0,,,0.0,,0.811581645734,,C,3500
1626273.0,Marcelo,Huertas,8.1,4,LAL@MIA,LAL,MIA,,,9.4,11.0,26,2.64003523204,0.261400572169,1.01343263966,0.522804415139,0.975152385618,1.22300886035,0.470167016248,1.02539470442,2.19816124597,1.6415828239,0.271065036173,4.01899834607,0.385173728974,3.93940441296,15.0,3.79717665119e-05,3.07238813171e-09,10.9749912286,11.7331861281,4.74390354202,4.63751647882,PG,3500
203526.0,Raul,Neto,9.8,6,UTA@CLE,UTA,CLE,,,11.5,11.5,26,1.53313432272,0.154608075902,1.75798392454,0.462636647138,0.38975787082,0.950488208758,0.543463745346,0.690464845998,1.34024607958,1.47082305648,0.573955405958,3.85162323388,0.325254372352,3.84085589127,13.0,4.98075093743e-07,5.83351976433e-13,8.45453146734,9.15375464441,4.66380857475,4.92555619276,PG,3500
201619.0,Sasha,Kaun,2.9,2,UTA@CLE,CLE,UTA,,,0.0,0.0,26,0.0,0.0,0.0,0.0,0.0,0.0,0.0,0.0,0.0,0.0,0.0,0.0,0.0,0.0,0.0,,,0.0,,0.905047090032,,C,3500
201150.0,Spencer,Hawes,12.8,6,CHA@MIN,CHA,MIN,,,8.4,9.0,26,1.6269436389,0.579520565006,2.12992053541,0.915797128552,0.423812267279,1.58790764071,0.46232849531,1.13017085336,2.01171990799,2.47286038088,0.672306338873,6.04785871106,0.458210897532,6.07623799816,19.0,1.36068869147e-05,9.59149880334e-11,11.8842446134,12.8860896155,6.4748924753,6.62967561342,C,3500
202390.0,Gary,Neal,9.7,6,OKC@WAS,WAS,OKC,,,17.7,18.25,26,1.81739075502,0.0111028968337,3.3516844239,2.30264235285,0.252988071606,0.681060437052,0.535482583937,1.31757487559,0.934048508658,4.31328610556,0.99412366542,10.9897477985,2.09116337385,11.7118592504,26.0,1.53095938133e-05,9.17541411356e-13,15.3343996793,16.5369743396,10.4548684386,10.6934190355,SG,3500
2210.0,Richard,Jefferson,12.5,7,UTA@CLE,CLE,UTA,,,14.9,15.0,26,1.1388329123,0.180687735747,3.18118177489,2.21885224427,0.306798592849,1.04201797428,0.61370195446,1.18280145754,1.34881656713,3.0814229392,1.39711257241,6.67120450856,1.50461308311,9.06457153392,26.0,1.015665862e-06,3.00802478457e-13,12.7973787058,14.1547780726,7.75121639443,8.33327910414,SF,3500
