NBA_ID,First Name,Last Name,FPPG,Played,Game,Team,Opp,Status,Injury Details,Actual_FD,Actual_DK,Actual_MIN,AST,BLK,FG3A,FTA,OREB,DREB,STL,TOV,REB,FGM,FG3M,FGA,FTM,PTS,MIN,DD,TD,FD,DK,FD_std,DK_std,fd_Pos,fd_Salary
201566,Russell,Westbrook,51.3,9,BOS@OKC,OKC,BOS,,,45.3,48.5,18,9.2999351435,0.258470968774,4.90661188712,7.21800469325,2.0510829442,4.32976096529,2.06958938642,4.51992711916,6.38084390949,8.6924889021,1.56983109413,20.047650829,6.08291339895,25.0377222973,33.0,0.562289496904,0.0507082450025,46.7808312951,51.1403115776,18.599283015,18.8564247171,PG,11400
203076,Anthony,Davis,43.4,7,NO@NY,NO,NY,O,Hip,56.7,61.75,18,2.375658952,3.09765947813,1.72208124605,8.42056079739,2.26814449184,6.53242354725,1.59579509625,2.25265134984,8.80056803909,10.5907508253,0.685052192659,19.8888922654,6.49562054464,28.3621743878,40.0,0.3865299461,0.000610990750438,49.6206022617,52.1111103263,20.520493954,20.1132998531,PF,10700
202326,DeMarcus,Cousins,42.9,6,TOR@SAC,SAC,TOR,,,57.5,62.5,18,3.37857894989,1.82523788898,3.15654656695,12.9248127277,3.71960866104,7.66028682574,1.20072583547,4.49719289676,11.3798954868,10.879608456,1.40057662195,24.0262387567,9.87614517624,33.0359387102,41.0,0.647799598566,0.00168649556133,53.3144162713,57.8090546895,23.7221867176,23.6335708473,C,10500
203083,Andre,Drummond,47.1,9,DET@LAL,DET,LAL,,,41.9,45.25,18,0.948276490031,1.79756707279,0.0106594844866,7.0572191616,7.03357783118,11.7592108929,1.72091859693,2.62079716542,18.7927887241,8.57361349742,0.000115481665527,16.210156827,2.65538420893,19.8027266854,41.0,0.969464903564,3.15236814031e-05,48.1926620634,51.8970497496,18.1503204121,17.6453873451,C,9700
2546,Carmelo,Anthony,37.3,10,NO@NY,NY,NO,,,49.1,52.75,18,3.85563782586,0.503073400427,5.70529929045,6.47344893453,1.45032393694,5.36757282306,1.04809049402,2.31053014063,6.81789676001,9.45133887084,2.0179049539,22.4154918256,5.58333125935,26.5039139549,39.0,0.157472732444,0.000965238547001,41.260644454,44.0048616536,20.3756576083,20.80782419,SF,9400
203081,Damian,Lillard,39.9,10,POR@CHA,POR,CHA,,,37.1,40.5,18,6.98076659165,0.206059093566,8.07027481917,4.9640429285,0.697004116374,2.47120046377,1.19237969627,3.41088402799,3.16820458015,8.52536396624,3.06436816651,19.5321092665,4.11528213796,24.2303782369,37.0,0.16799047319,0.0002728876816,37.8893671723,41.5382078714,18.3676865493,19.6732464506,PG,9100
200768,Kyle,Lowry,38.4,10,TOR@SAC,TOR,SAC,,,39.9,45.5,18,7.50821201509,0.565761138997,6.83175341256,6.16405823657,0.766197924246,3.50143963781,2.60337722214,3.41080027761,4.26763756206,6.779117243,2.7221697055,16.5025521134,5.15905433636,21.4394585279,39.0,0.233358869073,0.00280751875089,40.7504180696,44.3887457992,15.8324152575,17.0128782243,PG,8600
202324,Derrick,Favors,34.7,9,UTA@ATL,UTA,ATL,,,38.3,40.75,18,1.58079797495,1.77637537458,0.0971184194365,4.52071216274,2.90169466945,5.32804551981,1.82381430552,1.77386389704,8.22974018926,6.83236608355,0.00455936795086,13.2373268284,3.01718932944,16.6864808645,32.0,0.294373055865,1.33741831997e-05,34.3598815172,36.1021798655,14.9160073717,14.4488631166,PF,8300
200794,Paul,Millsap,37.2,11,UTA@ATL,ATL,UTA,,,41.2,43.5,18,3.83939295339,1.14279854964,3.73255129392,5.88496909799,1.94654522294,6.13372505894,2.24314088044,2.68804727143,8.08027028188,6.64177607604,1.3128806963,13.7691492864,4.40433769049,19.0007705389,37.0,0.29066529207,0.00180155070255,38.5400158959,41.3858959841,13.6124646794,13.748650096,PF,8200
202704,Reggie,Jackson,33.6,9,DET@LAL,DET,LAL,,,13.3,16.5,18,4.13208620445,0.14169450292,3.06001453886,3.28247291702,0.477450868032,1.87136060284,0.669735036288,2.73777350229,2.34881147087,5.38356734829,0.972448918739,12.4415980276,2.61039940638,14.3499830217,24.0,0.00882404663286,1.47530098968e-06,22.2517716695,24.2375639494,12.0750509543,12.1332133454,PG,8000
201143,Al,Horford,35.1,11,UTA@ATL,ATL,UTA,,,32.5,34.25,18,3.19527915382,1.50571053742,2.63383914375,1.52240615336,2.13787399772,4.25971512142,0.77122741195,1.4675640777,6.39758911914,7.11390085784,0.894463216926,13.7217675848,1.30916687971,16.4314318123,31.0,0.106772490243,0.000183754647529,31.9877693071,33.6493724096,13.5816153571,13.3669462385,C,7800
203497,Rudy,Gobert,31.8,7,UTA@ATL,UTA,ATL,O,Ankle,34.7,38.75,18,2.17573327158,3.60508083075,0.0157502588115,4.52544614567,4.26853379691,7.43114701952,0.93775047984,2.41285499813,11.6996808164,4.01908875918,0.00261519302497,7.42672944205,2.68928605644,10.7300787678,38.0,0.497707505835,0.00205304142387,34.706103278,37.2515427974,9.38476103721,8.94126715991,C,7700
201942,DeMar,DeRozan,32.8,10,TOR@SAC,TOR,SAC,,,42.3,44.5,18,4.17025641318,0.261001678009,1.6139562804,9.07999400701,0.746059007616,2.96096820259,1.37782082514,2.51213999159,3.7070272102,7.00911335201,0.336743505525,16.5690595793,7.42778772725,21.7827579368,37.0,0.0152939652201,5.14023799806e-05,33.2520802235,34.8849684875,16.9382287612,16.6578429566,SG,7600
200765,Rajon,Rondo,35.9,10,TOR@SAC,SAC,TOR,,,33.4,37.75,18,11.591765544,0.0431031877079,2.60622436935,2.07750704551,1.5365927507,5.43144737836,2.36023633456,4.66607541566,6.96804012906,6.56638199923,0.725329429658,15.5351537994,0.767524882546,14.6256183107,43.0,0.784924304417,0.104024670845,40.5155184104,45.0490833087,14.8752714267,14.7873767456,PG,7500
201188,Marc,Gasol,28.5,10,MEM@MIN,MEM,MIN,,,30.4,32.75,18,4.01538175626,1.12085003818,0.286119701432,6.4864287737,1.48950350922,4.35195714068,0.44180196995,2.31324309296,5.8414606499,6.59012248266,0.155721842794,14.0273434587,5.39370841311,18.7296752212,37.0,0.0797203281205,0.000596826210885,32.5745615588,34.22248803,15.4733393255,15.1025640431,C,7500
200752,Rudy,Gay,29.5,9,TOR@SAC,SAC,TOR,GTD,Illness,36.7,39.5,18,3.32225255998,0.365300985769,3.33009550302,4.36194489841,1.80306436386,4.02499148876,1.20980966827,2.62410451574,5.82805585261,8.25063070858,1.1623385516,18.3899463405,3.53837895171,21.2019789205,37.0,0.073788278889,0.000164647703767,33.7051415759,36.0009422637,17.5492966796,17.5134397162,SF,7500
201937,Ricky,Rubio,34.4,6,MEM@MIN,MIN,MEM,GTD,Hamstring,0.0,0.0,18,0.0,0.0,0.0,0.0,0.0,0.0,0.0,0.0,0.0,0.0,0.0,0.0,0.0,0.0,0.0,,,0.0,,1.0641999083,,PG,7400
201952,Jeff,Teague,31.1,11,UTA@ATL,ATL,UTA,GTD,Ankle,0.0,0.0,18,0.0,0.0,0.0,0.0,0.0,0.0,0.0,0.0,0.0,0.0,0.0,0.0,0.0,0.0,0.0,,,0.0,,0.988077777884,,PG,7200
202738,Isaiah,Thomas,32.8,8,BOS@OKC,BOS,OKC,,,32.4,35.0,18,6.46272408764,0.0366803135484,6.84025901171,6.7162709647,0.547079743784,1.3147973216,1.41769993348,2.96312421719,1.86187706539,7.12834030702,2.22025414374,17.7522933402,5.84642378912,22.3233585469,34.0,0.118124814362,3.33387396362e-06,34.1973334337,37.0593136906,16.4417623771,17.3847612432,PG,7200
977,Kobe,Bryant,24.7,7,DET@LAL,LAL,DET,,,40.1,43.0,18,4.97616272668,0.0938193248153,7.31377774424,6.28815379241,0.742671583775,2.68037893543,1.19339208655,3.37703317103,3.4230505192,7.11350793861,1.8329921299,19.9023613791,5.2376645901,21.2976725972,36.0,0.0333199931256,8.66916279344e-05,32.066966962,34.893372203,17.3977347604,18.2330242025,SG,7200
201586,Serge,Ibaka,30.3,9,BOS@OKC,OKC,BOS,,,34.0,36.0,18,1.28403807596,2.80893664868,1.81345080642,1.59266984677,2.71028312896,4.54033125532,0.442474155056,1.36464412413,7.25061438428,6.2414406499,0.742371671392,12.932165772,1.20851546713,14.4337684383,35.0,0.169723502787,0.000114518677988,30.1987402967,31.8697077239,13.1448936989,12.9313765865,PF,7100
203952,Andrew,Wiggins,26.9,8,MEM@MIN,MIN,MEM,,,25.7,27.25,18,2.15521794502,0.529485347635,2.46010808731,6.42508961405,1.52004942949,1.85884764975,0.685939456348,2.41913627403,3.37889707924,7.53508637838,0.885741854647,17.3426719052,4.67603167613,20.6319462875,37.0,0.00263626710941,2.18168044209e-07,27.9311630341,29.7565020075,17.0674790971,16.9350010574,SF,7100
202689,Kemba,Walker,29.4,9,POR@CHA,CHA,POR,,,28.3,30.5,18,5.78082772193,0.547343336176,4.34691185316,4.59034764928,0.571087041188,2.36263922555,1.69356183516,1.92688115725,2.93372626674,5.95020943662,1.37996505568,15.332267552,3.94014000837,17.2205239373,36.0,0.066627798947,6.22307924644e-05,31.9671662257,33.8674040363,14.1319628966,14.4916720362,PG,7000
2216,Zach,Randolph,27.1,10,MEM@MIN,MEM,MIN,,,28.1,29.0,18,1.67272445576,0.112682012878,0.133992290399,2.9102028352,2.29019014523,4.76732419234,0.827739239812,2.07483272765,7.05751433757,5.61270574973,0.0261035882004,11.3865664655,2.35339669758,13.6049117852,28.0,0.148648679412,1.55423442597e-06,24.3890254517,26.0153470083,12.8329579794,12.4074357976,PF,7000
201587,Nicolas,Batum,30.0,9,POR@CHA,CHA,POR,,,46.0,49.75,18,4.74083256069,0.600869598055,5.82629477687,3.49264387198,1.34650971763,4.38267359129,1.2590030323,2.88185815696,5.72918330893,5.94841575155,2.39746164963,13.1243913225,3.02429185011,17.3185850028,39.0,0.0840838107083,0.0014526913106,32.1427409183,35.1993437771,13.2321795406,14.2420804296,SF,6900
1626157,Karl-Anthony,Towns,33.4,9,MEM@MIN,MIN,MEM,,,25.3,27.25,18,1.33358522939,2.15380512122,0.690005890518,3.53190740384,2.59608233662,7.86086280547,0.669779877489,2.07551640766,10.4569451421,6.51576230856,0.171189081581,13.573288084,3.04800711063,16.2507208093,32.0,0.557490975437,4.82160110536e-05,34.3710864137,36.8536675266,14.5486295231,14.1618001483,C,6900
202330,Gordon,Hayward,26.3,9,UTA@ATL,UTA,ATL,,,14.2,16.0,18,3.65615905158,0.292019852681,4.30923569158,5.96887484923,0.932507711159,3.05587769747,1.02675592047,2.69078112239,3.98838540863,6.30319732917,1.30130877446,15.3663203831,4.6636417113,18.5713451441,38.0,0.012024620764,3.44598348831e-05,28.7884166357,31.0020211653,14.4386984804,14.7092669516,SF,6800
2744,Al,Jefferson,25.3,9,POR@CHA,CHA,POR,,,41.5,42.75,18,1.96585700502,1.02336619494,0.0311435841117,1.92906311924,1.68379657953,3.91114734908,0.686200832989,0.883934175975,5.5949439286,7.43906239825,0.0114478869084,14.5830510031,1.25472708105,16.1442997645,30.0,0.0543412268163,2.19911328169e-06,28.3422178662,29.1511745316,16.106540132,15.6336205464,C,6600
203468,C.J.,McCollum,29.6,10,POR@CHA,POR,CHA,,,26.4,27.5,18,2.93416807025,0.289595802702,5.86030190581,3.24795574016,0.634173545424,2.50000483303,0.953842735897,2.45939714699,3.13417837846,7.57209302252,2.31490492969,17.117225041,2.78341189039,20.2425028651,37.0,0.00238786360203,1.3822841028e-06,28.4322489549,30.9796948544,16.0091753282,16.7521881197,SG,6500
202685,Jonas,Valanciunas,28.6,10,TOR@SAC,TOR,SAC,,,10.0,10.25,18,0.306140466695,0.655776188941,0.00333004795445,2.85628229485,2.14043073441,3.91366176664,0.237098566693,1.10186649948,6.05409250104,3.82540263027,4.77668266317e-05,6.5724692491,2.22794285597,9.87879588333,20.0,0.0527731184004,1.18106967398e-10,18.2868005964,19.2196220326,8.39808616947,7.85658240613,C,6400
201144,Mike,Conley,26.0,10,MEM@MIN,MEM,MIN,,,33.5,36.0,18,6.51334129544,0.0651948124678,4.35081982272,3.63903909891,0.593659563273,1.63350313519,1.20206729292,2.09148800359,2.22716269847,5.03717013213,1.47348524736,12.9292680953,3.08131984398,14.6291453556,33.0,0.107882188126,1.20627324097e-05,27.5147887441,29.5704929749,12.1916973398,12.7067309795,PG,6300
202683,Enes,Kanter,23.8,9,BOS@OKC,OKC,BOS,,,15.9,16.0,18,0.575448282637,0.358991920132,0.180761522667,1.54221367258,2.28566704051,3.02408108184,0.160020757115,1.12724695958,5.30974812235,3.86648113462,0.0921947003766,7.06094682302,1.15704288681,8.98219985642,16.0,0.022746583986,1.4970036322e-11,16.1278484221,17.0371765342,8.57520812315,8.10038895676,C,6200
202694,Marcus,Morris,27.9,9,DET@LAL,DET,LAL,,,24.4,24.75,18,1.80251943393,0.337001060101,3.67069584218,3.07506254657,1.45809699216,2.6033293825,1.34161243951,1.52587924875,4.06142637466,4.59222943313,1.13706705399,11.279291407,2.09886283909,12.4203887593,32.0,0.00690949129579,1.45915210405e-07,21.8292273103,23.3741364551,10.8800952728,11.1872236538,SF,6100
201583,Ryan,Anderson,27.0,9,NO@NY,NO,NY,,,19.0,21.75,18,0.828375514368,0.401809795753,4.89052365275,2.0695581413,1.67801379652,3.47266324273,0.414912684709,1.21491882696,5.15067703925,4.98732103055,1.69462274745,11.5997594744,1.71939756414,13.3886623727,26.0,0.0304330760312,6.03880761082e-10,21.2305642253,22.9885184803,11.4663927274,12.1728778889,PF,6000
203903,Jordan,Clarkson,22.8,9,DET@LAL,LAL,DET,,,23.7,27.5,18,2.67350426456,0.335651694351,3.01426490249,2.49217356644,0.750506327623,1.72380525514,1.02714881976,1.89025067854,2.47431158276,5.60153551046,1.19507746194,12.0105973008,1.86948851215,14.267636995,29.0,0.000616749155892,1.01876655846e-07,22.0824176408,23.7497227196,11.8785010383,11.9740649068,PG,6000
201569,Eric,Gordon,28.5,9,NO@NY,NO,NY,,,16.4,17.0,18,3.3885009306,0.249628217781,8.01653957292,3.06918319336,0.581651392201,1.7851147103,0.974655310063,1.83496157289,2.3667661025,6.92161818175,3.21394748819,16.1583895069,2.48995847973,19.5471423314,39.0,0.00271705651554,4.59492586677e-07,28.0836185331,30.730488332,16.1113930338,17.7034335051,SG,6000
201960,DeMarre,Carroll,21.6,7,TOR@SAC,TOR,SAC,,,22.8,25.5,18,1.63974862706,0.272118303826,5.16019402439,2.91775352045,1.68935071585,2.77004944171,1.40991984901,1.53916243446,4.45940015756,5.00787756615,1.88455196955,12.5392534493,1.93189086897,13.8321979708,37.0,0.0133933794483,1.49928452197e-07,23.4680149717,25.4229327005,12.1573724251,12.9890108723,SF,5900
202329,Al-Farouq,Aminu,26.3,10,POR@CHA,POR,CHA,,,15.6,16.25,18,1.23708176607,0.719790715097,2.52017609455,2.10563032128,1.03437629885,3.42864441853,0.646571293284,1.12625305477,4.46302071738,2.73629378733,0.833207484526,6.5283962377,1.55448429367,7.86027935286,22.0,0.00652901056704,4.98000253858e-09,16.6779978248,17.8906726611,7.1084725153,7.36160509304,SF,5900
202323,Evan,Turner,21.2,8,BOS@OKC,BOS,OKC,,,12.1,13.25,18,3.65048436463,0.327799260824,1.52131968952,1.20570252025,0.490405461004,2.22413600114,1.0401803716,1.91677393044,2.71454146214,3.59801237801,0.396694162134,8.47756039205,0.924898358363,8.51761727651,24.0,0.00230449910692,1.07624020851e-06,18.0699789124,19.3659000092,8.73866066027,8.55391287305,SF,5800
203944,Julius,Randle,26.1,9,DET@LAL,LAL,DET,,,22.6,24.0,18,2.75431994433,0.616607047074,0.452525301011,4.12383656592,1.06728218527,7.10960962979,0.882957697228,2.1044743892,8.17689181506,4.67761271966,0.0929591058977,10.6453976414,2.43216961327,11.8803541585,31.0,0.231190019687,0.000134533495269,26.7187593524,28.5735093208,11.7456063867,11.4238353851,PF,5800
203897,Zach,LaVine,21.4,9,MEM@MIN,MIN,MEM,,,32.1,34.75,18,2.76183974275,0.0385292832325,1.88943566573,1.83385921176,0.412211817662,1.22668678273,0.549139675996,1.82578676884,1.63889860039,3.24971524362,0.735574075676,7.36110069472,1.59504822123,8.83005278415,17.0,0.000298911936602,2.58355745183e-09,14.2890418684,15.6521155963,7.83612435687,7.86543101081,SG,5800
201950,Jrue,Holiday,21.2,6,NO@NY,NO,NY,,,15.6,17.25,18,5.17047578821,0.297162603465,2.84368088956,2.30308095064,0.322297740879,1.09226082705,1.24834851806,2.64226320882,1.41455856793,4.84817356188,1.18642144505,11.1253024285,1.80275162625,12.6855201951,25.0,0.0300086563556,9.84210786163e-08,22.5874631931,24.6175467283,10.9894808604,11.1593754285,PG,5800
202397,Ishmael,Smith,27.5,9,NO@NY,NO,NY,,,10.1,11.75,18,5.53982123188,0.29021704053,1.51093588134,1.18229104116,0.509268990526,1.72000951948,0.898340385627,1.90570970917,2.22927851001,3.08646229503,0.439735699145,8.55421594683,0.831593459717,7.44425374893,22.0,0.0202345366215,2.26579107727e-06,18.9005249519,20.2150701839,8.45261078355,8.39168557645,PG,5700
203096,Jared,Sullinger,27.5,8,BOS@OKC,BOS,OKC,,,37.5,39.75,18,2.73824048299,1.088111189,3.33806084196,1.61286882193,3.64632366614,5.67832252098,1.4205842792,1.81511744924,9.32464618712,6.14278227588,1.08658047442,13.1924353875,1.1664523607,14.5385973869,31.0,0.393608813905,0.000220379526952,33.0378070231,35.5459626537,12.7335144165,12.7976319199,PF,5600
204001,Kristaps,Porzingis,25.3,10,NO@NY,NY,NO,,,18.8,19.5,18,0.712100889125,0.927139009452,2.66085399789,2.47235165412,2.64724624152,4.61860760325,0.795028347406,1.44709038427,7.26585384476,4.02232439163,0.614595206462,10.1365119648,1.9330662708,10.5923102605,23.0,0.128525958226,9.53847065151e-09,22.3767305374,23.9636549909,9.79829350146,9.80414306924,PF,5500
202340,Avery,Bradley,18.6,6,BOS@OKC,BOS,OKC,GTD,Calf,24.4,25.0,18,1.94809244518,0.144706289518,3.76326303613,1.29043431953,0.515633037823,1.38688053545,0.90183521325,1.18069661673,1.90251357327,4.26560233704,1.31295776792,10.3122021517,0.96982097349,10.8139834155,26.0,4.46571349724e-05,7.55835212238e-10,16.93152476,18.2735446189,10.1065262452,10.5600578101,SG,5500
203486,Mason,Plumlee,25.0,10,POR@CHA,POR,CHA,,,25.1,26.75,18,1.76242860917,0.828735049814,0.0158776029472,3.90346055881,2.38891440631,3.99625928477,0.989434983719,1.75767731841,6.38517369108,3.48009202237,0.00103270837203,6.07913478156,1.85593160761,8.81714836072,24.0,0.0564067418797,9.22617758078e-07,21.0016624524,22.284889031,8.0283023748,7.52126470822,C,5500
201954,Darren,Collison,24.7,6,TOR@SAC,SAC,TOR,O,Hamstring,0.0,0.0,18,0.0,0.0,0.0,0.0,0.0,0.0,0.0,0.0,0.0,0.0,0.0,0.0,0.0,0.0,0.0,,,0.0,,0.801121203869,,PG,5500
201579,Roy,Hibbert,23.1,9,DET@LAL,LAL,DET,,,24.9,25.75,18,1.51430298044,2.41317977964,0.143540549968,4.35933336335,2.11946396604,3.96227563313,0.233827789317,1.58538067985,6.08173959917,3.2494932352,0.000658870987232,7.18222376663,3.75918574332,10.2588310847,28.0,0.05780068534,1.23881695385e-05,23.5370075324,24.7208524803,8.66805598721,8.32142966426,C,5400
202692,Alec,Burks,23.5,9,UTA@ATL,UTA,ATL,,,31.2,32.5,18,2.40622300971,0.0622681216993,2.2144746532,4.84275750212,0.668941710192,2.13943728842,0.838649174084,1.80825156636,2.80837899862,4.76915270732,1.03959952356,11.1070930495,3.98609895847,14.5640038967,28.0,0.000774138553436,1.22056111517e-07,21.5369762348,23.1024823037,11.2463098833,11.2932123914,SG,5400
203935,Marcus,Smart,19.7,5,BOS@OKC,BOS,OKC,,,43.1,45.5,18,3.58270657273,0.460150876712,5.33866724205,3.71200273679,0.927683452435,2.06976529471,1.72007542837,1.48471021954,2.99744874715,3.93462796188,1.67787120836,10.2473323716,2.52567945841,12.0728065905,34.0,0.00370609404879,3.20840288636e-06,23.9195473368,25.6562792544,10.6622767427,11.6161981328,PG,5300
203504,Trey,Burke,19.5,9,UTA@ATL,UTA,ATL,,,18.5,20.0,18,2.87561799448,0.0592309931598,3.3899581311,1.51899330973,0.245325582079,1.18033716707,0.843491115337,1.38431053252,1.42566274915,4.36596582146,1.3789562789,10.035172708,1.20282751696,11.3137154388,23.0,0.000557644933528,1.47755881329e-09,17.7590714139,19.212824429,10.0282730482,10.4236979736,PG,5200
101161,Amir,Johnson,20.2,8,BOS@OKC,BOS,OKC,,,17.0,18.25,18,1.5761383066,1.29010956045,1.19856295625,2.47124130682,2.34501590627,4.04223912839,0.779963536371,1.85976119342,6.38725503465,4.48325186531,0.367290824188,7.9764356127,1.57618720279,10.9099817576,30.0,0.0766382614156,5.6602017278e-07,23.2192802593,24.76712811,8.94931811733,8.50982853058,C,5200
101107,Marvin,Williams,25.2,9,POR@CHA,CHA,POR,,,24.6,25.5,18,1.74392210444,1.11071627502,4.4889125751,1.32611695247,1.1786945627,4.95535935115,0.801979593565,1.03577388742,6.13405391384,3.92582783659,1.7199270647,8.83054060869,0.979011473212,10.5505942111,34.0,0.058808002986,8.91285804318e-07,23.3169599141,25.0897277642,9.61470042282,10.4475302303,PF,5200
1626156,D'Angelo,Russell,19.2,9,DET@LAL,LAL,DET,,,17.0,18.25,18,2.35052007218,0.215848963049,3.25882175515,0.938186727481,0.57603367057,2.90355674995,0.773718803786,1.31119504123,3.47959042052,3.21537835449,0.983335960377,8.03281693619,0.6630944201,8.07718708945,21.0,0.00142324779105,2.30941136342e-07,16.4464161948,17.7697967811,8.14692886706,8.52307227536,PG,5100
203484,Kentavious,Caldwell-Pope,22.5,9,DET@LAL,DET,LAL,,,20.6,21.75,18,1.36442398884,0.27206098033,4.41486133241,2.21599498257,0.521309643364,1.84568245539,1.24336449839,1.09921507556,2.36699209875,4.47223511709,1.26919998872,11.3024235202,1.76199574951,11.9756659724,33.0,0.000135152419672,3.45479714601e-10,18.7943283561,20.0970882228,10.7845895096,11.2886526862,SG,5100
101150,Louis,Williams,21.9,9,DET@LAL,LAL,DET,,,11.4,12.0,18,2.11974894016,0.131314515127,3.73478855427,4.51965874993,0.182537136699,1.12484570345,0.704185731355,1.05111509945,1.30738284015,2.85748900746,0.98954168943,8.1694407532,3.84482757946,10.5493472838,20.0,4.93509876384e-05,6.00514644017e-11,15.9177154958,17.0034870589,8.37515989638,8.88872993184,SG,5100
203109,Jae,Crowder,25.9,8,BOS@OKC,BOS,OKC,,,13.6,15.25,18,1.43637488113,0.426854995985,3.10858272373,2.64305233206,1.19673063995,2.33261538941,2.00102381733,1.36004893523,3.52934602935,2.91661898984,0.860474637955,7.55868869618,2.126375179,8.82008779663,25.0,0.0017569103023,8.5830334171e-08,18.705574045,19.994938756,7.8018394563,8.13218880545,SF,5000
203145,Kent,Bazemore,23.4,11,UTA@ATL,ATL,UTA,,,25.1,26.75,18,2.46746684571,0.546269518421,3.49222030502,2.0483391558,0.340935900119,2.76158570433,1.6236136393,1.69086219295,3.10252160445,4.42655054537,1.4725518974,9.20823292375,1.59289837702,11.9185513652,30.0,0.0012173309808,2.67397157267e-07,21.9916816816,23.7303416056,9.67346696116,10.094264606,SG,5000
2594,Kyle,Korver,18.9,9,UTA@ATL,ATL,UTA,,,18.3,20.0,18,2.7449914112,0.282716927967,4.91630573642,0.739939957166,0.154168774683,2.67027761774,0.801710429263,1.22379714216,2.82444639242,4.36928522248,2.2473575391,8.13819866408,0.680883451562,11.6668114356,34.0,0.000889619526789,2.79835535286e-07,20.1186917956,21.9968267247,9.9402598362,10.9545262901,SG,4900
203079,Dion,Waiters,18.7,9,BOS@OKC,OKC,BOS,,,8.4,10.5,18,1.92864759645,0.240734760753,2.87648920302,2.59578270691,0.681061003575,2.04923016124,0.988949075373,1.53885925187,2.73029116482,4.3621603236,1.19331936423,10.5059840903,2.10813123704,12.0257712485,29.0,0.000431323787558,1.40226868252e-08,19.1156004613,20.6188513553,10.3412440404,10.5856290432,SG,4800
201593,Nikola,Pekovic,23.5,31,MEM@MIN,MIN,MEM,O,Achilles,0.0,0.0,18,0.0,0.0,0.0,0.0,0.0,0.0,0.0,0.0,0.0,0.0,0.0,0.0,0.0,0.0,0.0,,,0.0,,0.771302157252,,C,4800
2755,Kevin,Martin,19.5,8,MEM@MIN,MIN,MEM,,,16.4,17.0,18,1.26111910073,0.00747081741451,2.25562271084,3.48222300704,0.199627335098,0.868683720843,0.373130828369,1.09960063752,1.06831105594,3.27586059354,0.74226306355,8.09777409624,3.03804851556,10.3320327662,18.0,6.95047956065e-07,1.14983155681e-13,13.1672873385,14.1416357844,8.34422027144,8.4413000682,SG,4800
201945,Gerald,Henderson,9.3,2,POR@CHA,POR,CHA,,,-0.8,0.25,18,0.498984186518,0.0549370905159,0.432844499408,0.540731852884,0.086947861662,0.228132953663,0.12402821552,0.408727693176,0.315080815325,1.18565111168,0.143745879489,2.70392877753,0.454661149253,2.96970925209,7.0,4.57347930568e-12,9.02323165621e-24,4.04548542916,4.33747625626,3.70806285798,3.52160560715,SG,4700
202334,Ed,Davis,19.0,10,POR@CHA,POR,CHA,,,19.5,20.25,18,1.24776871228,1.0531947034,7.5720649643e-06,2.58458313788,2.49208364529,4.24383070218,0.692631952276,0.809007995335,6.73591434747,2.89733444808,9.37493757485e-07,4.83188811343,1.31226789602,7.10693772967,22.0,0.0462052827773,4.60906935035e-08,19.7443333311,20.5549415773,6.69801023885,6.16629016177,PF,4700
202357,Nemanja,Bjelica,22.2,9,MEM@MIN,MIN,MEM,,,5.2,5.25,18,2.10826698428,0.288990888758,2.99314813169,1.67931805544,0.875142771171,4.36870447141,0.610666140349,1.05542426294,5.24384724258,2.31332722782,1.16405159305,5.21130014327,1.07507630336,6.86578235206,24.0,0.0129975486313,9.27812106597e-07,17.0646893149,18.4561187114,6.63042325411,7.23230603727,SF,4700
201167,Arron,Afflalo,22.2,2,NO@NY,NY,NO,,,7.6,7.75,18,1.45802734617,0.0462246265257,3.10440379803,1.50633563355,0.3991308449,1.25313395842,0.276618974247,0.800888710129,1.65226480332,4.07948266922,0.912056430424,9.58434072957,1.28372358692,10.3547453558,26.0,7.88067665855e-06,1.88285465709e-11,14.3693026304,15.308400262,9.42885550345,9.59988034418,SG,4700
101135,David,Lee,15.8,8,BOS@OKC,BOS,OKC,,,8.4,10.0,18,1.30707519254,0.322263686211,0.0146172887621,1.80681014895,1.25130939048,1.84414995802,0.368658033962,0.927650496336,3.09545934849,2.30728700298,8.46915096486e-08,4.71298494733,1.3528809343,5.96745502494,14.0,0.000286908801083,3.52578029024e-10,12.096811976,12.7158405982,6.21193818197,5.83386123217,PF,4700
202391,Jeremy,Lin,20.4,9,POR@CHA,CHA,POR,,,12.5,13.5,18,3.02789879539,0.404436641523,2.54011461494,3.09021870835,0.329140793539,0.961227058282,0.88898818994,1.58707378638,1.29036785182,3.19124318338,0.874634731062,7.71529682523,2.53133260005,9.78845369786,20.0,0.000687734512869,7.80442322176e-10,16.8785191897,18.1749234451,8.09955314594,8.30550911059,PG,4700
201577,Robin,Lopez,20.3,10,NO@NY,NY,NO,,,16.5,16.75,18,0.856545138959,0.701419985387,0.00302216457772,0.779890251476,1.37956291855,1.84769465031,0.175076516114,0.847964846897,3.22725756887,1.98012457115,3.12078126572e-08,4.07875082476,0.689168495466,4.64941766896,14.0,0.00018907474986,5.89236715546e-12,10.7119726161,11.2976015458,5.46800343375,5.10237761916,C,4600
203471,Dennis,Schroder,20.4,11,UTA@ATL,ATL,UTA,,,31.7,32.5,18,6.46875536804,0.0324399432358,3.9998240333,2.92324447446,0.466106735424,1.94249457172,1.02666070668,2.80407264384,2.40860130714,6.02824844797,1.34557289721,14.3473787618,2.34876920827,15.7508390014,33.0,0.108743084476,2.2517289173e-05,27.6584222781,30.0168572925,13.4916781426,13.7729056139,PG,4600
204038,Langston,Galloway,20.6,10,NO@NY,NY,NO,,,23.1,24.25,18,2.1191682216,0.134491519781,3.14338158223,2.15531188515,0.806260915782,2.44233361748,0.889656311083,0.734171660933,3.24859453326,3.61514839998,1.52160307722,8.00635213216,1.65570654236,10.4076064195,26.0,0.00126882626196,9.11990178049e-08,18.7987961927,20.0910168014,8.60852896585,9.13585509104,SG,4600
1626161,Willie,Cauley-Stein,17.1,10,TOR@SAC,SAC,TOR,,,5.8,6.5,18,0.206078874751,0.360149846862,0.0574403923561,0.705323581634,0.746052047574,1.49252874427,0.3333728567,0.374134690423,2.23858079185,0.757341227918,0.0158196025461,1.39083536667,0.428822720212,1.95932477859,8.0,4.83717767753e-07,5.21424986547e-18,5.96765075764,6.27455766929,2.81447117343,2.51485965757,C,4500
2449,Luis,Scola,20.0,10,TOR@SAC,TOR,SAC,,,9.8,10.5,18,1.06739943138,0.239691442579,0.742263894963,1.49165608786,1.66647746141,3.162269764,0.675512318649,0.979176454602,4.82874722541,3.53938423252,0.372142105883,7.7350233054,1.06574028432,8.51665085524,20.0,0.0121300258208,2.47773026745e-09,16.7634777407,17.6987694283,8.58375391229,8.34383501748,PF,4500
203087,Jeremy,Lamb,21.5,8,POR@CHA,CHA,POR,,,26.5,27.75,18,1.68631437873,0.561992409997,4.92170664866,1.52317341858,0.602864307595,2.5550750504,0.789168704618,1.11375809869,3.15793935799,5.71734095015,1.82567321729,11.6202861777,1.12395322413,14.3843083417,28.0,0.00136801276581,1.52053527223e-08,22.2918712699,23.9215359606,11.7350005827,12.3675826745,SG,4500
203918,Rodney,Hood,21.1,8,UTA@ATL,UTA,ATL,GTD,Foot,25.5,28.0,18,3.36997444375,0.51318479409,6.41685938128,2.2742621407,0.398310103016,1.51059720387,1.35041221471,1.74368059319,1.90890730688,5.94770166527,2.02269014331,14.0982903473,1.92698378342,15.8450772573,37.0,0.0023168325558,7.6171672983e-08,25.1742411156,27.1563473265,13.5653573447,14.540724302,SG,4500
101181,Jose,Calderon,14.4,10,NO@NY,NY,NO,,,14.9,15.0,18,2.8589463953,0.00406717777891,2.5942062459,0.356338927392,0.267577650385,1.09996219552,0.694822129087,1.11010328332,1.3675398459,2.49657390405,0.950482823723,5.80463377238,0.334897191147,6.27852782296,21.0,0.000201498181411,3.68834719221e-10,12.4956705614,13.5946428556,6.55736183266,6.9394618542,PG,4500
203086,Meyers,Leonard,16.9,9,POR@CHA,POR,CHA,O,Shoulder,0.0,0.0,18,0.0,0.0,0.0,0.0,0.0,0.0,0.0,0.0,0.0,0.0,0.0,0.0,0.0,0.0,0.0,,,0.0,,0.697045892761,,C,4400
2754,Tony,Allen,16.2,10,MEM@MIN,MEM,MIN,,,12.7,13.75,18,1.04261517898,0.384189950987,0.670344370528,1.37366971554,1.7262412954,2.16707059248,1.69787326889,1.04013992248,3.89331188788,2.86051430797,0.167047964044,6.41336386616,0.778218133697,6.66629471368,23.0,0.00191254887271,2.29275367258e-08,16.0261782649,16.8273066946,7.27578513447,6.97792139763,SG,4300
101141,Ersan,Ilyasova,15.2,9,DET@LAL,DET,LAL,,,12.2,13.5,18,1.07217845532,0.396297041976,4.14556862285,1.93501397253,1.75983245995,1.90973026012,0.651058829722,1.11613753475,3.66956272006,4.34599969103,1.64349176032,10.1002988938,1.36409367605,11.6995848184,29.0,0.0032658586477,6.91385891527e-10,18.6899019741,20.2580935477,10.2598561934,10.9113872524,PF,4300
203500,Steven,Adams,18.0,9,BOS@OKC,OKC,BOS,,,17.9,18.75,18,1.14946959427,1.99496116582,0.0133754136031,2.70503950316,2.74360099115,3.74833383269,0.620150215587,1.44182093492,6.49193482384,3.17213076855,0.00130764774529,5.4951539305,1.47310421131,7.81867339615,30.0,0.0482764847086,2.21673588938e-06,21.1216014041,22.2401838139,7.30921044346,6.79605235599,C,4300
203469,Cody,Zeller,17.7,8,POR@CHA,CHA,POR,GTD,Ankle,14.2,15.0,18,1.10093275779,0.598699193496,0.295675175106,3.26822117864,1.73252728912,2.31071970775,0.74125368148,0.762244295658,4.04324699686,2.26322064959,0.00720989551074,5.19042512825,2.21302482962,6.7466760243,21.0,0.0024393306239,6.68645168185e-10,15.1676330115,15.7581814549,6.50491359665,6.17953970065,PF,4200
201585,Kosta,Koufos,19.9,10,TOR@SAC,SAC,TOR,,,4.2,4.25,18,0.261651762519,0.606184424558,3.5659849263e-05,0.537100759174,1.44509296877,1.65735537505,0.353789004395,0.532375863709,3.10244834381,1.89070135617,1.02758132611e-06,3.5480797115,0.30078497373,4.08218871365,13.0,9.13461660047e-05,9.79122765093e-14,9.5851753642,10.0066232463,5.022371196,4.60356781811,C,4100
201956,Omri,Casspi,19.4,10,TOR@SAC,SAC,TOR,,,24.0,25.75,18,1.43448432168,0.130147514966,2.43339421214,2.56371965752,1.04508348852,3.61311177546,0.951682692594,1.75082271938,4.65819526398,4.09534671717,1.10945648696,8.18509816582,1.72961494124,11.0297648625,26.0,0.014228469575,4.05653444263e-08,19.1841633576,20.86855555,8.84140675991,8.96396663038,SF,4100
202709,Cory,Joseph,17.5,10,TOR@SAC,TOR,SAC,,,26.8,28.0,18,3.2648952768,0.294268896021,0.899446859492,2.25789768524,0.537565461902,1.76485920529,0.846040847398,1.21853119486,2.3024246672,3.79639340187,0.345217312956,6.95606824772,1.83290874573,9.77091286242,26.0,0.00127606221975,1.72899215696e-07,18.4932536702,19.3921637695,8.10625924978,7.71800525107,PG,4100
1626169,Stanley,Johnson,14.5,9,DET@LAL,DET,LAL,,,12.1,12.75,18,0.865149172406,0.0704968283687,1.89320478415,1.34495781706,0.854772217267,2.25229393505,0.55922095466,0.887000858368,3.10706615232,2.41370817449,0.39486681572,6.1472400066,0.888904368881,6.11118753358,16.0,0.000332218350147,9.98576717118e-12,11.5098253827,12.3066108549,6.38316221486,6.3325779798,SF,4000
203476,Gorgui,Dieng,14.0,9,MEM@MIN,MIN,MEM,,,12.0,13.25,18,0.63061621541,0.665257637475,0.020744176284,1.39567462786,1.38014537847,2.4089927895,0.664179611884,1.13464449426,3.78913816797,2.10876445901,0.00432931583608,4.10811128889,1.15889294705,5.3807511809,16.0,0.000883132948654,5.85296222653e-12,12.39787131,13.1581398229,5.63466158874,5.23522077421,C,4000
202687,Bismack,Biyombo,15.4,10,TOR@SAC,TOR,SAC,,,11.7,12.5,18,0.373394949821,1.79654893558,1.47461902444e-05,3.63958100728,3.5951768674,4.83620973636,0.316183295743,1.17318527082,8.43138660376,2.32895573361,4.0635808344e-06,5.06417092242,2.49743436671,7.1553498975,27.0,0.10892941264,2.07800539625e-06,20.8853854386,22.0569497889,6.7281371701,6.41932080958,C,4000
203124,Kyle,O'Quinn,16.2,10,NO@NY,NY,NO,,,5.7,6.25,18,0.677634179035,0.58412083337,0.286201326968,0.643922203461,0.840491991535,1.12965476747,0.30437284936,0.629858992336,1.970146759,1.37735720765,0.0574208019192,2.85186231402,0.485177204341,3.29731242157,9.0,1.40615327737e-06,5.33594123408e-15,7.82506817405,8.26721751836,4.08898556014,3.76924588968,C,4000
201596,Mario,Chalmers,15.6,7,MEM@MIN,MEM,MIN,,,21.0,23.5,18,2.60786167441,0.153153953914,1.8555509967,2.41000967208,0.153067181264,0.888428623857,1.14771451943,1.39778232274,1.04149580512,1.92917153806,0.511745383124,4.90067272782,2.12756922089,6.49765768013,18.0,0.000101153480051,5.53698371226e-11,12.8631997818,13.8701901554,5.64240772868,5.74846852259,PG,4000
201584,Courtney,Lee,17.6,10,MEM@MIN,MEM,MIN,,,18.2,19.0,18,1.40371966608,0.284351107896,3.08609001696,1.95739390872,0.491859728912,1.76632009131,1.1659840266,0.715743252413,2.25817982022,3.12087719296,0.81714998114,8.23458414057,1.77122195551,8.83012632257,28.0,6.28411516699e-05,1.69392132173e-10,15.8304486225,16.7098984926,8.13363613912,8.40863018317,SG,4000
203501,Tim,Hardaway Jr.,16.7,70,UTA@ATL,ATL,UTA,,,0.0,0.0,18,0.0,0.0,0.0,0.0,0.0,0.0,0.0,0.0,0.0,0.0,0.0,0.0,0.0,0.0,0.0,,,0.0,,0.561033765165,,SG,3900
202347,Quincy,Pondexter,12.6,75,NO@NY,NO,NY,O,Knee,0.0,0.0,18,0.0,0.0,0.0,0.0,0.0,0.0,0.0,0.0,0.0,0.0,0.0,0.0,0.0,0.0,0.0,,,0.0,,0.580124192446,,SF,3900
2549,Chris,Kaman,7.2,2,POR@CHA,POR,CHA,,,0.0,0.0,18,0.0,0.0,0.0,0.0,0.0,0.0,0.0,0.0,0.0,0.0,0.0,0.0,0.0,0.0,0.0,,,0.0,,0.823706115949,,C,3900
200757,Thabo,Sefolosha,17.8,8,UTA@ATL,ATL,UTA,,,15.2,17.5,18,1.41618239169,0.573999297525,1.64765522085,1.34672163911,1.14067130365,2.42068874141,1.44164692386,1.12558057175,3.56136004507,2.779678053,0.717428417785,5.63776539313,0.858776768647,7.13556129244,23.0,0.00124994936852,6.73022301054e-09,16.4391788051,17.5406262463,6.55113254699,6.56807390987,SF,3900
1626170,Jerian,Grant,15.6,10,NO@NY,NY,NO,,,10.7,11.75,18,4.33631358473,0.0939166921014,1.83084036827,3.10831879667,0.453653981031,2.89944431631,0.800748476397,1.74688805929,3.35309829734,2.91605992881,0.252801302442,7.29330882864,2.48951582573,8.5744369858,26.0,0.00762180244864,1.58237760573e-05,19.1450675974,20.3240473681,7.50523018745,7.29624741599,PG,3900
201158,Marco,Belinelli,18.1,10,TOR@SAC,SAC,TOR,,,10.9,12.5,18,2.28075859129,0.0210600703325,4.34162722296,2.56335539889,0.271632119471,0.9823932277,0.644527730037,1.33532640139,1.25402534717,3.46752021737,1.60626459708,9.12470619379,2.19139071051,10.7326957423,26.0,8.78487417947e-05,7.45825585592e-11,15.6545132452,17.1881417852,9.46161143331,10.3001217795,SG,3900
201949,James,Johnson,10.3,6,TOR@SAC,TOR,SAC,,,9.1,9.75,18,0.967417040252,0.550714317974,0.436530764498,1.1576180463,0.467379414879,1.02548912965,0.505950242402,0.773987968578,1.49286854453,1.54422533037,0.111451851744,2.85847519744,0.72106812574,3.92097063823,12.0,2.50584321551e-07,2.03746504304e-14,8.50287960421,9.02024331748,4.23471054557,3.87158985049,SF,3800
202344,Trevor,Booker,13.2,8,UTA@ATL,UTA,ATL,,,18.4,19.25,18,0.95176396731,0.560681346434,0.760594081913,0.812267670632,1.72209950437,2.47765502842,0.732331598127,0.920127675368,4.19975453279,2.10315282563,0.204273822181,5.38136871576,0.47329494646,4.88387441991,19.0,0.00142723947254,1.11023807372e-10,13.017124024,13.7914533589,5.96972898149,5.79167695547,PF,3800
201145,Jeff,Green,13.4,10,MEM@MIN,MEM,MIN,,,28.3,30.0,18,2.19152620579,0.348842546118,3.46539336974,3.67777020472,0.912110665862,2.63878368745,0.693293833852,1.82175630043,3.55089435331,4.93627271626,1.01738627302,12.1684650076,3.08758522591,13.9775169314,35.0,0.00320413338869,3.05236222601e-07,21.7883959236,23.3903190438,11.6046681352,11.7894550324,SF,3800
101138,Brandon,Bass,12.1,8,DET@LAL,LAL,DET,,,15.6,16.25,18,1.09450998349,0.520619159632,0.232486176521,1.84492616733,2.09394537391,2.22618792659,0.356046542766,1.19010693463,4.32013330049,3.14923102609,0.0468836215945,6.34649638234,1.53567477589,7.88102044966,20.0,0.00534916610048,1.35177911344e-09,15.2701698556,16.112695552,7.69797921903,7.28948660801,PF,3800
203092,Tyler,Zeller,6.9,6,BOS@OKC,BOS,OKC,,,0.0,0.0,18,0.0,0.0,0.0,0.0,0.0,0.0,0.0,0.0,0.0,0.0,0.0,0.0,0.0,0.0,0.0,,,0.0,,0.767541698373,,C,3800
201600,Omer,Asik,9.3,4,NO@NY,NO,NY,,,1.2,1.25,18,0.305616078598,0.399700573841,3.927289441e-05,1.51298490501,1.25698540075,1.99302532368,0.23138627626,0.7377905004,3.25001072443,0.977516692209,1.85934026652e-06,2.10015217582,0.892804701452,2.84783994521,13.0,3.1133296528e-05,6.70485956002e-16,7.73066013223,8.26210354826,3.4971137934,3.2245886477,C,3800
201148,Brandan,Wright,14.1,7,MEM@MIN,MEM,MIN,O,Knee,0.0,0.0,18,0.0,0.0,0.0,0.0,0.0,0.0,0.0,0.0,0.0,0.0,0.0,0.0,0.0,0.0,0.0,,,0.0,,0.863752431736,,C,3700
203482,Kelly,Olynyk,16.8,7,BOS@OKC,BOS,OKC,,,22.9,24.75,18,1.26712494298,0.636055391272,2.49384117837,1.37826083773,1.13037187563,1.74525197977,1.00819681945,1.31035250196,2.87562385539,3.06999264777,0.829301389462,6.76465305426,0.999578873925,7.96886555893,17.0,0.000333576071154,3.51983896554e-10,15.2984535194,16.512562023,7.3485581636,7.51293419035,C,3700
202335,Patrick,Patterson,12.6,10,TOR@SAC,TOR,SAC,,,13.8,15.5,18,1.03307512232,0.306486465398,3.08588738974,0.390953217278,0.807618607566,1.87251027349,0.607913905348,0.737141103521,2.68012888106,2.19704574431,1.09847586478,5.36597734199,0.326446239192,5.8190135926,19.0,0.000106149905657,1.6006695962e-11,11.6764405713,12.7284147244,6.49169325781,7.11888286149,PF,3700
203527,Ryan,Kelly,11.9,5,DET@LAL,LAL,DET,,,0.0,0.0,18,0.0,0.0,0.0,0.0,0.0,0.0,0.0,0.0,0.0,0.0,0.0,0.0,0.0,0.0,0.0,,,0.0,,0.759942184803,,SF,3700
202682,Derrick,Williams,13.8,10,NO@NY,NY,NO,,,7.4,7.5,18,0.281840026622,0.0694226119244,0.654442734052,1.22255946379,0.228698165616,0.478874645688,0.248859032827,0.297724584857,0.707572811304,0.94838346799,0.17898310327,2.37619004218,0.875269726575,2.95101976582,6.0,1.10868795454e-10,9.69912579519e-23,4.56170588397,4.83543836876,3.38779252762,3.30716542465,PF,3700
1889,Andre,Miller,9.2,5,MEM@MIN,MIN,MEM,,,27.6,28.75,18,7.43484375702,0.116511526955,0.719897328774,1.93312293544,1.17151851396,1.43115336076,1.36984188986,2.83095724176,2.60267187472,4.24656159082,0.13789037951,8.02397638465,1.46208404951,10.0930976107,34.0,0.133010710357,5.05087783217e-05,24.5103190877,26.324544084,9.11972842525,8.65103862711,PG,3700
201168,Tiago,Splitter,13.6,10,UTA@ATL,ATL,UTA,,,4.4,5.5,18,1.10843095477,0.402123785227,0.0529096375561,1.7993467805,1.38369147932,2.08634872534,0.636458931562,0.962194211532,3.47004020466,2.61824009776,4.31526277189e-06,5.06218726617,1.42928110873,6.66576561951,18.0,0.000860933636806,2.45003495834e-10,13.6074315193,14.2633241941,6.60657373815,6.17724219105,C,3700
201156,Nick,Young,14.7,9,DET@LAL,LAL,DET,,,16.4,18.0,18,0.865090460724,0.334811928146,6.00352222821,2.77557773116,0.27433718608,1.45411820153,0.838632897629,0.962929006346,1.72845538761,4.46355112731,2.51742811219,11.0664961041,2.56311867136,14.0076490382,26.0,1.1475262646e-05,5.91896669106e-13,18.7633918396,20.5900103811,11.8396128646,13.1859094983,SG,3600
201582,Alexis,Ajinca,11.2,9,NO@NY,NO,NY,,,-1.8,-0.25,18,0.285708652675,0.332586817065,0.0106427749829,0.512805292334,0.791622192003,0.990513001452,0.200096511322,0.488829395835,1.78213519346,1.20755915426,0.00329716894593,2.33185937192,0.432197227953,2.85061270541,7.0,3.27119899867e-07,1.36349460075e-18,5.99427517751,6.32944571025,3.74515476503,3.3936229954,C,3600
203463,Ben,McLemore,9.4,10,TOR@SAC,SAC,TOR,,,16.3,17.5,18,1.43099297271,0.0807608483956,3.41034002609,1.66919033332,0.492803867518,1.13210102892,0.815231679601,1.5683114431,1.62490489644,3.21713379481,1.29212791802,7.6781221254,1.32909022095,9.05548572859,25.0,5.57051361235e-06,1.14442270422e-11,13.3755346763,14.8870079575,8.22704938236,8.79015353011,SG,3600
201975,Jodie,Meeks,1.7,2,DET@LAL,DET,LAL,O,Foot,0.0,0.0,18,0.0,0.0,0.0,0.0,0.0,0.0,0.0,0.0,0.0,0.0,0.0,0.0,0.0,0.0,0.0,,,0.0,,0.592046369819,,SG,3600
203481,Jeff,Withey,11.2,2,UTA@ATL,UTA,ATL,,,2.0,2.0,18,0.221273352005,0.436844309197,0.00760086937644,0.854252214358,0.524604101587,0.512934255879,0.123490437519,0.220285210309,1.03753835747,0.699393016784,0.00187986235745,1.36497572163,0.589179734137,1.98984563006,6.0,5.78124928614e-10,2.71520137504e-20,4.46718597015,4.63014542522,2.75126364903,2.47699847371,C,3600
201229,Anthony,Tolliver,10.6,8,DET@LAL,DET,LAL,,,5.7,6.25,18,0.796491047774,0.209772655429,3.54281143671,0.800920273712,0.421813928607,1.60986222652,0.365864269361,0.415451935978,2.03167615512,1.65147161656,1.21042014864,4.5520389134,0.493955061654,5.00731844342,19.0,9.04066872417e-06,1.24428276496e-13,9.37588831483,10.2904217259,6.39350094244,7.29463926232,PF,3600
204028,Tarik,Black,10.2,6,DET@LAL,LAL,DET,,,0.0,0.0,18,0.0,0.0,0.0,0.0,0.0,0.0,0.0,0.0,0.0,0.0,0.0,0.0,0.0,0.0,0.0,,,0.0,,0.819342662432,,C,3600
203459,Allen,Crabbe,12.9,10,POR@CHA,POR,CHA,,,22.4,23.0,18,1.50467026864,0.364670060491,3.0448782379,1.03556821085,0.328528441807,1.3451829588,0.826172421581,0.824930475128,1.67371140061,3.57075791945,1.02827445912,7.77903757967,0.817744668295,8.98753496631,27.0,7.46333072869e-06,2.25328912702e-11,14.809748539,15.8200477712,8.2009431492,8.47700173898,SG,3600
2555,Nick,Collison,6.9,6,BOS@OKC,OKC,BOS,,,12.8,13.5,18,1.1803346471,0.287453824044,0.556182848335,0.847910071614,1.30973609705,1.66424264934,0.54858417764,0.844297118086,2.97397874639,1.34047369181,0.131994001435,3.15825639261,0.661686893432,3.47462827849,15.0,4.44227938248e-05,2.20913635877e-11,9.64168363008,10.2785947614,4.12722698136,3.92200330988,PF,3600
203498,Shabazz,Muhammad,11.3,9,MEM@MIN,MIN,MEM,,,11.8,12.5,18,0.546234608759,0.114410363579,0.962343651804,2.58883483065,1.11325672178,1.51274276352,0.24849130544,0.897307527719,2.6259994853,3.35321611174,0.231087615387,6.76205382399,1.89698272041,8.83450255928,17.0,0.000202430214915,8.04111038378e-14,12.6335496651,13.3293508562,7.7390809473,7.3790595622,SF,3600
203526,Raul,Neto,10.2,9,UTA@ATL,UTA,ATL,,,3.7,4.25,18,1.58859350356,0.109294539436,1.43146527855,0.322633554097,0.270397380467,0.778464092913,0.528585055809,0.687869865354,1.04886147338,1.20798004102,0.452658663667,3.2215892197,0.2268259006,3.09544464632,12.0,2.85896035332e-07,4.79741689315e-14,7.32485799484,7.94756576187,4.05293247278,4.24620832353,PG,3600
203893,Russ,Smith,4.6,5,MEM@MIN,MEM,MIN,,,0.0,0.0,18,0.0,0.0,0.0,0.0,0.0,0.0,0.0,0.0,0.0,0.0,0.0,0.0,0.0,0.0,0.0,,,0.0,,0.809208665605,,PG,3500
204060,Joe,Ingles,10.3,9,UTA@ATL,UTA,ATL,,,1.0,1.5,18,0.269372332995,0.020050541362,0.379415132888,0.0598663853697,0.0316495915875,0.197121066896,0.116033852218,0.112534849116,0.228770658483,0.313633643594,0.156897907872,0.645813063591,0.0492611070514,0.833426302111,3.0,4.36773413065e-16,3.19683882542e-29,1.67164352983,1.81779844125,1.83614588198,1.89925252443,SF,3500
203461,Anthony,Bennett,3.6,7,TOR@SAC,TOR,SAC,,,0.0,0.0,18,0.0,0.0,0.0,0.0,0.0,0.0,0.0,0.0,0.0,0.0,0.0,0.0,0.0,0.0,0.0,,,0.0,,0.756369668843,,PF,3500
201202,Joel,Anthony,6.5,49,DET@LAL,DET,LAL,,,0.0,0.0,18,0.0,0.0,0.0,0.0,0.0,0.0,0.0,0.0,0.0,0.0,0.0,0.0,0.0,0.0,0.0,,,0.0,,0.883784498561,,C,3500
1626181,Norman,Powell,4.2,6,TOR@SAC,TOR,SAC,,,-2.0,-1.0,18,0.166794482506,0.0400744933275,0.26716440881,0.160475330211,0.211230945334,0.494116068062,0.132450471164,0.226503156947,0.705347013395,0.563955313673,0.0548817149343,1.40886508438,0.11822945552,1.3010217978,4.0,6.0951239487e-12,2.65306136471e-26,2.51617670967,2.69213649629,2.35188966801,2.19517240558,SG,3500
2406,Caron,Butler,6.6,6,TOR@SAC,SAC,TOR,,,0.0,0.0,18,0.0,0.0,0.0,0.0,0.0,0.0,0.0,0.0,0.0,0.0,0.0,0.0,0.0,0.0,0.0,,,0.0,,0.604515361318,,SF,3500
201962,Toney,Douglas,17.3,7,NO@NY,NO,NY,,,9.0,9.0,18,1.3508743841,0.10449873609,1.51668792405,0.769578975776,0.211964847687,0.354391936383,0.608324406875,0.663569076097,0.56635678407,1.43696699661,0.547186175551,3.58170012192,0.600247786114,4.02136795489,11.0,1.37477930146e-07,2.28210924918e-16,7.48938488176,8.123080553,4.51071181383,4.71979757491,PG,3500
203382,Aron,Baynes,7.8,9,DET@LAL,DET,LAL,,,10.2,10.25,18,0.260638977154,0.136101477606,0.0162064952006,0.637362711719,0.613844782649,0.818535114873,0.0862139382688,0.369073482036,1.43237989752,1.06484951398,0.00403301485744,1.96526025823,0.50637894926,2.64011099208,7.0,3.6765045489e-08,1.15879077862e-20,4.82548268455,5.08365498302,3.38960640955,3.02964161728,C,3500
203200,Justin,Holiday,7.9,8,UTA@ATL,ATL,UTA,,,3.5,3.5,18,0.739524303224,0.264793756583,1.5894666685,0.413802244494,0.164386761276,0.386621163984,0.465992196913,0.459744936783,0.551007925259,1.23768985398,0.42316607242,3.28709983676,0.330009881194,3.22855566157,10.0,3.33578262629e-10,1.62650699535e-19,6.00087859692,6.46988449829,4.10981943506,4.27538803782,SG,3500
1626199,Darrun,Hilliard,0.0,0,DET@LAL,DET,LAL,,,0.0,0.0,18,0.0,0.0,0.0,0.0,0.0,0.0,0.0,0.0,0.0,0.0,0.0,0.0,0.0,0.0,0.0,,,0.0,,0.845620626624,,SG,3500
203940,Adreian,Payne,7.7,5,MEM@MIN,MIN,MEM,,,0.0,0.0,18,0.0,0.0,0.0,0.0,0.0,0.0,0.0,0.0,0.0,0.0,0.0,0.0,0.0,0.0,0.0,,,0.0,,0.754829062831,,PF,3500
204014,Damjan,Rudez,1.8,5,MEM@MIN,MIN,MEM,,,0.0,0.0,18,0.0,0.0,0.0,0.0,0.0,0.0,0.0,0.0,0.0,0.0,0.0,0.0,0.0,0.0,0.0,,,0.0,,0.541006870973,,SF,3500
203118,Mike,Scott,7.3,11,UTA@ATL,ATL,UTA,,,0.0,0.0,18,0.0,0.0,0.0,0.0,0.0,0.0,0.0,0.0,0.0,0.0,0.0,0.0,0.0,0.0,0.0,,,0.0,,0.660603889011,,SF,3500
200779,Steve,Novak,4.2,1,BOS@OKC,OKC,BOS,,,0.0,0.0,18,0.0,0.0,0.0,0.0,0.0,0.0,0.0,0.0,0.0,0.0,0.0,0.0,0.0,0.0,0.0,,,0.0,,0.46938023534,,SF,3500
203082,Terrence,Ross,10.4,7,TOR@SAC,TOR,SAC,O,Finger,0.0,0.0,18,0.0,0.0,0.0,0.0,0.0,0.0,0.0,0.0,0.0,0.0,0.0,0.0,0.0,0.0,0.0,,,0.0,,0.627888815371,,SG,3500
203516,James,Ennis,0.5,3,MEM@MIN,MEM,MIN,,,0.0,0.0,18,0.0,0.0,0.0,0.0,0.0,0.0,0.0,0.0,0.0,0.0,0.0,0.0,0.0,0.0,0.0,,,0.0,,0.672163260223,,SF,3500
203962,Josh,Huestis,0.0,0,BOS@OKC,OKC,BOS,,,0.0,0.0,18,0.0,0.0,0.0,0.0,0.0,0.0,0.0,0.0,0.0,0.0,0.0,0.0,0.0,0.0,0.0,,,0.0,,0.845620626624,,SF,3500
1626148,Anthony,Brown,3.5,2,DET@LAL,LAL,DET,,,0.0,0.0,18,0.0,0.0,0.0,0.0,0.0,0.0,0.0,0.0,0.0,0.0,0.0,0.0,0.0,0.0,0.0,,,0.0,,0.800933442171,,SF,3500
203090,Maurice,Harkless,14.3,10,POR@CHA,POR,CHA,,,9.9,10.0,18,0.945465173021,0.395060974947,1.80394539288,1.47989756451,1.38325728097,1.73184258119,0.641699233282,0.973955103642,3.11509986216,2.29857427875,0.610889872255,5.18352409042,0.91802946924,6.12606789899,21.0,0.00034610519661,2.37572791127e-11,12.3819508059,13.3306474449,5.96602711069,6.04653257309,SF,3500
1626251,Duje,Dukan,0.0,0,TOR@SAC,SAC,TOR,,,0.0,0.0,18,0.0,0.0,0.0,0.0,0.0,0.0,0.0,0.0,0.0,0.0,0.0,0.0,0.0,0.0,0.0,,,0.0,,0.845620626624,,PF,3500
1626163,Frank,Kaminsky,7.2,9,POR@CHA,CHA,POR,,,0.0,0.0,18,0.0,0.0,0.0,0.0,0.0,0.0,0.0,0.0,0.0,0.0,0.0,0.0,0.0,0.0,0.0,,,0.0,,0.794801612005,,PF,3500
201973,Jonas,Jerebko,8.8,8,BOS@OKC,BOS,OKC,,,2.5,3.0,18,0.362682979799,0.0892723551326,0.473965506068,0.385247990793,0.405577946588,0.609201842673,0.128288395041,0.27746590329,1.01477978926,0.726864085719,0.192683982256,1.54408767994,0.350474872355,1.99688702605,6.0,1.04166962601e-09,8.13273746655e-21,3.91630283992,4.20211677372,2.73932871627,2.68807063628,PF,3500
1626146,Cliff,Alexander,0.0,0,POR@CHA,POR,CHA,,,10.8,11.0,18,0.888643959514,0.512742079953,0.815584279,1.09590603879,0.850241815924,2.4536627079,0.495845002895,0.838220072298,3.30390452382,2.1879774978,0.224619272386,4.90860539163,0.807403693123,5.40797796111,17.0,0.000371373167202,1.41899913027e-11,11.8845834224,12.5817553807,5.76944166114,5.537903503,PF,3500
708,Kevin,Garnett,10.4,8,MEM@MIN,MIN,MEM,,,26.0,26.25,18,2.03321040309,0.422232715141,0.0895305333053,1.08109775522,0.822270046802,3.73637382121,1.1453583014,0.966982721665,4.55864386801,2.81713906349,0.0120885991035,6.16257129284,0.656079156872,6.30244588295,24.0,0.0044293498511,2.36690935673e-07,16.9908334406,17.7149460293,7.40864354119,7.0534284648,PF,3500
2570,Kendrick,Perkins,9.5,3,NO@NY,NO,NY,O,Pectoral,0.0,0.0,18,0.0,0.0,0.0,0.0,0.0,0.0,0.0,0.0,0.0,0.0,0.0,0.0,0.0,0.0,0.0,,,0.0,,0.785342715413,,C,3500
201967,Dante,Cunningham,11.0,9,NO@NY,NO,NY,,,12.0,12.25,18,0.841300657882,0.33385411853,1.02431702753,0.6782211667,0.848947926466,2.62979776272,0.462685803873,0.449991312335,3.47874568918,2.21019326448,0.280204220527,4.69239391789,0.410903824673,5.11149457416,25.0,0.000472645592461,1.08351276834e-11,11.6910289205,12.2307729398,5.5263452116,5.29825271347,PF,3500
203584,Troy,Daniels,2.8,4,POR@CHA,CHA,POR,,,0.0,0.0,18,0.0,0.0,0.0,0.0,0.0,0.0,0.0,0.0,0.0,0.0,0.0,0.0,0.0,0.0,0.0,,,0.0,,0.591707650147,,SG,3500
203187,Chris,Johnson,4.1,6,UTA@ATL,UTA,ATL,,,0.0,0.0,18,0.104219647027,0.0287161836592,0.523325295056,0.142111970819,0.0802943961393,0.13386970135,0.127779579436,0.0996771422024,0.214164097489,0.344887576191,0.161337590184,0.908694869782,0.104044854992,0.955157597558,3.0,5.06570730819e-17,1.62412075908e-32,1.58179836907,1.72301394014,1.93405958365,2.02209547817,SG,3500
201571,D.J.,Augustin,13.9,9,BOS@OKC,OKC,BOS,,,6.2,8.75,18,3.83630986195,0.0826820491995,2.70729379578,2.45435144228,0.240446638087,1.2333620142,0.865993374117,2.04341803914,1.47380865228,2.81675666963,1.00464942977,6.74546937738,1.9096820862,8.54784485523,23.0,0.00288580542896,1.0230938326e-08,15.9248128384,17.5268657443,7.39896821975,7.76299975146,PG,3500
1626145,Tyus,Jones,2.9,2,MEM@MIN,MIN,MEM,,,0.0,0.0,18,0.0,0.0,0.0,0.0,0.0,0.0,0.0,0.0,0.0,0.0,0.0,0.0,0.0,0.0,0.0,,,0.0,,0.807685603354,,PG,3500
203915,Spencer,Dinwiddie,1.2,1,DET@LAL,DET,LAL,,,24.4,25.5,18,4.91040998966,0.27963586,3.1888563999,2.39023286465,0.232548727732,0.774628453556,0.808229682082,1.74351406382,1.00717718129,3.21002067122,0.67180063388,8.65337409992,1.84668847082,8.93853044714,24.0,0.0145109056847,1.95420932386e-09,17.9449750695,19.2247576418,8.33481731196,8.50970384341,PG,3500
203135,Robert,Sacre,3.4,1,DET@LAL,LAL,DET,,,0.0,0.0,18,0.0,0.0,0.0,0.0,0.0,0.0,0.0,0.0,0.0,0.0,0.0,0.0,0.0,0.0,0.0,,,0.0,,0.791501831316,,C,3500
203460,Andre,Roberson,11.2,9,BOS@OKC,OKC,BOS,,,14.9,15.5,18,1.04761115243,0.581539266314,1.87947708693,0.932392591562,0.89766875333,2.02333238511,0.921897343239,0.68355823088,2.92100113844,2.17481690201,0.562537034043,4.65701601121,0.536330395309,5.44850123337,25.0,0.000165528826051,3.70203515985e-11,12.8484343164,13.6177802991,5.54229173971,5.58601705116,SG,3500
1626166,Cameron,Payne,2.3,4,BOS@OKC,OKC,BOS,,,0.0,0.0,18,0.0,0.0,0.0,0.0,0.0,0.0,0.0,0.0,0.0,0.0,0.0,0.0,0.0,0.0,0.0,,,0.0,,0.920780160598,,PG,3500
201627,Anthony,Morrow,6.2,8,BOS@OKC,OKC,BOS,,,2.0,2.5,18,0.451490693958,0.0540083736267,2.79129886646,0.435413669761,0.24372918766,0.454762924758,0.573524237716,0.350743032335,0.698492112418,2.00647031931,1.03175210742,4.81551990972,0.384250306032,5.42894305208,15.0,9.09955337983e-10,5.47528398348e-19,7.84869181827,8.57486399513,6.01847928475,6.60198015662,SG,3500
202353,Tibor,Pleiss,1.6,4,UTA@ATL,UTA,ATL,,,0.0,0.0,18,0.0,0.0,0.0,0.0,0.0,0.0,0.0,0.0,0.0,0.0,0.0,0.0,0.0,0.0,0.0,,,0.0,,0.810870479905,,C,3500
203961,Eric,Moreland,2.5,3,TOR@SAC,SAC,TOR,,,0.0,0.0,18,0.0,0.0,0.0,0.0,0.0,0.0,0.0,0.0,0.0,0.0,0.0,0.0,0.0,0.0,0.0,,,0.0,,0.838381179146,,PF,3500
202341,James,Anderson,5.1,9,TOR@SAC,SAC,TOR,,,0.0,0.0,18,0.0,0.0,0.0,0.0,0.0,0.0,0.0,0.0,0.0,0.0,0.0,0.0,0.0,0.0,0.0,,,0.0,,0.685542041139,,SG,3500
1626175,Jordan,Mickey,6.1,2,BOS@OKC,BOS,OKC,,,0.0,0.0,18,0.0,0.0,0.0,0.0,0.0,0.0,0.0,0.0,0.0,0.0,0.0,0.0,0.0,0.0,0.0,,,0.0,,0.940961584844,,PF,3500
2419,Tayshaun,Prince,8.6,9,MEM@MIN,MIN,MEM,,,5.5,5.5,18,1.01030413217,0.161491887034,0.660534562842,0.813103741659,0.608650012451,1.33560555234,0.473063521599,0.455269047974,1.94425556479,2.06004059097,0.252369179637,4.56557090167,0.536310890355,4.90876125194,22.0,4.87300847909e-06,5.94545757314e-13,9.57116589723,10.0222050988,5.47658860021,5.27220788714,SF,3500
203488,Mike,Muscala,5.6,5,UTA@ATL,ATL,UTA,,,3.7,4.25,18,0.586548240644,0.35816209356,0.432663654807,0.730942684481,0.78389441201,0.975425533649,0.274077977229,0.45961646144,1.75931994566,1.47196998493,0.186809257279,2.8538885081,0.600214781398,3.73096400854,10.0,9.11726985135e-07,7.18098831308e-16,7.52683398444,7.93801420867,4.14328723297,3.89637113119,PF,3500
202713,Kyle,Singler,5.7,8,BOS@OKC,OKC,BOS,,,9.4,12.0,18,0.507823827766,0.328964693566,2.62756298265,0.819911402175,0.426509439652,1.27605365839,0.614909434187,0.994200691959,1.70256309805,1.59577708709,0.903169754971,4.77123571829,0.609459999205,4.70418392836,19.0,1.65473438283e-06,2.35069191921e-15,8.40254295121,9.43635881168,5.56855904562,6.17109337536,SF,3500
202714,Shelvin,Mack,0.2,2,UTA@ATL,ATL,UTA,,,12.0,13.0,18,2.59528898651,0.0293108630513,2.02012907399,0.593664495917,0.136059487964,0.282977037814,0.618242150329,1.07808692683,0.419036525778,2.07660806919,0.61963042886,5.25690969521,0.496201793524,5.26904836077,15.0,6.30213662759e-05,8.2855301606e-14,9.8818447714,10.7517498076,5.78179952117,5.96570694612,PG,3500
202498,Lance,Thomas,8.9,10,NO@NY,NY,NO,,,7.2,8.25,18,0.669583467561,0.0533312905344,0.854287154832,1.58456547855,0.634373852506,1.16179991264,0.318729919906,0.953794999893,1.79617376514,2.42622466565,0.352769833018,5.45334511319,1.25009509813,6.45531426245,20.0,4.99426522775e-06,1.35950083724e-14,9.40542540295,10.1485239991,6.30413424275,6.1400026915,SF,3500
2756,Sasha,Vujacic,14.6,8,NO@NY,NY,NO,,,1.2,1.25,18,0.510225824928,0.0255869373145,0.920013500926,0.208028215493,0.201645584512,0.478272874783,0.22177527567,0.317951850135,0.679918459295,0.713943485061,0.255606184167,2.04138942956,0.167203388951,1.85069654324,6.0,2.70266052519e-11,5.25985525889e-21,3.60871000762,3.92948494778,2.89371921172,2.99684246155,SG,3500
202708,Norris,Cole,15.9,75,NO@NY,NO,NY,O,Ankle,0.0,0.0,18,0.0,0.0,0.0,0.0,0.0,0.0,0.0,0.0,0.0,0.0,0.0,0.0,0.0,0.0,0.0,,,0.0,,0.737434341042,,PG,3500
203934,Lamar,Patterson,5.7,7,UTA@ATL,ATL,UTA,,,0.0,0.0,18,0.0,0.0,0.0,0.0,0.0,0.0,0.0,0.0,0.0,0.0,0.0,0.0,0.0,0.0,0.0,,,0.0,,0.772013044387,,SG,3500
202338,Kevin,Seraphin,4.1,6,NO@NY,NY,NO,,,18.6,19.75,18,0.612828330304,0.756071215908,0.0151054152306,0.6956756519,0.967083962943,1.21553519962,0.210106752585,1.21568494871,2.18261916256,2.70345999968,1.25154587599e-05,5.32168356479,0.50175517266,5.90868768748,14.0,1.89004146395e-05,1.82523428658e-13,10.1637441663,10.8807522071,6.76444012255,6.34055184694,PF,3500
201946,Tyler,Hansbrough,2.9,3,POR@CHA,CHA,POR,,,0.0,0.0,18,0.0,0.0,0.0,0.0,0.0,0.0,0.0,0.0,0.0,0.0,0.0,0.0,0.0,0.0,0.0,,,0.0,,0.724898551686,,PF,3500
202690,Jimmer,Fredette,2.8,2,NO@NY,NO,NY,,,0.0,0.0,18,0.0,0.0,0.0,0.0,0.0,0.0,0.0,0.0,0.0,0.0,0.0,0.0,0.0,0.0,0.0,,,0.0,,0.721522567186,,SG,3500
204025,Tim,Frazier,1.2,4,POR@CHA,POR,CHA,,,1.5,1.5,18,0.227112323271,0.00327768008104,0.0667248283174,0.0816958365413,0.0311602112801,0.0446957807732,0.0345463999458,0.0871513508729,0.0758559920533,0.0975098703653,0.0191989818248,0.25317132475,0.046663731295,0.26088245385,1.0,3.15591233079e-19,5.12253501305e-37,0.681074938401,0.738042904352,1.25166634064,1.20182847478,PG,3500
202407,Elijah,Millsap,3.7,7,UTA@ATL,UTA,ATL,,,0.0,0.0,18,0.0,0.0,0.0,0.0,0.0,0.0,0.0,0.0,0.0,0.0,0.0,0.0,0.0,0.0,0.0,,,0.0,,0.781199227567,,SF,3500
202337,Luke,Babbitt,13.0,7,NO@NY,NO,NY,,,7.7,8.25,18,0.271682033033,0.0885773539344,1.06871620407,0.220858571004,0.0840225375044,0.66728817839,0.0884900011386,0.187501025262,0.751310715894,0.704368656991,0.407354603294,1.67840423319,0.157175478291,1.97326739557,7.0,1.05575139142e-10,4.98016860482e-23,3.44899698907,3.7839903393,2.96077766306,3.22179658122,SF,3500
203552,Seth,Curry,5.4,5,TOR@SAC,SAC,TOR,,,3.0,3.5,18,0.555502675497,0.0477535028248,0.644196989146,0.190325671751,0.0909992261241,0.346570493864,0.162293439831,0.191477013194,0.437569719988,0.769255894217,0.284622616019,1.69330183212,0.140221556255,1.96335596071,5.0,5.21047021062e-12,2.25339346151e-22,3.55031051005,3.81023881067,2.85316508619,2.91284810668,SG,3500
1626242,Luis,Montero,1.6,2,POR@CHA,POR,CHA,,,0.0,0.0,18,0.0,0.0,0.0,0.0,0.0,0.0,0.0,0.0,0.0,0.0,0.0,0.0,0.0,0.0,0.0,,,0.0,,0.817576197931,,SF,3500
1897,Metta,World Peace,14.5,5,DET@LAL,LAL,DET,,,7.7,7.75,18,0.535298003535,0.337808972754,1.80604709166,0.64146325907,0.386524104474,0.794250969656,0.638565618371,0.435184934389,1.18077507413,1.58112393636,0.664440039368,3.98115134301,0.439656882646,4.26634479472,12.0,5.12116907736e-08,1.05756522526e-16,8.00378613684,8.61263745425,4.87496107247,5.17971317586,SF,3500
1626204,Larry,Nance Jr.,10.8,5,DET@LAL,LAL,DET,,,12.8,13.0,18,0.436336131701,0.115068142973,0.526079074496,0.926107738743,0.948421336743,3.01519513858,0.412895826771,0.751219882659,3.96361647532,2.27048299786,0.166755697659,4.58953838211,0.627663445276,5.33538513865,17.0,0.00123063551932,9.06698272974e-14,11.0509371634,11.7099517306,5.71658964816,5.39052158062,PF,3500
202087,Alonzo,Gee,9.0,9,NO@NY,NO,NY,,,10.3,11.5,18,0.930609201036,0.233978743986,1.5114099097,1.55517589359,1.24330388215,1.91331534413,1.37283329518,1.28115340774,3.15661922628,2.64901072697,0.351129243865,6.21559440124,1.11647145721,6.76562215503,26.0,0.000468529336871,9.1340650984e-10,13.8819496987,14.8566247826,6.69207839664,6.53745289909,SF,3500
203923,James,Young,0.0,1,BOS@OKC,BOS,OKC,,,0.0,0.0,18,0.0,0.0,0.0,0.0,0.0,0.0,0.0,0.0,0.0,0.0,0.0,0.0,0.0,0.0,0.0,,,0.0,,0.597620229554,,SF,3500
203956,Mitch,McGary,3.9,4,BOS@OKC,OKC,BOS,,,0.0,0.0,18,0.0,0.0,0.0,0.0,0.0,0.0,0.0,0.0,0.0,0.0,0.0,0.0,0.0,0.0,0.0,,,0.0,,0.835229941302,,PF,3500
1626151,Aaron,Harrison,0.0,0,POR@CHA,CHA,POR,,,0.0,0.0,18,0.0,0.0,0.0,0.0,0.0,0.0,0.0,0.0,0.0,0.0,0.0,0.0,0.0,0.0,0.0,,,0.0,,0.845620626624,,PG,3500
203943,Noah,Vonleh,4.9,10,POR@CHA,POR,CHA,,,15.7,17.0,18,0.592215683588,0.655097707726,1.22293539026,2.058992061,1.92014709455,3.0502461494,0.349523158514,1.2727386826,4.97039324395,2.43105555812,0.268661374946,6.21496542345,1.45035310163,6.58112559281,24.0,0.00836090647206,2.5707784768e-11,14.1704240608,15.2021851116,6.67113990969,6.51674775107,PF,3500
203210,JaMychal,Green,13.1,10,MEM@MIN,MEM,MIN,,,23.9,25.75,18,0.681171915964,0.693698081573,1.07516565119,2.2678184352,2.5164608783,4.06624905949,0.744499967056,1.74730337462,6.58270993779,3.68358662529,0.31086510744,7.54352052988,1.73176850571,9.40980686374,25.0,0.0717825712567,1.02857369852e-09,19.4599093857,20.9258029836,8.40385718582,8.09337143959,PF,3500
1626179,Terry,Rozier,4.5,5,BOS@OKC,BOS,OKC,,,0.0,0.0,18,0.0,0.0,0.0,0.0,0.0,0.0,0.0,0.0,0.0,0.0,0.0,0.0,0.0,0.0,0.0,,,0.0,,0.814676405404,,PG,3500
1713,Vince,Carter,5.2,1,MEM@MIN,MEM,MIN,,,0.0,0.0,18,0.0,0.0,0.0,0.0,0.0,0.0,0.0,0.0,0.0,0.0,0.0,0.0,0.0,0.0,0.0,,,0.0,,0.698363826671,,SF,3500
2440,Matt,Barnes,15.2,10,MEM@MIN,MEM,MIN,,,1.2,1.25,18,0.57069301474,0.379152023635,2.29601467882,0.654706677736,0.322061942265,1.11430578163,0.55371687977,0.437833722878,1.4363677239,1.31132194667,0.679067756428,3.91038123977,0.570997731527,3.87270938129,13.0,2.26003054725e-07,2.40761696382e-16,7.88029425601,8.51056372086,4.81605796796,5.28845386154,SF,3500
1626185,Jarell,Martin,0.0,0,MEM@MIN,MEM,MIN,O,Foot,0.0,0.0,18,0.0,0.0,0.0,0.0,0.0,0.0,0.0,0.0,0.0,0.0,0.0,0.0,0.0,0.0,0.0,,,0.0,,0.845620626624,,PF,3500
203148,Brian,Roberts,3.2,5,POR@CHA,CHA,POR,,,2.7,2.75,18,0.3322227163,0.0109126360872,0.373640886719,0.185559986575,0.0386121401887,0.0677453092457,0.0609809599047,0.122994827244,0.106357449434,0.400166727863,0.111853495607,1.03712795269,0.156615684132,1.06880263547,3.0,3.28120546936e-15,1.52652287533e-31,1.71555801398,1.83830004787,1.98884446394,1.97145862348,PG,3500
1626153,Delon,Wright,1.0,4,TOR@SAC,TOR,SAC,,,0.0,0.0,18,0.0,0.0,0.0,0.0,0.0,0.0,0.0,0.0,0.0,0.0,0.0,0.0,0.0,0.0,0.0,,,0.0,,0.83942543237,,PG,3500
203998,Bruno,Caboclo,0.0,1,TOR@SAC,TOR,SAC,,,0.0,0.0,18,0.0,0.0,0.0,0.0,0.0,0.0,0.0,0.0,0.0,0.0,0.0,0.0,0.0,0.0,0.0,,,0.0,,0.77495954723,,SF,3500
204002,Walter,Tavares,1.1,2,UTA@ATL,ATL,UTA,,,0.0,0.0,18,0.0,0.0,0.0,0.0,0.0,0.0,0.0,0.0,0.0,0.0,0.0,0.0,0.0,0.0,0.0,,,0.0,,0.849452254747,,C,3500
2581,Steve,Blake,9.2,9,DET@LAL,DET,LAL,,,0.0,0.0,18,0.0,0.0,0.0,0.0,0.0,0.0,0.0,0.0,0.0,0.0,0.0,0.0,0.0,0.0,0.0,,,0.0,,0.863258918542,,PG,3500
1626154,RJ,Hunter,6.8,5,BOS@OKC,BOS,OKC,,,0.0,0.0,18,0.0,0.0,0.0,0.0,0.0,0.0,0.0,0.0,0.0,0.0,0.0,0.0,0.0,0.0,0.0,,,0.0,,0.759825320984,,SG,3500
203112,Quincy,Acy,5.9,4,TOR@SAC,SAC,TOR,,,7.1,7.25,18,0.834337926531,0.280257186072,0.551076613459,1.10807856363,0.725030245842,1.25612650681,0.38043335444,0.647018256318,1.98115675265,1.55091188425,0.210715631507,3.18804493848,0.78512758526,4.09766698526,15.0,3.23876988498e-06,6.85112384982e-14,8.40092480295,8.92885444265,4.37633338612,4.16287301519,PF,3500
203493,Reggie,Bullock,0.4,4,DET@LAL,DET,LAL,,,7.4,8.0,18,0.34092356253,0.119320825687,2.12948444874,0.348158605306,0.260758685819,0.301749439145,0.413025281579,0.425876483307,0.562508124964,1.17468544946,0.65628810607,3.49586371319,0.246455700919,3.2521147059,15.0,2.99577059051e-11,9.0066040931e-22,5.07732553088,5.64653323186,4.44677861292,4.92398224303,SF,3500
203798,P.J.,Hairston,9.1,9,POR@CHA,CHA,POR,,,5.2,5.25,18,0.300924262855,0.135271613185,1.8550081715,0.475401469938,0.166316097813,0.701626278771,0.193806209917,0.237418387376,0.867942376584,0.99012820158,0.513026607395,2.95672913479,0.407520729517,2.90080374007,9.0,1.09473370166e-09,1.41720340577e-21,4.81445824508,5.23307786294,3.94490600319,4.31656643262,SF,3500
203919,Jordan,Adams,9.0,2,MEM@MIN,MEM,MIN,GTD,Knee,0.0,0.0,18,0.0,0.0,0.0,0.0,0.0,0.0,0.0,0.0,0.0,0.0,0.0,0.0,0.0,0.0,0.0,,,0.0,,0.836764843022,,SG,3500
200811,Louis,Amundson,10.8,3,NO@NY,NY,NO,,,5.4,5.5,18,0.54557440988,0.55287399386,0.0063640319775,0.992596292849,1.08713668597,1.16636563755,0.311415084666,0.566593021678,2.25350232352,1.08544665357,4.03289820206e-06,2.37498671669,0.453452582306,2.62434992234,10.0,1.60099916772e-06,1.34420458058e-15,7.30889946075,7.70487550571,3.66746477261,3.38315980341,PF,3500
1626168,Trey,Lyles,4.9,9,UTA@ATL,UTA,ATL,,,0.0,0.0,18,0.0,0.0,0.0,0.0,0.0,0.0,0.0,0.0,0.0,0.0,0.0,0.0,0.0,0.0,0.0,,,0.0,,0.817169887916,,PF,3500
1626192,Pat,Connaughton,1.7,3,POR@CHA,POR,CHA,,,0.0,0.0,18,0.0640700564075,0.0173136252822,0.098850324799,0.115109055923,0.0586532169324,0.111154400401,0.0303045831023,0.0599429561226,0.169807617333,0.156130074919,0.0345288778508,0.36463987037,0.0891196534606,0.43590868115,1.0,1.26164204373e-19,3.82523862702e-38,0.771076367208,0.826802665062,1.35659649606,1.30885464132,SG,3500
203921,Cleanthony,Early,2.6,5,NO@NY,NY,NO,,,0.0,0.0,18,0.0,0.0,0.0,0.0,0.0,0.0,0.0,0.0,0.0,0.0,0.0,0.0,0.0,0.0,0.0,,,0.0,,0.715401255468,,SF,3500
203512,Lucas,Nogueira,3.5,2,TOR@SAC,TOR,SAC,,,0.0,0.0,18,0.0,0.0,0.0,0.0,0.0,0.0,0.0,0.0,0.0,0.0,0.0,0.0,0.0,0.0,0.0,,,0.0,,0.837944180257,,C,3500
1626273,Marcelo,Huertas,9.6,6,DET@LAL,LAL,DET,,,0.0,0.0,18,0.0,0.0,0.0,0.0,0.0,0.0,0.0,0.0,0.0,0.0,0.0,0.0,0.0,0.0,0.0,,,0.0,,0.985002239681,,PG,3500
201150,Spencer,Hawes,11.7,9,POR@CHA,CHA,POR,,,11.4,12.0,18,1.81955444705,0.515530768261,1.9115420683,0.83639959763,0.442676725017,1.68480430658,0.369989643359,0.956202078297,2.1274810316,2.03072208778,0.538029528656,5.30574413475,0.470205067012,5.06967877123,18.0,1.5048738515e-05,2.50359251226e-10,11.1668264247,12.0203388536,5.72129115992,5.85084176766,C,3500
