NBA_ID,First Name,Last Name,FPPG,Played,Game,Team,Opp,Status,Injury Details,Actual_FD,Actual_DK,Actual_MIN,AST,BLK,FG3A,FTA,OREB,DREB,STL,TOV,REB,FGM,FG3M,FGA,FTM,PTS,MIN,DD,TD,FD,DK,FD_std,DK_std,fd_Pos,fd_Salary
201939.0,Stephen,Curry,55.9,4,LAC@GS,GS,LAC,,,45.0,48.75,35,6.95199504626,0.228826284527,9.4470535235,5.88043871886,0.508658722679,2.4903402756,2.18746753562,2.4739970535,2.99899899828,9.74068393389,4.69213407003,18.2305096997,5.43856710322,29.612069041,33.0,0.165547580826,0.000196713614175,45.9974509951,49.9793780189,18.949009732,20.8682660498,PG,10800
201566.0,Russell,Westbrook,52.1,4,TOR@OKC,OKC,TOR,,,48.0,55.25,35,9.61774408976,0.204076865131,5.21722104091,7.65182697135,1.91683538399,3.47067439632,2.04987041264,5.2234991566,5.38750978031,10.1014808485,1.77264699643,21.8498321587,6.36371970591,28.3393283993,35.0,0.53990947757,0.0237117493009,48.5153516692,53.163799699,20.3311785413,20.5658428589,PG,10800
202326.0,DeMarcus,Cousins,38.0,3,SAC@PHO,SAC,PHO,O,Achilles,0.0,0.0,35,0.0,0.0,0.0,0.0,0.0,0.0,0.0,0.0,0.0,0.0,0.0,0.0,0.0,0.0,0.0,,,0.0,,1.02427101817,,C,10300
2544.0,LeBron,James,43.4,4,NY@CLE,CLE,NY,,,40.5,42.75,35,6.62202567843,0.722612952419,4.11397562021,6.89992711897,0.997399838229,2.91183993443,2.26788223197,3.61796668596,3.90923977266,8.97924394132,1.02842453651,18.5893827621,4.66500328944,23.6519157086,35.0,0.1396868709,0.000945957104854,40.6390656362,43.3700914138,17.6270441737,17.524691379,SF,10200
201933.0,Blake,Griffin,46.4,4,LAC@GS,LAC,GS,,,44.0,47.0,35,4.97962487914,0.617271314636,0.42729778911,7.70594820822,1.90614290784,5.44272937757,0.837472422628,2.33538260968,7.34887228541,10.8482761619,0.077377576587,19.6967966808,5.75931256951,27.5332424699,38.0,0.237247179086,0.00641170801522,44.395431396,46.3443609961,21.2606323443,20.7054100943,PF,10000
201142.0,Kevin,Durant,40.1,4,TOR@OKC,OKC,TOR,,,50.4,52.25,35,3.39994989261,1.31018742082,6.66119480391,7.76365724874,0.530245133931,3.33436546462,0.810422036317,2.65067668521,3.86461059855,9.77342512588,2.70943391105,19.4878261152,6.83495607917,29.091240242,38.0,0.00914672106321,1.74856915506e-05,40.4192400282,43.3062983949,18.4720824829,19.2156363929,SF,10000
201935.0,James,Harden,41.8,4,ORL@HOU,HOU,ORL,,,35.4,40.25,35,6.84104294302,1.13822011665,10.5414780597,12.8018340997,1.11892929164,3.74405912619,2.13596348747,4.74085695103,4.86298841783,8.01953319908,2.49761930139,22.436352876,10.9583680053,29.4950537048,44.0,0.155629091772,0.00358593959912,47.399714478,51.5063034815,20.2106967776,21.7230413871,SG,9900
2546.0,Carmelo,Anthony,38.4,4,NY@CLE,NY,CLE,,,42.4,46.0,35,3.54311844165,0.668533477576,5.0834272876,6.93411862397,1.91442511446,4.22983194235,1.18148363438,1.9229916787,6.14425705681,8.4568803878,1.69050344323,20.9184825654,5.8869299087,24.4911941275,37.0,0.0973096571111,0.000338137865943,38.9560228034,41.2169621165,19.0702274984,19.4016946329,SF,9500
202322.0,John,Wall,41.1,3,SA@WAS,WAS,SA,,,47.9,50.5,35,8.89412276405,1.33032124046,3.62179811786,6.04749845067,0.580085747039,1.39038337455,2.04889882333,3.69011695172,1.97046912159,6.4856687443,1.12539543704,14.6217980286,4.50338408549,18.6001170111,35.0,0.385423017269,3.82476255554e-05,37.374187279,40.4587161982,14.1713195897,14.2698090766,PG,9400
101108.0,Chris,Paul,31.9,4,LAC@GS,LAC,GS,,,45.1,46.75,35,8.49665795949,0.078039559696,3.60455142349,4.19033138156,0.279505947774,2.22031056793,1.62921474601,2.38117726416,2.49981651571,5.95724116927,1.22248857018,12.5940885552,3.52361695962,16.6605878683,31.0,0.323555416256,9.23102580699e-05,33.4386859737,35.8511197718,12.3939137022,12.5505689667,PG,9300
203081.0,Damian,Lillard,40.7,4,POR@UTA,POR,UTA,,,40.3,46.0,35,7.21408960307,0.247581217809,8.5564499075,5.04749056864,0.418139253569,2.27282867786,1.40790790902,4.16227862329,2.69096793143,9.59104606171,3.08736845054,21.2411060915,4.36164243128,26.6311030052,40.0,0.191771955353,9.39407372764e-05,39.8300985579,43.8774102466,19.698391407,20.9732822255,PG,8900
200746.0,LaMarcus,Aldridge,31.3,4,SA@WAS,SA,WAS,,,26.5,31.25,35,2.06376436818,0.791860853239,0.900274467177,4.64784172898,2.9418249447,4.99734440795,0.552038853682,1.92026411886,7.93916935265,7.65835726581,0.240043238362,17.2880910893,3.82732022694,19.3840779969,35.0,0.269607954339,1.62083364113e-05,32.7742630674,34.6558357701,17.9020138308,17.5719918897,PF,8600
202331.0,Paul,George,33.9,3,BOS@IND,IND,BOS,,,44.5,50.0,35,3.24561892091,0.23904201572,5.84155139733,4.93882579393,1.35249500714,2.81072155386,1.61872296207,2.9318667028,4.16321656099,5.62669503851,2.03204061143,14.6265030012,4.18036412398,17.4657948124,31.0,0.0117732329007,1.944533107e-05,28.1137463198,30.8215789903,13.8189634752,14.7246317141,SF,8300
202328.0,Greg,Monroe,40.5,4,PHI@MIL,MIL,PHI,,,37.6,39.0,35,2.98375570037,0.816850438533,0.000517032800222,5.50514292188,3.35304789057,5.29232518171,1.6001551708,2.06383081494,8.64537307228,7.62412978779,3.22674932529e-07,14.011910237,4.27547072623,19.5237306245,36.0,0.359686316845,0.000382490146279,37.1439922655,39.1488534336,15.88304807,15.3683106503,C,8200
2730.0,Dwight,Howard,28.5,2,ORL@HOU,HOU,ORL,,,39.8,43.5,35,1.34559518555,1.51143788682,0.0362907379823,6.55009130966,3.29317874905,3.89488348337,0.833946997111,2.88228589802,7.18806223242,6.57075770721,0.0166451336022,11.1127160202,3.41307034282,16.5712308908,31.0,0.178069056251,1.06577130193e-06,29.0237822179,31.099757627,13.2434144168,12.6577426807,C,8200
203506.0,Victor,Oladipo,41.6,3,ORL@HOU,ORL,HOU,,,33.9,35.25,35,4.98928920434,0.752660161607,5.70129488503,3.83486572015,0.739554858414,4.96153828257,1.98390825821,2.62997643172,5.70109314099,7.23541392867,1.58757304507,18.1730001663,3.27568616996,19.3340870724,44.0,0.0934695663373,0.00198146234523,36.502493056,39.042471188,16.3066130318,16.7999818363,SG,8100
201599.0,DeAndre,Jordan,35.7,4,LAC@GS,LAC,GS,,,29.1,32.75,35,0.917828868512,3.29090939632,0.0231142348735,5.98596699712,3.70060345093,8.36495226803,0.710256328615,1.42865021933,12.065555719,4.3633998935,0.00577804347054,5.85592996055,2.10735908702,10.8399369175,34.0,0.52193153792,0.00111894192243,33.2690283135,35.3757743635,8.22096751669,7.42729772869,C,8100
203497.0,Rudy,Gobert,32.2,3,POR@UTA,UTA,POR,,,26.8,28.25,35,1.31882898188,3.20325346767,0.0185050397287,2.94582905855,3.67377565999,5.43131726392,0.68993233587,1.70203267291,9.10509292391,3.27209089058,0.00307260035562,5.63158656201,1.81887576643,8.36613014795,30.0,0.194479597105,0.000343255748124,27.3548240636,28.9553805094,7.50674049487,7.0068593133,C,8100
202696.0,Nikola,Vucevic,36.2,3,ORL@HOU,ORL,HOU,,,13.4,13.5,35,1.0282624479,0.824677423842,0.0190649387216,1.42141935617,1.39300836613,2.35322275747,0.454357276384,1.0334942618,3.74623112359,3.91088026575,0.00633915287387,7.53479338312,1.13476397841,8.96286366278,17.0,0.00268353809385,4.36314625704e-10,16.5253098216,17.2365633936,9.08103305401,8.62319899429,C,8000
202324.0,Derrick,Favors,39.7,3,POR@UTA,UTA,POR,GTD,Illness,30.5,31.5,35,1.14068119102,1.30294106485,0.0357208639974,4.29537709378,2.12552906341,3.46195839326,1.36390945442,1.12152320654,5.58748745667,5.39530316913,0.00585938448539,10.5976882761,2.80853349118,13.6049992139,25.0,0.0497180079968,1.66592877674e-07,26.2331837805,27.1508269606,12.3288640811,11.8794055685,PF,8000
201942.0,DeMar,DeRozan,35.9,3,TOR@OKC,TOR,OKC,,,40.5,41.75,35,4.30666907315,0.219048660123,1.62910320748,10.2390974917,0.709283746298,2.56496782378,1.56900346811,2.60125743471,3.27425157007,7.35651096894,0.465910282832,17.6131009358,8.42791828343,23.6068505041,39.0,0.0146774170294,2.63574056034e-05,34.9708028197,36.6901944547,17.9850707961,17.7439949103,SG,8000
200794.0,Paul,Millsap,36.5,4,BKN@ATL,ATL,BKN,,,36.3,37.75,35,3.33486826442,0.895458916382,3.00480002342,4.43004010041,1.79654175541,4.20952549761,2.19755069756,1.87101088843,6.00606725302,4.98923743589,1.03260957123,11.0062494722,2.98501086533,13.9960953083,31.0,0.0740006854228,0.000177315535564,30.5206867481,32.3843333153,11.1161549973,11.2183655653,PF,7900
202339.0,Eric,Bledsoe,35.9,4,SAC@PHO,PHO,SAC,,,44.2,47.5,35,5.65839604626,0.761642533053,3.38313832695,5.97869365126,0.512159281725,2.23302550054,1.95006950525,2.99449375479,2.74518478227,6.35051518028,1.01412999269,14.531486186,4.65856621016,18.3737265634,33.0,0.0608120420695,3.65428851897e-05,32.5844726933,34.8173714979,14.0749959304,14.1089683958,SG,7900
202695.0,Kawhi,Leonard,39.6,4,SA@WAS,SA,WAS,,,34.8,36.25,35,1.78238194206,1.26435383408,3.34153033214,3.56400423594,1.46718534743,4.88167648106,2.30871860763,2.0973727315,6.34886182848,8.12781731779,1.00071284401,16.9329363612,3.15338855281,20.4097360324,35.0,0.108043867425,1.80303173441e-05,35.7507152916,37.7793210629,16.2211541057,16.1008128928,SF,7900
200752.0,Rudy,Gay,31.7,3,SAC@PHO,SAC,PHO,,,28.1,29.0,35,2.89232695206,0.3589369925,2.90207856283,3.61345563385,1.57501174415,2.90870865597,1.12317409272,1.92901272438,4.48372040012,6.44795116655,1.06415034831,14.7678994891,2.97052198306,16.9305746645,30.0,0.0164673622751,1.31957462559e-05,27.6847390188,29.4302472058,14.2706734067,14.2724447563,SF,7900
203110.0,Draymond,Green,32.4,4,LAC@GS,GS,LAC,,,24.5,26.75,35,5.62301142,1.50706094176,5.00828574194,3.54770146171,1.5070575864,4.0292282019,1.72081463735,2.32555243644,5.5362857883,5.1048273682,2.12165854074,11.502715869,2.17839591123,14.5097091884,39.0,0.0996156231723,0.00287340332199,33.7179679861,36.3764314088,11.8155941784,12.693587036,PF,7800
200768.0,Kyle,Lowry,38.7,3,TOR@OKC,TOR,OKC,,,22.3,26.5,35,6.56976233702,0.496486451743,4.99674291113,5.27501035765,0.780958073659,2.41549078864,2.16249097041,3.00195816418,3.1964488623,5.94362152783,1.92245503977,13.8185085423,4.35944144826,18.1691395437,34.0,0.124758242949,0.000225949655932,34.1755183641,36.9853626226,13.4331027532,14.098424168,PG,7800
201572.0,Brook,Lopez,29.8,4,BKN@ATL,BKN,ATL,,,44.7,47.75,35,1.54047663749,1.73945279843,0.190887271238,6.10208739973,3.11933456174,4.88028324589,0.362649608848,2.11007624916,7.99961780763,8.42187172665,0.00784645237322,15.5865562554,4.86857121393,21.7201611196,36.0,0.280862710687,5.53103990859e-06,35.7245460104,37.6047989107,17.2826712901,16.756042517,C,7700
201567.0,Kevin,Love,36.4,4,NY@CLE,CLE,NY,,,25.9,29.5,35,2.50109784886,0.388669845231,5.54198171858,3.87090623924,2.28709875446,5.11905123248,0.365065064338,1.57351537095,7.40614998694,5.73757395775,1.83050498863,13.2792079067,3.28981179325,16.5954646974,32.0,0.197184262366,5.48036769976e-05,29.1684459032,31.5367043869,12.917132277,13.6871428335,PF,7600
203457.0,Nerlens,Noel,31.7,3,PHI@MIL,PHI,MIL,,,33.9,37.5,35,1.76654753882,1.96501730038,0.0125518059255,3.43739585199,3.09214128318,4.59786225184,1.54535612714,2.45286639249,7.69000353502,4.80062658154,0.00345688829214,11.0760029084,2.08893838444,11.6936484358,33.0,0.182431148561,1.13219694998e-05,28.1393544486,30.0256969545,12.3953082873,12.0682717416,PF,7500
201143.0,Al,Horford,34.9,4,BKN@ATL,ATL,BKN,,,40.6,41.5,35,2.54695407242,1.45582394053,1.69562326909,1.75691899426,2.23054253343,3.88521603463,0.709807130337,1.48990745687,6.11575856806,7.01807409058,0.528968598801,12.9930523017,1.43357694724,15.9986937272,30.0,0.0846694682343,2.73024110229e-05,29.9993898024,31.4417018682,13.3681443973,12.9493389482,C,7500
202738.0,Isaiah,Thomas,34.8,3,BOS@IND,BOS,IND,,,37.7,42.25,35,6.72064110208,0.0603784507831,6.83660971262,7.76984869871,0.647792945976,0.774181249727,1.70178322388,3.36107496492,1.4219741957,7.81629112085,2.39099835459,18.6064783021,6.96986651314,24.9934471094,36.0,0.141067558561,2.06726571621e-06,36.9440261818,40.102769091,17.3171805708,18.2319926814,PG,7200
203078.0,Brad,Beal,30.7,3,SA@WAS,WAS,SA,,,42.0,44.25,35,2.6048196622,0.281870986956,5.7106434823,3.4132317772,1.22631726296,1.94097472855,1.27695320845,2.41990416348,3.16729199151,7.8536939642,2.5191304567,17.3417631377,2.61038556442,20.8369039495,36.0,0.00197229803442,6.11248642826e-07,29.24262806,31.8734702504,16.3018164624,17.0365479001,SG,7200
201586.0,Serge,Ibaka,31.8,4,TOR@OKC,OKC,TOR,,,22.2,23.0,35,1.13717471968,2.82277089283,1.7968125588,1.5806900701,2.6810021116,3.89477779171,0.43355589135,1.55645252588,6.57577990331,5.53015155168,0.56107587906,11.6047936539,1.33208982437,12.9534688068,33.0,0.104139084613,7.26817854612e-05,27.5063678128,29.0503476827,11.8273098806,11.5797957723,PF,7100
201952.0,Jeff,Teague,28.2,4,BKN@ATL,ATL,BKN,,,32.2,33.25,35,5.95078220612,0.365425278238,2.53667125971,4.91991423942,0.365354565011,1.59526961435,1.29925479726,2.35121551014,1.96062417936,5.39028797087,0.798587696027,11.5980981082,4.28769111875,15.8668547565,28.0,0.074333935849,3.01980680223e-06,28.1239217218,29.908364497,11.719516488,11.6295720009,PG,7100
1495.0,Tim,Duncan,28.4,4,SA@WAS,SA,WAS,,,24.7,27.25,35,2.95735838589,1.4871151404,0.131808561108,3.65744880672,1.69400457089,4.33349627361,0.657172109787,1.90354308324,6.0275008445,4.35723146283,0.0119278630046,8.69704659159,2.87584857574,11.6022393644,27.0,0.064379933921,6.33647850085e-05,25.6563093738,27.0121798844,10.2833132038,9.85305546518,C,7100
203487.0,Michael,Carter-Williams,30.0,4,PHI@MIL,MIL,PHI,GTD,Ankle,0.0,0.0,35,0.0,0.0,0.0,0.0,0.0,0.0,0.0,0.0,0.0,0.0,0.0,0.0,0.0,0.0,0.0,,,0.0,,1.01379996712,,PG,7000
203901.0,Elfrid,Payton,23.6,3,ORL@HOU,ORL,HOU,,,20.9,23.0,35,6.23239157299,0.310561283421,1.39996288574,1.43981054089,1.38678516495,1.79039706453,1.28716243228,2.40377225733,3.17718222948,3.50012142263,0.446998895198,9.18572642887,0.889032512967,8.33627425342,29.0,0.0460419843344,7.56911900403e-05,22.2891554623,23.9426902002,9.2183984857,9.11470052949,PG,7000
202688.0,Brandon,Knight,33.9,4,SAC@PHO,PHO,SAC,,,30.9,34.0,35,5.19074709145,0.373913277265,5.61031033221,2.83642758241,0.71397363296,2.08587370036,1.46514863673,2.82429636532,2.79984733332,6.25155710695,2.03160411639,14.9506099586,2.50616895076,17.0408872811,33.0,0.0371479322436,2.42269592594e-05,29.0406521809,31.6643893677,14.0987275689,14.8797377471,PG,7000
202699.0,Tobias,Harris,30.4,3,ORL@HOU,ORL,HOU,,,25.0,26.75,35,1.37969408025,0.300876711045,2.02710193042,2.50296642859,1.4341714226,2.04512728222,0.448382748915,1.40743027286,3.47929870482,4.13199683448,0.658391898296,8.97109669628,1.92195532913,10.8443408964,21.0,0.00213183483383,4.21561324678e-09,17.1801291096,18.3902028953,9.31313742881,9.21018038046,SF,6900
201951.0,Ty,Lawson,25.1,4,ORL@HOU,HOU,ORL,,,29.8,33.5,35,9.05701034267,0.182633789758,3.2310071643,5.90998595837,0.652417054087,2.42455024293,1.36782331817,3.33211159409,3.07696729701,4.86026644745,1.09038494602,11.8561592814,4.03873216125,14.8496500022,41.0,0.374398049123,0.00049585082577,31.8963288943,34.8245101554,11.753293572,11.9648752103,PG,6800
202330.0,Gordon,Hayward,20.4,3,POR@UTA,UTA,POR,,,19.4,21.0,35,3.55238852908,0.372146741721,4.28498031919,6.09757617146,0.821980595477,1.7357871749,1.24530890978,2.9349114608,2.55776777038,6.28145679988,1.45684406747,15.6168517926,4.63397660703,18.6537342743,38.0,0.00386693473435,1.17730076581e-06,27.3516382346,29.6812083212,14.6717038977,15.0042228212,SF,6800
203507.0,Giannis,Antetokounmpo,37.2,3,PHI@MIL,MIL,PHI,,,28.5,30.75,35,3.04206565275,1.23430239395,1.48035906769,5.62983583433,1.6282727529,4.15128210605,1.1404535761,3.15488418278,5.77955485895,7.35105037512,0.61073167372,13.5370945033,4.35419760209,19.667030026,41.0,0.0692948772108,8.32210169768e-05,32.7602220932,35.0361997433,14.3608863949,13.9634792629,SG,6800
202691.0,Klay,Thompson,20.9,4,LAC@GS,GS,LAC,,,33.5,34.75,35,2.63983325874,0.927720893719,5.96391981716,3.00711756751,0.330567963137,2.11720861565,1.01987244354,1.85272570149,2.44777657879,7.34014357665,2.42260327762,16.0241093559,2.76672845394,19.8696188849,32.0,0.000637540746314,9.64004894314e-08,28.8091616405,31.0701715594,15.2802851538,16.11196339,SG,6700
202683.0,Enes,Kanter,24.0,4,TOR@OKC,OKC,TOR,,,22.7,24.0,35,0.60385776394,0.278474853204,0.271726700568,1.40419593525,2.52177644493,3.43590143364,0.175254285128,1.43332869616,5.95767787857,4.1145913121,0.138590123459,7.74132138998,1.08636720064,9.4541399483,17.0,0.0449297730731,4.61872965043e-11,16.983269629,18.1345075925,9.14069819254,8.69904755161,C,6600
203468.0,C.J.,McCollum,33.6,4,POR@UTA,POR,UTA,,,31.2,34.25,35,2.73290017558,0.237581176543,5.85469221365,2.60716904637,0.55810783754,2.17723783674,1.23386162963,1.92036159864,2.73534567428,7.23107801111,2.39747535405,15.5603711295,2.00885801989,18.8684893962,35.0,0.00105586212457,2.91739495282e-07,27.2727784824,29.5700489108,14.9351486312,15.7521521997,SG,6400
200765.0,Rajon,Rondo,31.7,3,SAC@PHO,SAC,PHO,,,21.6,23.25,35,7.11089367819,0.0533095154577,1.68187231632,1.99138302671,0.84067555249,2.57483528979,1.28129500126,2.68799653466,3.41551084228,4.65290453002,0.51171007475,10.6392389726,0.756581329718,10.5741004645,29.0,0.118366835232,0.000325593001605,25.3202664913,27.26942237,10.8020926766,10.62161375,PG,6400
202700.0,Donatas,Motiejunas,22.7,71,ORL@HOU,HOU,ORL,O,Back,0.0,0.0,35,0.0,0.0,0.0,0.0,0.0,0.0,0.0,0.0,0.0,0.0,0.0,0.0,0.0,0.0,0.0,,,0.0,,0.75313246111,,PF,6400
201588.0,George,Hill,26.3,3,BOS@IND,IND,BOS,,,21.4,23.5,35,4.35005516119,0.369764103855,5.29064068418,3.88447642503,0.613650131013,1.96233110246,1.71442223059,2.49485969659,2.57598123348,5.43019607559,2.2085297311,11.9712325555,2.93844791465,16.0073697969,34.0,0.0128824747866,4.55613978298e-06,27.2971429912,29.7969741473,12.2983008286,13.2029110521,PG,6400
101145.0,Monta,Ellis,19.1,3,BOS@IND,IND,BOS,,,30.0,32.25,35,4.43020871646,0.35914396108,3.26207005699,3.02041035696,0.519379047044,1.35015556337,1.72811007018,2.88408429221,1.86953461042,6.03799786465,0.800347586499,15.2662885136,2.3523823371,15.2287256529,33.0,0.0139550668859,5.62243496246e-07,25.4079040304,27.3645309873,14.1929028854,14.1871112735,SG,6300
101127.0,Jarrett,Jack,26.5,3,BKN@ATL,BKN,ATL,GTD,Hamstring,19.5,20.75,35,4.88623520158,0.186903347791,1.86350842969,2.07768324634,0.414915769971,1.45793230387,0.59597282045,2.31540463533,1.87284807384,4.30582536756,0.56079841532,10.3383246989,1.80054959386,10.9729987443,27.0,0.0189905152084,5.12449989148e-07,19.8001169364,21.3603481756,10.3480982701,10.2296836619,PG,6300
2207.0,Joe,Johnson,19.7,4,BKN@ATL,BKN,ATL,,,20.2,21.0,35,3.33752981591,0.0741611433113,3.24693617325,1.98843346589,0.942946417755,1.79047758802,0.502136792447,1.01452777035,2.73342400578,3.81749142614,0.946264596456,10.5055762937,1.61154511229,10.192792561,30.0,0.00179491188388,8.02027887773e-07,18.617264193,19.7370263506,9.8609220125,10.1407792747,SG,6200
203953.0,Jabari,Parker,22.5,25,PHI@MIL,MIL,PHI,,,7.1,7.25,35,0.933454036508,0.11116978429,0.338978466066,1.3010204399,0.968888140895,1.31475158683,0.587902162862,0.917893404126,2.28363972772,2.61065366212,0.0878021224887,5.61284082528,0.914761253267,6.22387069999,16.0,3.20458026588e-05,1.92909126871e-12,10.8446699182,11.4617477366,6.74582231356,6.40392582421,PF,6200
202685.0,Jonas,Valanciunas,29.5,3,TOR@OKC,TOR,OKC,,,30.7,33.25,35,0.571516659386,0.955527149637,0.00723942755587,4.42304316367,2.77279995314,5.21742997242,0.421401903488,1.83125514817,7.99022992556,5.40161620364,0.000103843694056,9.21116320071,3.52715546359,14.3304917146,29.0,0.249241613821,1.85026918372e-08,25.6986455724,27.3876990408,11.1275914642,10.5617748865,C,6200
201960.0,DeMarre,Carroll,25.9,3,TOR@OKC,TOR,OKC,,,28.4,29.25,35,1.82499058549,0.248067236305,4.80919511346,3.28427065355,1.89009812645,2.76304609391,1.63242737585,1.69295873009,4.65314422036,5.04572242987,1.81897113417,12.0944155378,2.20845636939,14.1188723633,37.0,0.0176434560167,5.32946692587e-07,24.5081618002,26.5232507262,11.8934779366,12.6232722745,SF,6100
2199.0,Tyson,Chandler,26.9,4,SAC@PHO,PHO,SAC,,,22.2,22.75,35,0.860394263464,0.902979718947,0.0875355707177,3.55858363792,3.42394404496,5.16426400881,0.60804212565,1.16152748285,8.58820805378,2.9992014149,0.0,5.04262399688,2.50596102761,8.50436385742,26.0,,,21.9613211235,,6.97808258231,,C,6100
101162.0,Marcin,Gortat,19.8,3,SA@WAS,WAS,SA,,,20.1,22.0,35,1.16087762276,1.13485789658,0.0190750263289,2.59337607666,1.80219339541,3.63001333264,0.421521443688,1.88686245767,5.43220672805,4.21576098879,0.000350636773084,8.07094076327,2.04050383477,10.4723764491,28.0,0.0328007840462,2.55223006173e-08,19.9582371798,21.2226553161,9.706308627,9.24286661993,C,6100
202693.0,Markieff,Morris,23.4,4,SAC@PHO,PHO,SAC,,,21.1,21.25,35,1.71481141429,0.563161348056,2.50453940801,2.15471200503,1.30058206412,2.42759351226,0.795186081731,1.60492040615,3.72817557637,4.81287114334,0.820722038061,11.9277197504,1.67924799106,12.1257123158,25.0,0.00385390649773,4.9588914169e-08,20.2835145823,21.6885255917,11.507039625,11.523205424,PF,5900
203935.0,Marcus,Smart,25.6,3,BOS@IND,BOS,IND,,,0.0,0.0,35,0.0,0.0,0.0,0.0,0.0,0.0,0.0,0.0,0.0,0.0,0.0,0.0,0.0,0.0,0.0,,,0.0,,0.824131534107,,PG,5800
203496.0,Robert,Covington,10.4,1,PHI@MIL,PHI,MIL,GTD,Knee,0.0,0.0,35,0.0,0.0,0.0,0.0,0.0,0.0,0.0,0.0,0.0,0.0,0.0,0.0,0.0,0.0,0.0,,,0.0,,0.752592088016,,SF,5800
203093.0,Terrence,Jones,18.3,2,ORL@HOU,HOU,ORL,O,Eye,0.0,0.0,35,0.0,0.0,0.0,0.0,0.0,0.0,0.0,0.0,0.0,0.0,0.0,0.0,0.0,0.0,0.0,,,0.0,,0.84140420564,,PF,5700
1626143.0,Jahlil,Okafor,26.4,3,PHI@MIL,PHI,MIL,,,30.2,31.5,35,0.920242190023,0.944807836979,0.383308280189,3.90622008802,1.96219784214,3.86805513132,0.865875853374,2.69292200004,5.83025297346,7.63325657526,0.105566560333,15.0732026611,3.04668193962,18.4187616505,35.0,0.0703396637909,1.04328932227e-08,27.7238738843,29.5201403402,16.39092573,15.9304959713,C,5700
202323.0,Evan,Turner,11.1,3,BOS@IND,BOS,IND,,,22.8,24.0,35,3.47358958472,0.279374579971,1.15087322219,1.39706295994,0.502103198733,1.35023367069,0.576649607007,1.94698255996,1.85233686943,2.80802576185,0.288929858355,7.11698575154,1.01243362191,6.91741500397,21.0,0.000974279146105,2.38205275401e-08,14.1156694384,15.3277039812,7.48752133681,7.31438648796,SF,5700
202340.0,Avery,Bradley,20.7,3,BOS@IND,BOS,IND,GTD,Finger,31.5,34.25,35,2.40921801927,0.242124633765,5.20342996761,1.79473446662,0.862764974054,1.71315025763,1.14452666659,1.73259735682,2.57591523168,6.04394779369,1.83242115552,14.3390159024,1.50123447798,15.4215512209,35.0,0.000494353477285,6.45582429575e-08,23.1671817717,25.0792285133,13.4929564187,14.152658703,SG,5700
202329.0,Al-Farouq,Aminu,27.2,4,POR@UTA,POR,UTA,,,26.1,28.0,35,1.56344327487,1.31297734213,3.35358729411,3.47594549611,2.23142584273,5.26071974478,1.23257892965,2.143499912,7.49214558751,4.66755113607,1.28053098106,10.2152749244,2.48914739641,13.1047806496,36.0,0.17921866498,1.41015315835e-06,27.3881328985,29.7435878523,10.4121168926,10.7156757646,SF,5700
201954.0,Darren,Collison,23.5,3,SAC@PHO,SAC,PHO,,,19.2,21.25,35,4.88384341907,0.146419874619,3.00725852344,3.66391527003,0.419896156888,0.722239457359,1.02061987098,2.09166048446,1.14213561425,5.58140843886,1.1366394578,11.9914253641,2.75856207735,15.0580184129,32.0,0.0247080830458,1.24630459267e-08,23.9967652853,25.7050841991,11.9377167734,12.0136187733,PG,5700
203114.0,Khris,Middleton,20.4,4,PHI@MIL,MIL,PHI,,,30.1,32.25,35,2.46693281438,0.189192353863,4.48070504032,2.81218167922,0.667150052114,1.62601385212,1.17493216922,1.45010026197,2.29316390424,5.6585059272,1.74147085686,13.7665839561,2.44276335147,15.5012460627,36.0,0.000349479848313,3.15746792086e-08,23.2315907536,24.9425588227,12.9917672161,13.5395122766,SF,5600
2772.0,Trevor,Ariza,19.7,4,ORL@HOU,HOU,ORL,,,33.4,37.25,35,2.56932418777,0.233498739515,7.21291179025,2.2825040169,0.873664805849,3.17069439157,2.19345930232,2.00710419354,4.04435919742,4.45544511944,2.59212143758,12.0939672785,1.89534161456,13.398353291,41.0,0.00732238085789,3.10305299122e-06,24.9523824997,27.4652061556,12.9273534703,14.5469828233,SF,5600
203490.0,Otto,Porter,24.9,3,SA@WAS,WAS,SA,,,25.4,26.5,35,2.26868388563,0.643008600229,3.08476001045,1.8486645448,1.65292367607,3.27638780186,1.23623049313,1.51310978489,4.92931147793,4.92685663292,0.849086884719,10.3285116377,1.42398860373,12.1267887543,38.0,0.0221458018804,2.86194030697e-06,23.6903567581,25.1511479554,10.2199581613,10.2092688378,SF,5500
2590.0,Mo,Williams,23.1,4,NY@CLE,CLE,NY,,,34.2,36.0,35,6.45194309417,0.147790592513,6.39400587967,3.11119468266,0.254506755533,1.4308889357,0.766637287248,2.62243102231,1.68539569123,6.37583209972,2.16834758715,15.2686238972,2.86331474936,17.783326536,36.0,0.111891341302,1.24606228479e-06,28.6901407439,31.3376405833,14.4759873028,15.4458949727,PG,5500
201152.0,Thaddeus,Young,22.7,4,BKN@ATL,BKN,ATL,,,29.3,31.75,35,2.39251885441,0.524912934665,1.24446877417,2.14968136879,2.18174015922,3.75380544162,1.37411508908,2.10998896622,5.93554560084,6.49935502389,0.409676394721,13.3872925828,1.19599318039,14.6043796229,34.0,0.0696747404003,1.38001975263e-05,27.0038797068,28.6650431785,13.9218669085,13.5707818451,PF,5500
203504.0,Trey,Burke,16.8,3,POR@UTA,UTA,POR,,,19.4,21.0,35,3.45913634434,0.105514574288,3.54334106217,1.45820584678,0.437060402092,0.958915759311,0.878942080304,1.53029120726,1.3959761614,4.55410285202,1.1048642306,11.014218361,1.20679287687,11.4198628115,26.0,0.00214354526316,4.76984258055e-09,18.7223608236,20.1129526828,10.5802588005,10.8575366811,PG,5400
2747.0,J.R.,Smith,13.0,4,NY@CLE,CLE,NY,O,Knee,0.0,0.0,35,0.0,0.0,0.0,0.0,0.0,0.0,0.0,0.0,0.0,0.0,0.0,0.0,0.0,0.0,0.0,,,0.0,,0.738934475926,,SG,5400
202692.0,Alec,Burks,20.9,3,POR@UTA,UTA,POR,,,29.3,29.5,35,2.17928573326,0.11491643478,1.82540457223,5.99752608828,0.669184721154,2.25229375341,0.756266632882,1.64111392631,2.92147847456,5.18324937017,0.674820503136,12.2440850557,4.75577069741,15.7970899409,32.0,0.000923567261723,7.82800893453e-08,22.6730449193,23.9784716434,12.5135382336,12.3885582916,SG,5400
101106.0,Andrew,Bogut,29.5,1,LAC@GS,GS,LAC,GTD,Concussion,0.0,0.0,35,0.0,0.0,0.0,0.0,0.0,0.0,0.0,0.0,0.0,0.0,0.0,0.0,0.0,0.0,0.0,,,0.0,,0.97707945395,,C,5400
2594.0,Kyle,Korver,16.6,3,BKN@ATL,ATL,BKN,,,0.0,0.0,35,0.0,0.0,0.0,0.0,0.0,0.0,0.0,0.0,0.0,0.0,0.0,0.0,0.0,0.0,0.0,,,0.0,,0.654826382756,,SG,5300
203477.0,Isaiah,Canaan,18.1,3,PHI@MIL,PHI,MIL,,,8.7,9.25,35,1.23404244962,0.0999730432231,3.44326948043,1.52168260448,0.292687378767,0.875859065504,0.389595491498,1.02623891982,1.16854644427,1.8667908394,1.14906503372,5.3876418797,1.23121223535,6.11385894787,15.0,2.93208991628e-07,8.25185210754e-14,9.32007650504,10.4661562438,6.60337916477,7.40305285035,PG,5200
1626161.0,Willie,Cauley-Stein,21.5,3,SAC@PHO,SAC,PHO,,,6.8,7.0,35,0.497198295051,0.697647496287,0.209132672886,1.97454247549,1.47971851345,2.55627475398,0.584302809643,0.813975055029,4.03599326744,1.65306390808,0.057597025869,3.18294861005,1.23201105186,4.59573589389,16.0,0.000826579314155,4.06100321062e-12,11.9346508142,12.573476387,4.70642901631,4.35163542331,C,5200
101161.0,Amir,Johnson,23.1,3,BOS@IND,BOS,IND,,,6.3,7.5,35,1.21720383319,0.66834847126,0.82507802808,1.72712760275,1.67997259365,2.43538475004,0.474281911302,1.25995251815,4.11535734368,3.22913133765,0.297510264652,5.76577947279,1.21725461367,7.97302755363,21.0,0.00403232605981,2.6485135197e-09,15.7625703628,16.7531181184,6.99015963274,6.58554111608,C,5200
201945.0,Gerald,Henderson,20.5,80,POR@UTA,POR,UTA,O,Hip,0.0,0.0,35,0.0,0.0,0.0,0.0,0.0,0.0,0.0,0.0,0.0,0.0,0.0,0.0,0.0,0.0,0.0,,,0.0,,0.645321836294,,SG,5100
203486.0,Mason,Plumlee,21.0,4,POR@UTA,POR,UTA,,,37.2,42.0,35,2.34916864599,1.29037671306,0.0359701664118,5.79065304882,2.94693068758,5.29706784863,1.30316978063,2.92407097769,8.24399853621,5.76777337119,0.00233956549489,9.42804801116,2.32715362162,13.8650399295,35.0,0.269834528582,4.65274629184e-05,29.5446131516,31.8249097253,11.4949689504,10.8809641,C,5100
202684.0,Tristan,Thompson,21.3,4,NY@CLE,CLE,NY,,,28.1,30.75,35,0.700342254793,0.936173565143,0.000475668756602,2.64591240334,2.89718138377,5.00635725479,0.251291307023,0.916402038531,7.90353863856,3.59151581597,5.71693962916e-06,6.07859513484,1.58972460955,8.77276195843,26.0,0.134052138711,8.7371067978e-09,20.7660494127,21.8205084566,7.9096550117,7.37196552063,PF,5100
101135.0,David,Lee,16.6,3,BOS@IND,BOS,IND,,,17.7,18.5,35,1.75797621486,0.396624855187,0.0244034470802,2.0974084403,1.6648756528,2.30113875424,0.474079848969,1.12452970878,3.96601440705,2.93295055902,1.4139180032e-07,6.31298100091,1.55166493499,7.41756619443,18.0,0.00272637850834,4.32475749982e-08,15.4306275047,16.1952828476,7.73061812904,7.36729780939,PF,5100
203096.0,Jared,Sullinger,21.4,3,BOS@IND,BOS,IND,,,32.2,33.75,35,2.22201211617,0.900793351576,3.01455069255,1.80888337511,2.77756847037,3.7443761134,1.01810474182,1.32456890822,6.52194458377,5.21708135739,0.898788558952,11.5248877543,1.32641868704,12.6593699608,27.0,0.0973295737634,1.06438144021e-05,26.3319489141,27.915751169,11.2465190844,11.2699330584,PF,5000
202334.0,Ed,Davis,20.3,4,POR@UTA,POR,UTA,,,10.7,11.0,35,0.7703066299,0.878518960817,9.31489199846e-06,2.2062669894,2.23150547423,3.41324668864,0.504481894974,0.578129387775,5.64475216288,2.45197530942,1.15327234267e-06,4.20616836739,1.05819379169,5.9621455638,19.0,0.0128034505029,5.67438189595e-10,16.0791804279,16.669688484,5.98698311646,5.49258442655,PF,5000
2225.0,Tony,Parker,15.8,4,SA@WAS,SA,WAS,,,24.4,26.5,35,4.33463601421,0.0208619608975,0.827894628113,2.13716742055,0.226714022258,1.13146987138,0.462692342297,2.12419764492,1.35818389364,6.012065824,0.408767888405,11.8064899142,1.73046701891,14.1633665553,30.0,0.0116843525324,2.01413261027e-08,21.1380522105,22.489970761,12.7479705869,12.3666951942,PG,5000
101133.0,Ian,Mahinmi,23.6,3,BOS@IND,IND,BOS,GTD,Back,0.0,0.0,35,0.0,0.0,0.0,0.0,0.0,0.0,0.0,0.0,0.0,0.0,0.0,0.0,0.0,0.0,0.0,,,0.0,,0.842961755442,,C,4900
2037.0,Jamal,Crawford,16.5,4,LAC@GS,LAC,GS,,,17.5,17.75,35,1.65096123632,0.096802973232,3.68683366085,2.7507057606,0.280741874397,0.723213452788,0.633852777759,0.664182434572,1.00395532718,3.83805602535,1.07256858365,9.85250652406,2.49382564098,11.2425062753,20.0,6.56885251711e-06,7.59961293204e-13,15.7208235898,16.6394067186,9.59671640827,9.98575927097,SG,4900
200755.0,J.J.,Redick,19.2,4,LAC@GS,LAC,GS,,,17.7,19.75,35,1.75048949659,0.145316952919,5.26963678286,2.34922664582,0.233942088361,0.518378784346,0.447521358982,0.986478276351,0.752320872707,5.19703343725,2.39499467562,10.5986072304,2.22181440807,15.0108759582,29.0,1.33322345181e-05,1.08630683413e-13,18.7385935978,20.4669661158,11.4776028675,12.4891494756,SG,4900
204001.0,Kristaps,Porzingis,25.7,4,NY@CLE,NY,CLE,GTD,Neck,27.3,28.0,35,0.777088626492,0.888091156913,2.61149922693,2.91098824911,2.1527386111,3.7684991621,1.02368860546,1.39868860399,5.9212377732,3.71191682882,0.595143728528,9.14975442473,2.31307620842,10.3320535946,21.0,0.0496670891133,9.25813245552e-09,21.0280427829,22.3955214993,9.04647343156,9.04548053981,PF,4800
203084.0,Harrison,Barnes,21.3,4,LAC@GS,GS,LAC,,,32.3,34.75,35,2.49975324488,0.304761927531,2.86054571419,2.96116110937,1.55901073256,3.65841577113,0.689179597447,1.1807963762,5.21742650369,5.08264717342,1.04168648958,10.3206508417,2.5729525294,13.7799333658,36.0,0.0342120904278,9.41656861682e-06,24.5975617113,26.0210208548,10.5210833839,10.5616478368,SF,4800
101139.0,C.J.,Miles,20.4,3,BOS@IND,IND,BOS,,,0.0,0.0,35,0.0,0.0,0.0,0.0,0.0,0.0,0.0,0.0,0.0,0.0,0.0,0.0,0.0,0.0,0.0,,,0.0,,0.674015295179,,SF,4800
204038.0,Langston,Galloway,22.6,4,NY@CLE,NY,CLE,,,19.8,22.0,35,2.67732699778,0.232963226117,3.55290176579,2.33867809721,0.998608635514,2.23783893419,1.04052324968,0.969075326199,3.2364475697,3.89100598821,1.73930449059,8.98832912166,1.77292626952,11.2942427365,29.0,0.00163255304898,6.16124992669e-07,20.7718679422,22.2903309071,9.36339275261,10.0081364615,SG,4800
203109.0,Jae,Crowder,22.6,3,BOS@IND,BOS,IND,,,22.7,24.5,35,2.10905415304,0.520734380593,3.88992960182,3.63651301077,1.27673509401,2.66050787405,1.98777345291,1.8388103012,3.93724296806,3.84572495656,1.17044731439,9.23525875145,2.81820014508,11.6800973726,33.0,0.00540109354684,6.18788112284e-07,22.7465755296,24.4561699825,9.46627142888,9.91908078835,SF,4700
203079.0,Dion,Waiters,15.4,4,TOR@OKC,OKC,TOR,,,18.7,20.0,35,1.83081337384,0.207812065152,2.39639496102,1.6454668536,0.656308724624,1.64627461285,0.862603854136,1.36075927843,2.30258333748,3.44559202837,0.779132944048,8.87464570185,1.13993655826,8.81025355906,24.0,8.25676835823e-05,1.60133425471e-09,15.0996461849,16.2848453194,8.73645912567,8.86185309864,SG,4700
203145.0,Kent,Bazemore,21.8,4,BKN@ATL,ATL,BKN,,,26.3,28.0,35,2.05269289949,0.60643867306,3.08283547006,1.88616036131,0.399918181627,2.04124018973,1.36728054718,1.29091469208,2.44115837136,3.55675808709,1.495900293,7.78467778425,1.32357050036,9.93298696755,27.0,0.000169279605426,8.05099961004e-09,18.5979401108,20.1136594655,8.43594753806,8.95011076039,SG,4700
201155.0,Rodney,Stuckey,18.3,3,BOS@IND,IND,BOS,,,12.0,13.25,35,2.66758697888,0.174520511953,1.57760416876,3.09982923696,0.479794736773,1.88131000456,0.824876573482,1.79906553814,2.36110474133,4.85340915769,0.519985336067,10.7272789606,2.59179153825,12.8185951897,27.0,0.000509507587023,6.50726863405e-08,19.8530299803,21.1313751111,11.0962804832,10.8792051124,SG,4700
203124.0,Kyle,O'Quinn,21.9,4,NY@CLE,NY,CLE,,,19.5,20.75,35,1.4863438739,1.03930871458,0.674746252493,1.19448661739,1.84091260889,1.91033568386,0.721640161985,1.36227733243,3.75124829275,3.09748892364,0.148993607426,6.10781338207,0.918647861057,7.26261931577,19.0,0.00180540418739,7.12464771087e-09,16.1532534986,17.0991595108,7.18458350996,6.77724078464,C,4700
203086.0,Meyers,Leonard,15.5,4,POR@UTA,POR,UTA,,,6.0,6.0,35,0.478748083787,0.294825340642,1.37741956904,0.505690597759,0.496410988157,0.964993116157,0.159027593007,0.484642495921,1.46140410431,1.31295138082,0.37146930367,3.11634499291,0.437348588541,3.43472065385,11.0,1.66899298421e-07,1.90150075539e-17,6.32959107609,6.83071743145,4.05954280171,4.1043780566,C,4600
201167.0,Arron,Afflalo,19.3,78,NY@CLE,NY,CLE,O,Hamstring,0.0,0.0,35,0.0,0.0,0.0,0.0,0.0,0.0,0.0,0.0,0.0,0.0,0.0,0.0,0.0,0.0,0.0,,,0.0,,0.525658574592,,SG,4600
2738.0,Andre,Iguodala,21.3,4,LAC@GS,GS,LAC,,,20.5,21.25,35,3.95607963518,0.339654612335,3.52943054815,1.74810299469,1.10274574595,2.14721839019,1.50994211025,1.1587140447,3.24996413615,3.60520851385,1.01328361329,7.97529996275,0.97984919985,9.20354984084,32.0,0.00502954473859,7.86397849689e-06,21.5781056575,22.8341706023,8.37396543141,8.69798009433,SF,4600
201574.0,Jason,Thompson,11.2,2,LAC@GS,GS,LAC,,,0.0,0.0,35,0.0,0.0,0.0,0.0,0.0,0.0,0.0,0.0,0.0,0.0,0.0,0.0,0.0,0.0,0.0,,,0.0,,0.791875292705,,PF,4600
1938.0,Manu,Ginobili,22.3,4,SA@WAS,SA,WAS,,,19.4,20.5,35,4.04554438118,0.249267748589,3.58376823947,2.21640993446,0.32191252453,1.38241424797,1.14518694649,2.03350275491,1.7043267725,3.8828516697,1.41151041799,8.3070070764,1.67204819997,10.8492619574,22.0,0.0057656070928,7.26181416273e-08,19.7181772914,21.5345488449,9.00394980507,9.50811751226,SG,4600
201941.0,Jordan,Hill,15.4,2,BOS@IND,IND,BOS,,,30.0,33.0,35,1.08909562419,0.531722761291,0.100343651219,2.58737577947,3.10892782713,3.78151405635,0.782748212964,1.36436809247,6.89044188348,5.28068299934,0.0268901161222,11.5291769812,1.90992503348,12.4981811483,29.0,0.125185255386,3.17254295176e-08,23.6649287008,24.8928578775,12.8282459603,12.4594276148,C,4500
201577.0,Robin,Lopez,20.0,4,NY@CLE,NY,CLE,,,10.8,12.5,35,1.45815977109,1.27212720757,0.00914198150334,1.7927156471,2.75705945187,3.04027721232,0.24638502119,1.99863977338,5.79733666418,4.29052761397,9.44029481964e-08,8.56189679019,1.51828433966,10.099339662,28.0,0.0435816209982,1.81900771036e-07,20.2817679998,21.6363277441,10.0776463256,9.64443476547,C,4500
203095.0,Evan,Fournier,24.6,3,ORL@HOU,ORL,HOU,,,43.2,45.5,35,3.31398916354,0.0319052467793,6.965456236,4.01805290284,0.61961105949,3.29678436873,1.40001593582,1.96577664789,3.91639542822,8.30461408993,2.49235970128,18.0192298548,2.88175585597,21.9833437371,46.0,0.00920355651482,1.57920133437e-05,32.5520677136,34.9908083704,16.9325267759,17.8554696366,SG,4500
203918.0,Rodney,Hood,23.9,3,POR@UTA,UTA,POR,,,20.4,20.5,35,2.13784724471,0.160864066491,3.86112004131,1.39364270242,0.399463114481,0.89412830417,0.823359666931,1.04090843154,1.29359141865,4.09177836138,1.14183701696,9.43945489269,1.1373871503,10.46278089,23.0,5.1191088923e-05,5.76044125539e-11,16.1494004948,17.3055295768,9.44515193696,9.83596161999,SG,4500
203991.0,Clint,Capela,17.9,4,ORL@HOU,HOU,ORL,,,19.5,19.75,35,0.591479966379,1.52152839013,0.166077624846,2.61802700592,2.03289486067,2.6733455099,0.574222737149,1.07813002042,4.70624037056,3.01390602328,0.045739276998,5.67270524605,1.02366473466,7.09721605822,19.0,0.00718125720721,3.3285866852e-08,16.7452966866,17.5533153395,7.24238695057,6.79874738749,C,4500
202389.0,Timofey,Mozgov,16.2,4,NY@CLE,CLE,NY,,,16.6,16.75,35,0.657255292812,1.12894477141,0.140577564038,2.25288660605,1.86069681103,2.65468653288,0.230339089819,1.26601205736,4.5153833439,3.34713774194,0.0151322760945,6.36769154849,1.82130640512,8.53071416511,22.0,0.00820342195912,2.75544811479e-09,16.3876127821,17.2662592572,7.90403274011,7.44297060108,C,4500
203471.0,Dennis,Schroder,22.2,4,BKN@ATL,ATL,BKN,,,27.6,31.25,35,4.7349170621,0.0416769699736,2.95329252264,2.66360935584,0.499650073079,1.50270199746,1.01935338881,2.80569279734,2.00235207054,5.26337559639,0.934210349632,12.5751728827,2.22285524581,13.6838167882,28.0,0.0194420215723,9.1350635464e-07,22.5053827863,24.5046177361,12.0864401719,12.1422305209,PG,4500
200782.0,P.J.,Tucker,10.3,4,SAC@PHO,PHO,SAC,,,13.0,15.5,35,1.02292966589,0.118997033276,2.13169542259,1.45109000784,0.91339765488,1.37663337213,0.86256912936,0.807052277054,2.29003102701,2.04615380788,0.753860542851,4.55486689098,0.861739895323,5.70790805393,21.0,2.85944811654e-05,4.73264701204e-12,11.1464198334,12.0414206864,5.6361571969,5.90084063501,SF,4400
203080.0,Thomas,Robinson,12.8,4,BKN@ATL,BKN,ATL,,,5.2,5.25,35,0.425566569486,0.344848436087,0.0170127429692,1.16055721979,1.16513040825,1.57022609677,0.40218023226,0.741484926063,2.73535650502,1.41114373877,0.000415745753093,2.94583400029,0.592299008639,3.41500223193,10.0,1.95837327767e-05,1.22321638533e-15,8.08835230281,8.59609983957,4.32697244388,3.9979967995,PF,4400
2746.0,Josh,Smith,13.1,4,LAC@GS,LAC,GS,,,8.9,10.5,35,1.40369796546,0.897135398958,1.33819873987,1.55798231516,0.914660377433,1.36425368354,0.396283735223,1.41349303003,2.27891406097,1.96020298619,0.446433058561,4.99188977771,0.779164363402,5.14600339434,13.0,2.09209527964e-05,4.81728459759e-11,11.159592454,12.203532583,5.61339173419,5.62905161923,PF,4400
202682.0,Derrick,Williams,16.6,4,NY@CLE,NY,CLE,,,8.4,9.5,35,0.346403079869,0.11813904793,1.22364762479,1.88159328117,0.402517556962,0.674374079898,0.268762829065,0.565030676552,1.07689163686,1.91568409275,0.376084224891,4.37112712102,1.33578967617,5.54324208656,11.0,3.89907060327e-08,2.1173266948e-19,7.56388974803,8.08829183908,5.27210369419,5.19753521369,PF,4400
203089.0,John,Henson,7.7,1,PHI@MIL,MIL,PHI,O,Achilles,0.0,0.0,35,0.0,0.0,0.0,0.0,0.0,0.0,0.0,0.0,0.0,0.0,0.0,0.0,0.0,0.0,0.0,,,0.0,,0.984381545708,,PF,4400
1626170.0,Jerian,Grant,19.6,4,NY@CLE,NY,CLE,,,10.2,10.25,35,2.33259739495,0.105949903483,0.731532403687,1.83744414387,0.417545035958,2.03026524388,0.669623882466,0.997861276086,2.44781027984,2.13724525203,0.195664565859,4.78214072315,1.45805638365,5.92821145357,17.0,8.22221901094e-05,7.8553514373e-09,12.9177661776,13.6370429694,5.77420674804,5.5289511635,PG,4400
203499.0,Shane,Larkin,14.8,4,BKN@ATL,BKN,ATL,,,5.4,7.5,35,2.51775815137,0.188397809491,0.838596681589,0.814510992864,0.179916095804,0.59484595682,0.821886783692,1.13332354069,0.774762052624,2.00009594651,0.212985106265,4.37977904249,0.569428026184,4.78260502547,17.0,3.54537925757e-05,1.02965819153e-12,10.3762023614,11.0881479682,5.27476993534,5.02956683854,PG,4300
202349.0,Greivis,Vasquez,17.9,4,PHI@MIL,MIL,PHI,,,20.7,21.75,35,4.05848618251,0.0614051210441,3.61476881999,1.69260753352,0.374171313748,0.997581018249,0.521328818698,1.47101604683,1.371752332,2.66797793677,1.07145525725,7.73121897828,1.51336738074,7.92077851153,22.0,0.00364541220005,6.85655284721e-09,15.3490624164,16.6943538239,7.84768580428,8.45066190925,PG,4300
202325.0,Wesley,Johnson,8.8,4,LAC@GS,LAC,GS,,,5.0,5.5,35,0.387762422737,0.190938987992,1.20832750911,0.387159014184,0.25385662134,0.647189040925,0.233681537133,0.273446670378,0.901045662265,1.33222636693,0.374535166313,2.94622330819,0.31947585958,3.35846375975,10.0,2.10531225321e-09,3.16060947418e-20,5.59715656844,5.96619977306,3.9833662673,3.99736225442,SF,4300
203092.0,Tyler,Zeller,7.1,3,BOS@IND,BOS,IND,,,2.7,2.75,35,0.199208281439,0.0903033186462,0.000263277318068,0.325295012018,0.225351275773,0.240334484497,0.0271978907748,0.140775093041,0.46568576027,0.562369848892,2.42611241502e-05,1.10234619382,0.275714346722,1.40047830563,3.0,7.93662123619e-14,1.7964638795e-27,2.35234096591,2.44602493101,2.34037448534,2.07689434124,C,4300
101181.0,Jose,Calderon,9.6,4,NY@CLE,NY,CLE,,,12.1,12.75,35,4.00621591101,0.00866853668176,3.44196477154,0.759479233795,0.361581868491,0.883374240836,0.750392532706,1.53113918873,1.24495610933,2.92080168079,1.29529227154,7.98858935444,0.713779614241,7.85067524737,29.0,0.00331045643091,2.67186661806e-09,15.3409293951,16.8213586234,8.11043358864,8.75637798499,PG,4300
203521.0,Matthew,Dellavedova,23.5,4,NY@CLE,CLE,NY,,,16.1,18.25,35,5.30613395666,0.0291090263804,3.18449984982,0.869822574871,0.931607780999,1.33261778647,0.60016182013,1.32909379645,2.26422556747,2.64583740634,1.29873225285,6.56104866914,0.659978715833,7.25038578136,27.0,0.0155179796886,1.96536491746e-06,17.8561052939,19.3065124625,7.32858037941,7.98414388949,PG,4200
201980.0,Danny,Green,16.4,4,SA@WAS,SA,WAS,,,16.6,20.25,35,1.81955484427,0.868040338003,5.45170961995,1.31218089153,0.833356241462,2.371369974,1.15143221326,1.49238296758,3.20472621546,3.29851201774,1.75441290257,8.85965761118,1.0121792477,9.36361618576,29.0,0.000963871218088,2.06257273436e-08,18.4851820457,20.2702621602,9.82862372733,10.9801524019,SG,4200
2403.0,Nene,Hilario,14.5,3,SA@WAS,WAS,SA,,,10.6,11.75,35,1.71799495161,0.201054049782,0.0410839505901,2.81932748609,0.851049317045,1.78056957968,0.712512856586,1.35927111178,2.63161889673,3.29163122441,0.00819676318145,6.48439123591,1.54455728684,8.13601649885,20.0,0.000182411156177,2.3150023405e-09,14.3388143033,15.1544028093,8.09633355356,7.67143330085,PF,4200
2549.0,Chris,Kaman,18.3,74,POR@UTA,POR,UTA,,,0.0,0.0,35,0.0,0.0,0.0,0.0,0.0,0.0,0.0,0.0,0.0,0.0,0.0,0.0,0.0,0.0,0.0,,,0.0,,0.836084764936,,C,4200
2561.0,David,West,6.7,4,SA@WAS,SA,WAS,,,4.9,5.5,35,1.28177077992,0.225014784328,0.0894850062742,0.756828828799,0.709691134489,0.871389985014,0.275634178288,0.926087639582,1.5810811195,1.93566621685,0.0181595355086,3.94016084301,0.562790801066,4.45228277027,12.0,6.67000960232e-07,5.94804853672e-13,8.34744656921,8.89862521323,5.2761828716,4.90307865916,PF,4200
203500.0,Steven,Adams,15.8,4,TOR@OKC,OKC,TOR,,,25.9,27.25,35,1.00492743935,1.53317044741,0.0169850363604,2.43458044521,2.7562083929,3.1230203271,0.605308285134,1.55711138445,5.87922871999,3.02767509452,0.00166054263139,5.24994552754,1.23436299115,7.29137372282,27.0,0.0258307599099,1.30882230322e-07,18.5736854265,19.6857793585,7.02276197192,6.50887135158,C,4200
1718.0,Paul,Pierce,14.2,4,LAC@GS,LAC,GS,,,8.4,8.5,35,1.12923980342,0.142116875622,2.79088574102,2.22533802612,0.322613861403,1.62968367783,0.489633031168,0.835448344916,1.95229753923,2.33459551052,0.889442298342,5.48980150941,1.74792645646,7.30655977585,18.0,1.33731649553e-05,4.43489747282e-12,11.7712279967,12.7313082551,6.51275249494,6.90553025739,SF,4100
2564.0,Boris,Diaw,17.2,4,SA@WAS,SA,WAS,,,6.7,6.75,35,2.07278811441,0.28441355463,1.12070743856,0.840481029041,0.423604373719,0.827034640613,0.345698531208,0.936804500628,1.25063901433,2.12087723276,0.423695376061,4.39309089859,0.567713123027,5.2331629646,15.0,1.02187095165e-05,8.39246017838e-12,10.1665316245,10.9093288416,5.37200225424,5.2571585681,PF,4100
201571.0,D.J.,Augustin,19.3,4,TOR@OKC,OKC,TOR,,,0.5,2.5,35,2.22808416159,0.0126258260812,1.66765336136,1.42326712921,0.184127508974,0.488266566654,0.409705006955,1.159275326,0.672394075629,1.85285674111,0.718643418602,4.15170049769,1.20893349214,5.63329039295,13.0,2.18701489346e-05,6.24325578911e-14,9.46767586617,10.4402877475,5.24265623039,5.46859361646,PG,4100
203932.0,Aaron,Gordon,21.5,3,ORL@HOU,ORL,HOU,,,31.1,32.0,35,1.22888884148,1.16926647433,1.71295592638,4.18587758794,2.52695244671,3.24315810996,0.918705185502,1.71821210597,5.77011055666,4.53099713521,0.455093279285,9.27763456356,3.00576489063,12.5228524403,32.0,0.0545468731054,6.65709977609e-08,23.7480495843,25.2050283141,9.92115242073,9.64790714614,PF,4100
202335.0,Patrick,Patterson,14.5,3,TOR@OKC,TOR,OKC,,,20.9,22.0,35,1.3945917605,0.454986893393,3.47758787402,0.689231870275,0.911788503949,1.935800849,0.815720472581,0.787540350058,2.84758935295,2.76394375103,1.4245557334,6.30260039717,0.575509145439,7.5279523809,23.0,0.000281373931903,6.14676025914e-10,14.7908216271,16.0396711992,7.4973865137,8.23381811589,PF,4100
2449.0,Luis,Scola,15.9,3,TOR@OKC,TOR,OKC,,,11.5,11.75,35,0.995011616693,0.193871605564,0.337496234305,1.65169821643,1.61760100289,3.06784978762,0.659397114715,1.07999460711,4.68545079052,3.24488414291,0.170147261933,6.98437342396,1.130832504,7.79074805177,19.0,0.00857586232207,9.3324979253e-10,15.5323492589,16.4045565292,8.1325676792,7.81675069266,PF,4100
201196.0,Ramon,Sessions,16.8,3,SA@WAS,WAS,SA,,,14.9,16.0,35,2.28985322353,0.00555184821984,0.988946734252,2.99425718135,0.285622994217,0.621240277277,0.612480999237,1.08912795169,0.906863271495,1.93673282792,0.38456095556,4.85682879248,2.40559044085,6.66361705226,16.0,3.82639530586e-05,1.78890401558e-12,11.3335705566,12.1158155697,5.75138988124,5.70509674297,PG,4100
201147.0,Corey,Brewer,20.5,4,ORL@HOU,HOU,ORL,,,16.3,16.5,35,3.06254870572,0.411427747695,3.51269180982,3.67646833227,1.06205226429,2.59173603505,1.98295989438,1.633000966,3.65378829934,4.86740906109,0.799989196734,12.9966147291,2.44647389118,12.9812812101,35.0,0.00465804749445,4.80208933324e-06,25.115424546,26.5216105199,12.0094270794,12.1198119898,SF,4100
200757.0,Thabo,Sefolosha,17.5,3,BKN@ATL,ATL,BKN,O,Ankle,16.6,17.25,35,1.67708578824,0.420657442338,1.62458748005,1.30194886711,1.11037911381,1.7618129478,1.34001382114,0.996471254833,2.87219206161,2.25770997429,0.618786110664,5.27516601104,0.814040466791,5.94824652603,22.0,0.000181397831765,2.18365833979e-09,14.4353769545,15.3868873436,5.98274807264,6.07176317334,SF,4100
203458.0,Alex,Len,11.4,4,SAC@PHO,PHO,SAC,,,23.9,26.25,35,0.494977832072,1.19682382636,0.0334678319563,2.25068982587,2.3433050317,2.99336892978,0.601729565785,1.67708294959,5.33667396148,2.94346702223,0.0100894142544,6.43127724142,1.47377164776,7.37079510647,22.0,0.0159620855088,8.99998686624e-09,16.437294443,17.5716574783,7.82803365523,7.47928942981,C,4000
203463.0,Ben,McLemore,7.4,3,SAC@PHO,SAC,PHO,,,9.9,12.0,35,0.688807424955,0.0644045943784,1.75837885475,0.709148236778,0.166811398372,0.507024896839,0.311208392156,0.798445951034,0.67383629521,1.77407144862,0.634632570593,4.3137586914,0.607454608165,4.790230076,14.0,8.62678490595e-10,1.37434516963e-18,6.58482478972,7.33505586659,5.11735657981,5.33839972231,SG,4000
201956.0,Omri,Casspi,18.8,3,SAC@PHO,SAC,PHO,,,14.3,16.5,35,1.38649802294,0.0859648306918,1.43943065104,2.54619364085,0.911179153483,2.15045671301,0.57847460062,1.4081405516,3.06163586649,2.81199194402,0.69816089313,6.05454453208,1.60094948938,7.92309427055,20.0,0.000522405422167,1.07776181401e-09,13.5975426558,14.8045587828,6.93630657083,6.93957591454,SF,4000
201978.0,Chase,Budinger,8.2,3,BOS@IND,IND,BOS,,,11.3,12.0,35,1.12670873954,0.0989902856191,2.35996011046,0.836047645107,0.423836639461,1.04905340689,0.601031049286,0.584051902798,1.47289004635,2.16806139522,0.804081341181,5.31999336975,0.689385576331,5.82958970796,19.0,8.33397221733e-07,2.50484009118e-13,10.1031116399,10.8708240143,6.0322310468,6.36705267371,SF,4000
2743.0,Kris,Humphries,11.6,3,SA@WAS,WAS,SA,,,14.2,15.0,35,0.952766152682,0.334007399079,0.914054656162,1.9573595726,1.76215122486,2.69415886458,0.484130436447,0.932183975569,4.45631008945,3.22110284278,0.279602291917,7.16113000302,1.6108582383,8.33266621577,23.0,0.00722674509308,5.18886049209e-10,15.8134792476,16.653028005,7.93955688106,7.68056884454,PF,4000
202711.0,Bojan,Bogdanovic,15.7,4,BKN@ATL,BKN,ATL,,,14.2,16.25,35,1.02400099405,0.0705466096902,3.1484885826,1.82223385894,0.452743862716,1.18044941852,0.52285964034,1.43905952977,1.63319328123,3.95001744028,0.999048819738,8.53075502499,1.33226502379,10.2313487241,25.0,5.31614620739e-06,7.24459284332e-13,13.4749351229,14.775656936,8.81000350616,9.01860101935,SF,4000
202687.0,Bismack,Biyombo,14.7,3,TOR@OKC,TOR,OKC,,,13.0,14.25,35,0.157671326412,1.38739254722,1.50593520927e-05,2.67315539483,2.62780855666,2.92603802465,0.173799597236,0.89989134412,5.55384658131,1.70744661058,4.14987827554e-06,3.60614128852,1.58131455941,4.99621193045,19.0,0.00675771382052,1.4037904914e-08,14.1198277624,14.8576044513,5.21101273631,4.89247069878,C,4000
202344.0,Trevor,Booker,7.8,2,POR@UTA,UTA,POR,,,9.6,9.75,35,0.498818161009,0.311289381841,0.525256829416,0.869373799198,1.03450149868,1.32331743493,0.379485361575,0.522721065784,2.35781893361,1.55786787445,0.160872750429,3.85355445532,0.506569743721,3.78317824306,13.0,1.03879787526e-05,1.88039253654e-15,8.21961662595,8.67932006271,4.68951674887,4.51126851172,PF,4000
200745.0,Andrea,Bargnani,12.0,4,BKN@ATL,BKN,ATL,,,2.0,3.0,35,0.381501416272,0.284175155399,0.52697347001,1.26639949685,0.527210586248,0.603638060104,0.0681835861751,0.633437132161,1.13084864635,1.91521381894,0.179678889281,4.24937541844,1.06434585318,5.07445238034,10.0,4.65010606157e-08,6.25894026651e-19,7.07500323135,7.53810374414,5.28044005398,5.03978632975,C,4000
201168.0,Tiago,Splitter,14.4,4,BKN@ATL,ATL,BKN,,,14.6,15.75,35,1.40515829651,0.516277846664,0.00399041418549,2.19783296877,1.66170473739,2.25072492661,0.786413030848,1.19063148439,3.91242966399,3.17824600443,6.30258255192e-06,5.95355958191,1.72858356045,8.08508187189,20.0,0.00298328444689,6.9618494902e-09,16.3024851841,17.0979005083,7.61810987117,7.15754192506,C,4000
203501.0,Tim,Hardaway Jr.,16.7,70,BKN@ATL,ATL,BKN,,,0.0,0.0,35,0.0,0.0,0.0,0.0,0.0,0.0,0.0,0.0,0.0,0.0,0.0,0.0,0.0,0.0,0.0,,,0.0,,0.561033765165,,SG,3900
203924.0,Jerami,Grant,17.7,3,PHI@MIL,PHI,MIL,,,28.9,29.25,35,1.35995295583,1.22536010971,2.22108039281,3.13283963567,0.776777077173,2.09017816103,0.685214834579,1.31911078429,2.8669552382,2.41211333097,0.587478264231,6.62305662903,2.16232791181,7.57403283799,23.0,0.000293259894167,7.14163324192e-10,15.5563476619,16.65342984,6.92981603082,7.07095055362,PF,3900
203138.0,Hollis,Thompson,19.3,3,PHI@MIL,PHI,MIL,,,12.3,15.5,35,1.61612292652,0.317798720148,4.3941729465,1.55264187994,0.87130168416,1.74315530813,0.697135934247,1.45162703866,2.61445699229,3.11375286947,1.66216465212,8.08158960918,1.2281574965,9.11782788755,28.0,0.000205879096227,1.57179486887e-09,15.2576029382,16.9455304566,8.88767885498,9.84065878464,SF,3900
203960.0,Jakarr,Sampson,9.8,3,PHI@MIL,PHI,MIL,,,4.4,5.5,35,0.835411576531,0.256405090335,1.39043004675,1.29211434221,0.495217654156,1.10846041662,0.517783747741,1.23428237464,1.60367807078,2.00394905759,0.377499024303,4.57657474872,0.917178986605,5.30257612609,16.0,1.18980573168e-06,2.56751957077e-14,8.79420247733,9.68027886505,5.34849454674,5.26396923039,SF,3900
201977.0,Marcus,Thornton,23.7,2,ORL@HOU,HOU,ORL,,,27.1,28.75,35,1.54978305581,0.171356733856,5.78080000409,1.43130303992,1.02070983371,1.43330409477,0.90368743866,1.12794701687,2.45401392849,5.694479997,2.31270798428,13.2586705355,1.17330790443,14.8749758827,29.0,0.000211265099884,1.1311894733e-09,21.1666085088,23.0099536068,13.0368188069,14.0501382684,SG,3900
203482.0,Kelly,Olynyk,14.7,2,BOS@IND,BOS,IND,,,5.4,6.0,35,0.729854261992,0.393883541737,1.58051743384,0.995057442928,0.75882176598,1.0263979615,0.537214139538,0.771460345863,1.78521972748,1.75877681669,0.418964314599,4.21758095632,0.687415129466,4.62393307745,11.0,2.09801196434e-06,1.35386895453e-14,8.9517131601,9.63618962373,4.98753799622,5.00631522411,C,3900
203088.0,Kendall,Marshall,10.3,28,PHI@MIL,PHI,MIL,O,Knee,0.0,0.0,35,0.0,0.0,0.0,0.0,0.0,0.0,0.0,0.0,0.0,0.0,0.0,0.0,0.0,0.0,0.0,,,0.0,,0.899244200232,,PG,3900
201585.0,Kosta,Koufos,20.8,3,SAC@PHO,SAC,PHO,,,29.4,30.25,35,0.722334694021,1.32472903986,0.000111349529378,1.20369704896,3.09209507314,3.37615462661,0.631298869657,1.28362763672,6.46824969975,4.48352560051,3.2086702391e-06,8.0491237029,0.749844175045,9.71689858474,28.0,0.0685969269041,9.54521456624e-08,21.1907284478,22.2588520322,9.67852548397,9.1554221365,C,3800
203082.0,Terrence,Ross,17.4,3,TOR@OKC,TOR,OKC,,,4.4,5.5,35,0.652631721527,0.108923491686,2.82115790286,0.536609993062,0.198724420042,0.70588286658,0.402264280147,0.586434517822,0.904607286622,2.24348345884,1.02665222187,5.34846778352,0.483230302814,5.99684944236,14.0,1.10600539705e-08,2.27831309489e-17,8.49726679444,9.34904054521,6.34863008961,6.8747596968,SG,3800
2400.0,Drew,Gooden,17.1,3,SA@WAS,WAS,SA,,,5.6,5.75,35,0.433109343371,0.176650155631,0.656092563351,0.436214513863,0.802138758466,0.926641895626,0.248109260343,0.291731300006,1.72878065409,1.04467303559,0.206304063834,2.68461153208,0.358213454061,2.65386358908,8.0,2.86646125704e-07,1.24412923653e-17,5.93585192099,6.27130906559,3.53418245469,3.47500684056,PF,3800
201627.0,Anthony,Morrow,7.8,4,TOR@OKC,OKC,TOR,,,0.0,0.0,35,0.173091213239,0.0270204666523,1.10614456925,0.217838082773,0.0955429479099,0.201123428831,0.260539879959,0.149082127133,0.296666376741,0.845469296233,0.463396828054,1.93409946037,0.1922409786,2.34657639912,6.0,3.02052288464e-14,7.52754877593e-27,3.38825143716,3.70932423359,3.21185334605,3.47450919065,SG,3800
203488.0,Mike,Muscala,0.2,1,BKN@ATL,ATL,BKN,GTD,Ankle,0.0,0.0,35,0.0928049873219,0.076847079466,0.0851408746684,0.108595389853,0.189745400181,0.196967867461,0.0563187467884,0.0917103674811,0.386713267642,0.309702165323,0.0271011661286,0.622814826621,0.0954828385303,0.741988335304,2.0,1.96708376187e-15,2.74087876433e-32,1.51987302249,1.59861445267,1.75005907611,1.59720161224,PF,3800
202709.0,Cory,Joseph,12.5,3,TOR@OKC,TOR,OKC,,,23.3,24.0,35,3.33167604746,0.189189206068,0.779523630796,2.28842404879,0.575749715539,1.22669667622,1.15804874595,1.37917417609,1.80244639176,3.24949786688,0.270195145257,6.69101336814,1.70614364013,8.47533451914,26.0,0.00109682940091,2.17864007442e-08,16.9510859884,17.8675382781,7.73855114088,7.42803095481,PG,3800
201564.0,O.J.,Mayo,19.0,71,PHI@MIL,MIL,PHI,O,Hamstring,0.0,0.0,35,0.0,0.0,0.0,0.0,0.0,0.0,0.0,0.0,0.0,0.0,0.0,0.0,0.0,0.0,0.0,,,0.0,,0.744187689592,,SG,3800
203917.0,Nik,Stauskas,19.5,2,PHI@MIL,PHI,MIL,,,24.4,28.25,35,2.37772331641,0.346810168661,6.78433001586,2.76575062171,0.392291994412,2.21771723576,0.601064873182,1.84258561032,2.61000923017,3.99386329618,2.1233668903,11.1004987757,2.40569634804,12.5167898307,35.0,0.000436314674899,5.50579636388e-08,19.2685503549,21.3826817039,11.8700774907,13.2925876953,SG,3800
1626154.0,RJ,Hunter,0.0,0,BOS@IND,BOS,IND,,,1.0,1.5,35,0.748455884824,0.210798810503,1.12030475826,0.900499595656,0.443501272825,1.34805624698,0.386426234715,0.75618784123,1.7915575198,1.48512374997,0.277076144753,3.60456440616,0.66343890211,3.9107625468,13.0,1.27920978508e-06,9.88184958618e-15,7.621577647,8.2277894348,4.39726701064,4.31500143716,SG,3800
201160.0,Jason,Smith,10.6,2,ORL@HOU,ORL,HOU,,,9.0,9.5,35,0.632859783845,0.34593180791,0.263554938919,0.851453767853,0.485677976102,0.675829340827,0.185713854547,0.538639224241,1.16150731693,1.62182230902,0.107485414405,3.66552636796,0.689766761722,4.04089679418,10.0,2.97693398316e-08,4.75955484754e-17,6.90864735093,7.28978508076,4.76272562331,4.51274804496,PF,3800
201578.0,Marreese,Speights,15.8,4,LAC@GS,GS,LAC,,,14.0,14.75,35,0.881973056273,0.515638430441,0.248221184469,2.13412371148,1.21434201945,1.98716665796,0.176474678899,0.944517851533,3.20150867742,3.60371261364,0.0503306971922,7.74748700122,1.74516750039,9.00292342487,15.0,0.000913606654911,3.245986265e-11,14.6074017893,15.2662719076,8.98259494263,8.60982724317,PF,3800
201976.0,Patrick,Beverley,13.5,4,ORL@HOU,HOU,ORL,,,7.4,8.0,35,1.06345329408,0.101900540148,2.13334797048,0.279383931459,0.436212472812,1.03835852046,0.497664541862,0.776104729781,1.47457099327,1.44989162023,0.774094320823,3.75251138184,0.211996588208,3.88587414949,12.0,3.20632524376e-07,5.92113091142e-14,7.67356471678,8.52239327269,4.86674950313,5.33469602781,PG,3800
201162.0,Jared,Dudley,12.6,2,SA@WAS,WAS,SA,,,8.9,9.5,35,1.23244155961,0.154770110466,1.71569326368,0.635675976987,0.322218019419,1.15579512948,0.730981197153,0.674459288729,1.4780131489,1.74075506262,0.616984904788,3.69373976681,0.421088069985,4.5195831,17.0,5.07583011958e-07,3.11069832966e-13,9.23890454461,9.95852806019,4.85701173459,5.02255316806,SF,3800
2571.0,Leandro,Barbosa,10.4,4,LAC@GS,GS,LAC,,,10.7,11.25,35,1.24388022251,0.138078791693,1.27140502618,0.891059909286,0.267967618604,0.321182380933,0.538792018509,0.557982964677,0.589149999537,2.36965115479,0.557249795006,4.89526573803,0.668961872581,5.96551397717,13.0,1.78890647951e-07,2.07648322091e-16,9.33407296611,9.92114711426,5.82699778587,5.77978892556,SG,3800
201158.0,Marco,Belinelli,17.4,3,SAC@PHO,SAC,PHO,,,22.9,24.5,35,2.39765480063,0.0333227703554,4.53389282202,2.32574560827,0.256777918203,0.948850387774,0.6737822739,0.988232498975,1.20562830598,3.49685356465,1.67645773001,8.98770107873,1.91021422438,10.5803790837,26.0,0.000127393754327,7.66634701657e-11,16.0495928413,17.442410462,9.52678586337,10.4296744918,SG,3800
203473.0,Dewayne,Dedmon,14.7,2,ORL@HOU,ORL,HOU,,,20.9,21.75,35,0.32833111812,1.84025103535,0.031089321529,1.45686262536,3.24306484614,4.21919441976,0.683637980974,1.31733029401,7.4622592659,2.85456643515,0.00660658620496,5.62340708849,0.818699876663,6.53443933316,26.0,0.0575563218739,1.34281661812e-06,19.712094868,20.8335147827,7.12315298265,6.71409588409,C,3700
201988.0,Patrick,Mills,14.2,4,SA@WAS,SA,WAS,,,4.7,5.75,35,2.0712707773,0.0408611570014,4.05534200168,0.811740039098,0.409089262672,0.990593167537,0.629496078731,0.944536243111,1.39968243021,3.23013692531,1.63066523115,7.47839925117,0.630027568729,8.72096665049,21.0,3.07848993289e-05,6.67117285602e-11,13.9036699611,15.2613009972,8.5176330008,9.36401085277,PG,3700
2760.0,Anderson,Varejao,7.0,4,NY@CLE,CLE,NY,,,3.4,4.0,35,0.295521152417,0.1021089617,0.036180921878,0.302918873993,0.480622024467,0.636275522738,0.155017675967,0.307484835947,1.1168975472,0.75867836518,1.55653402609e-07,1.47187233218,0.219182739795,1.73653962581,5.0,7.40207941241e-10,7.93819055557e-22,3.72686685047,3.93645422474,2.76628038775,2.45558186111,C,3700
202720.0,Jon,Leuer,18.3,4,SAC@PHO,PHO,SAC,,,8.6,9.25,35,0.863958846748,0.183907659887,0.909387074853,1.17746415288,0.907159809797,1.95272713822,0.286172865878,0.492871414439,2.85988694802,2.30027065637,0.399502126375,4.92292229756,0.698570703577,5.69861414268,15.0,0.000153389060308,4.47726765009e-12,10.8737063875,11.4631175889,5.85590474939,5.7140483173,PF,3700
203459.0,Allen,Crabbe,9.9,4,POR@UTA,POR,UTA,,,4.6,4.75,35,0.98389347902,0.269884539963,2.59874307374,0.669972883637,0.301546266315,0.732834352651,0.714220583465,0.648064712592,1.03438061897,1.96773852832,0.739486859324,5.36152418065,0.500351847131,5.17531576309,21.0,4.17796178987e-08,2.61224959106e-15,9.21255825864,9.95805313822,5.88605620722,6.27025599299,SG,3700
2756.0,Sasha,Vujacic,17.4,4,NY@CLE,NY,CLE,,,11.8,13.5,35,1.86110963699,0.115416715069,3.48936631739,0.938366841782,0.689376151004,1.42337716324,0.853576502439,1.21400660887,2.11275331425,2.85343253413,1.07957992665,7.74023156967,0.7542155551,7.54066055001,22.0,3.68162985534e-05,6.98593938364e-10,13.5916088087,14.8440949688,7.88764992043,8.43731698201,SG,3700
203933.0,T.J.,Warren,14.8,4,SAC@PHO,PHO,SAC,,,21.8,23.0,35,1.08234945166,0.242983393402,1.59119384144,1.15789592255,1.65188238391,2.54560015842,0.69506166718,1.05152814842,4.19748254233,5.06613231316,0.443309466129,10.4951777034,0.731825612751,11.3073997052,27.0,0.0077273997663,1.79362685447e-09,18.7924649062,19.7613489456,10.8333334485,10.5291196227,SF,3700
202338.0,Kevin,Seraphin,4.4,1,NY@CLE,NY,CLE,,,6.0,6.0,35,0.417545726065,0.486880244503,0.0129084219038,0.594492774399,0.667201886727,0.773367930011,0.0734035678346,0.720426280124,1.44056981674,1.88565755934,1.06951592873e-05,3.75154822649,0.428777151894,4.20010296574,10.0,2.089974665e-07,3.40654717489e-17,6.95524667948,7.38749397145,5.14010285315,4.75184965786,PF,3700
2733.0,Shaun,Livingston,10.2,4,LAC@GS,GS,LAC,,,10.1,11.25,35,2.63592660389,0.238813051989,0.0183500492646,1.28871509255,0.428547279964,0.789300027666,0.560346131821,1.10380030483,1.21784730763,1.88955222409,0.00057619428863,4.15033287229,1.00565513885,4.78533578132,17.0,4.55991066464e-05,2.99422938422e-11,10.6951605191,11.3083095328,5.47345369589,5.14456291613,PG,3700
204060.0,Joe,Ingles,10.1,3,POR@UTA,UTA,POR,,,16.0,16.75,35,1.9379928481,0.0924484155105,2.48842606384,0.555850536973,0.293959310822,1.17344552402,0.885023419973,0.854881553812,1.46740483484,1.98352540012,0.89478442976,4.39873438732,0.457382095768,5.31921732578,21.0,7.07507584321e-06,2.21327345539e-11,11.0871545169,12.0353683631,5.6867575333,6.1137281067,SF,3600
201601.0,Luc Richard,Mbah a Moute,0.5,3,LAC@GS,LAC,GS,,,0.0,0.0,35,0.0,0.0,0.0,0.0,0.0,0.0,0.0,0.0,0.0,0.0,0.0,0.0,0.0,0.0,0.0,,,0.0,,0.707667257319,,SF,3600
203460.0,Andre,Roberson,11.5,4,TOR@OKC,OKC,TOR,,,6.2,6.75,35,1.17914014812,0.676113465516,1.8366521422,1.00606286468,1.0523946306,2.05343575644,0.894428797996,0.925298805627,3.10583038703,2.07530365825,0.549044337937,4.33225555552,0.607287998591,5.30693965303,27.0,0.00024222027893,1.29733725701e-10,13.0184320611,13.911258483,5.33300335531,5.36452586728,SG,3600
202332.0,Cole,Aldrich,0.5,2,LAC@GS,LAC,GS,,,0.0,0.0,35,0.0,0.0,0.0,0.0,0.0,0.0,0.0,0.0,0.0,0.0,0.0,0.0,0.0,0.0,0.0,,,0.0,,0.945372680048,,C,3600
201228.0,C.J.,Watson,9.7,3,ORL@HOU,ORL,HOU,,,22.0,23.5,35,2.85210782002,0.0814176327004,2.25224806869,1.81478627749,0.243033019364,0.697448983373,0.978375867259,1.17214960481,0.940482002737,2.22329868212,0.85064344184,5.31696810773,1.40973177537,6.70697258145,20.0,0.00022143651795,3.43083272247e-11,13.0611501099,14.1199028882,6.18598203075,6.51221478332,PG,3600
203101.0,Miles,Plumlee,7.3,4,PHI@MIL,MIL,PHI,,,11.3,12.0,35,0.368958237849,0.832788565385,0.000889507296858,0.500009079416,1.15714002788,1.26870977598,0.364295070721,0.795976935374,2.42584980386,1.47412533652,0.000244977850251,2.66058040591,0.303744563149,3.25224021404,12.0,6.50515675324e-06,1.35344966251e-13,8.31488767228,8.83430087682,4.1647004848,3.74880321485,C,3600
203085.0,Austin,Rivers,9.8,4,LAC@GS,LAC,GS,,,10.0,10.0,35,1.82408241215,0.31869504026,2.28460052845,2.13157119306,0.267137816638,0.636710186656,0.842313506991,1.03020074041,0.903848003294,3.11425287523,0.569253438377,7.68037926793,1.42333200599,8.22109119483,24.0,9.50461456796e-06,6.38280780983e-13,13.3336487711,14.1785825176,7.7978852786,7.81034572703,PG,3600
1626149.0,Montrezl,Harrell,12.9,4,ORL@HOU,HOU,ORL,,,0.0,0.0,35,0.107312729704,0.0788091679298,0.0608922425238,0.304273583003,0.167615404635,0.354302665407,0.0829071789196,0.12600761497,0.521918070042,0.439253928807,0.0167702732407,0.829740947658,0.205688658441,1.10096678929,3.0,1.11705673187e-13,6.35840185775e-30,2.08566264663,2.18314749424,2.04354562887,1.81498615916,PF,3600
202066.0,Garrett,Temple,0.0,1,SA@WAS,WAS,SA,,,1.5,1.5,35,0.262212451274,0.0392024643767,0.313456276367,0.191541585426,0.095384510843,0.095505646481,0.166034547579,0.148249511577,0.190890157324,0.268043495245,0.113178932847,0.680534001166,0.138163591671,0.787429515008,3.0,1.5920991141e-16,2.83870979653e-30,1.67204089304,1.81229962312,1.72967091711,1.77275309473,PG,3600
203112.0,Quincy,Acy,13.2,68,SAC@PHO,SAC,PHO,,,2.7,2.75,35,0.220027088954,0.0740851679873,0.167796678998,0.291859409474,0.250827864923,0.274490858717,0.0859964422112,0.178071680162,0.52531872364,0.445351704435,0.0501434405479,0.965756507588,0.225760763571,1.16660761299,4.0,2.12970918275e-13,1.27784214933e-26,2.26912225502,2.40949575156,2.06470582379,1.90916335864,PF,3600
101112.0,Channing,Frye,4.9,1,ORL@HOU,ORL,HOU,,,0.0,0.0,35,0.0,0.0,0.0,0.0,0.0,0.0,0.0,0.0,0.0,0.0,0.0,0.0,0.0,0.0,0.0,,,0.0,,0.628920521621,,PF,3600
202390.0,Gary,Neal,10.8,3,SA@WAS,WAS,SA,,,9.0,9.5,35,1.13579108997,0.00854989529016,1.98765306511,1.64131832063,0.194816000662,0.326675813485,0.214573494213,0.750903245368,0.521491814148,2.66221741786,0.633680280839,6.74865757835,1.47846689881,7.43658201537,16.0,1.26883917738e-07,3.23897372261e-17,9.46140236093,10.1797689051,7.01403000584,7.11028155448,SG,3600
203948.0,Johnny,O'Bryant,10.6,4,PHI@MIL,MIL,PHI,,,10.3,10.5,35,0.592035971278,0.17957864867,0.0322194635942,0.969259974966,0.783540595023,0.987224510861,0.203005987842,0.521655541402,1.77076510588,1.30027160544,0.00887353167296,3.23778810736,0.602883137632,3.21229988019,12.0,4.81406213792e-07,4.10222655607e-16,6.4687856958,6.82258920974,4.30516222017,4.05812682383,C,3500
2592.0,James,Jones,4.6,4,NY@CLE,CLE,NY,,,5.0,5.0,35,0.364484122183,0.137644172534,2.72726852834,0.693886236036,0.107212989713,0.193326630456,0.171613160041,0.217627899022,0.30053962017,1.32099817803,1.11928250193,3.26808712211,0.587274491763,4.34855334975,11.0,1.20239496132e-12,1.32016672334e-24,5.65681384336,6.34029602484,5.34313569507,6.14195815567,SF,3500
203963.0,Shayne,Whittington,-2.0,1,BOS@IND,IND,BOS,,,0.0,0.0,35,0.0,0.0,0.0,0.0,0.0,0.0,0.0,0.0,0.0,0.0,0.0,0.0,0.0,0.0,0.0,,,0.0,,0.827925034471,,C,3500
1626209.0,Mario,Hezonja,5.9,3,ORL@HOU,ORL,HOU,,,-1.0,-0.5,35,0.601181905767,0.0936815968042,1.33306085097,0.369533432086,0.278448611613,1.05476042529,0.298282736805,0.965336394269,1.3332090369,1.32749165302,0.555901826234,3.11048943596,0.272252042821,3.48313717509,11.0,8.73090468913e-08,8.60556532939e-17,5.80335315097,6.63063284403,4.15311941753,4.36673637052,SF,3500
203461.0,Anthony,Bennett,3.5,2,TOR@OKC,TOR,OKC,,,0.0,0.0,35,0.0,0.0,0.0,0.0,0.0,0.0,0.0,0.0,0.0,0.0,0.0,0.0,0.0,0.0,0.0,,,0.0,,0.76416792546,,PF,3500
1626181.0,Norman,Powell,0.0,1,TOR@OKC,TOR,OKC,,,0.0,0.0,35,0.0,0.0,0.0,0.0,0.0,0.0,0.0,0.0,0.0,0.0,0.0,0.0,0.0,0.0,0.0,,,0.0,,0.820455394417,,SG,3500
2406.0,Caron,Butler,8.2,2,SAC@PHO,SAC,PHO,,,2.0,2.0,35,0.234767431745,0.0156707503143,0.774659899504,0.185335624783,0.120256240574,0.149042658727,0.186234020108,0.177562169212,0.269298899301,0.696399646219,0.251030980768,1.62410222118,0.165646348068,1.80947662127,6.0,4.18948465866e-15,4.16078132162e-28,2.71103381968,2.93879533964,2.71356560031,2.76690350687,SF,3500
203105.0,Festus,Ezeli,20.9,4,LAC@GS,GS,LAC,,,23.8,24.0,35,0.630725974955,1.9312378649,0.00554191422917,3.34213568141,2.51531571403,3.51408348301,0.341961002068,1.24557032429,6.02939919704,3.26310863584,0.00152628880527,5.97535338989,1.76818589202,8.29592945251,23.0,0.0383453235312,1.33572858406e-06,19.778124861,20.7606651199,7.80770707955,7.3424749425,C,3500
203200.0,Justin,Holiday,2.0,1,BKN@ATL,ATL,BKN,,,19.2,19.75,35,2.13044225406,0.971379795327,4.42841359511,1.52076597599,0.368923689923,0.835244649002,1.35913447401,1.3370082619,1.20416833892,3.86148996976,1.20135859422,10.0888242807,1.21282038881,10.1371589226,29.0,4.84799666024e-05,1.14268258022e-10,18.1018445871,19.4313091524,9.76977236214,10.3403430065,SG,3500
1626183.0,Branden,Dawson,0.0,0,LAC@GS,LAC,GS,,,0.0,0.0,35,0.0,0.0,0.0,0.0,0.0,0.0,0.0,0.0,0.0,0.0,0.0,0.0,0.0,0.0,0.0,,,0.0,,0.845620626624,,PF,3500
203925.0,Joe,Harris,2.8,3,NY@CLE,CLE,NY,,,0.0,0.0,35,0.0,0.0,0.0,0.0,0.0,0.0,0.0,0.0,0.0,0.0,0.0,0.0,0.0,0.0,0.0,,,0.0,,0.599614712481,,SG,3500
203118.0,Mike,Scott,6.2,4,BKN@ATL,ATL,BKN,,,5.5,5.5,35,1.07679303379,0.0303780825061,1.98341001197,0.973994292714,0.5388736594,0.897218584109,0.224904997399,0.381018640913,1.43609224351,2.09910927191,0.633336613458,5.22116434422,0.819033535726,5.65058869301,14.0,6.00451515303e-07,1.21411842608e-13,9.1186364548,9.69761959483,5.80250265021,5.9869989183,SF,3500
201573.0,Jerryd,Bayless,18.0,4,PHI@MIL,MIL,PHI,,,13.3,14.5,35,3.27601680357,0.199121919213,3.01909796471,2.52263508524,0.384121376452,1.32061853265,0.809503256243,2.0885993425,1.7047399091,3.48982756539,1.20466159393,8.53679759245,1.99871621464,10.1830329393,30.0,0.00127834279201,1.55993038762e-08,17.071397044,18.8051820687,8.75015972826,9.15184306474,PG,3500
1626167.0,Myles,Turner,16.3,2,BOS@IND,IND,BOS,,,15.3,15.5,35,0.586186420175,1.01894117429,0.329689964677,1.83932566553,1.08608391828,2.56412226732,0.614116438225,0.904920325528,3.6502061856,2.78633140791,0.0907995922501,5.77095619765,1.27310527468,6.93656768276,18.0,0.00135072978053,1.81164781746e-10,14.5572896352,15.2396859986,7.03655841583,6.67290017459,PF,3500
203462.0,Archie,Goodwin,10.9,2,SAC@PHO,PHO,SAC,,,1.0,1.5,35,0.27804250271,0.0816780843896,0.304290697799,0.657990254272,0.177580347748,0.293150112322,0.123459271087,0.36442847375,0.470730460071,0.59926113642,0.0884491174506,1.42247216258,0.480923498428,1.76789488872,4.0,3.51069268536e-13,2.06333701957e-25,2.79568143207,3.04565675068,2.52461987764,2.39497225953,PG,3500
200779.0,Steve,Novak,3.0,35,TOR@OKC,OKC,TOR,,,0.0,0.0,35,0.0,0.0,0.0,0.0,0.0,0.0,0.0,0.0,0.0,0.0,0.0,0.0,0.0,0.0,0.0,,,0.0,,0.46501495496,,SF,3500
1626158.0,Richaun,Holmes,5.9,3,PHI@MIL,PHI,MIL,,,10.4,11.0,35,0.630440989723,0.830232438721,1.47983270954,2.69299067479,0.890297188668,2.1830950659,0.575782991288,0.909895595994,3.07339225456,2.20792476294,0.429341730794,5.23502153075,1.86397694384,6.7091682005,19.0,0.000373802850277,8.37504790927e-12,13.2450356546,14.068884635,6.0440152345,6.00053730676,PF,3500
203912.0,C.J.,Wilcox,2.8,21,LAC@GS,LAC,GS,,,0.0,0.0,35,0.0,0.0,0.0,0.0,0.0,0.0,0.0,0.0,0.0,0.0,0.0,0.0,0.0,0.0,0.0,,,0.0,,0.729975285981,,SG,3500
203962.0,Josh,Huestis,0.0,0,TOR@OKC,OKC,TOR,,,0.0,0.0,35,0.0,0.0,0.0,0.0,0.0,0.0,0.0,0.0,0.0,0.0,0.0,0.0,0.0,0.0,0.0,,,0.0,,0.845620626624,,SF,3500
1626173.0,Rashad,Vaughn,5.2,2,PHI@MIL,MIL,PHI,,,5.4,6.0,35,0.638730879151,0.409039812756,2.17831970542,0.846418245581,0.885941091555,1.72538593954,0.459224525706,0.85583767741,2.61132703109,2.23277223393,0.698221976564,5.42339346098,0.62359471818,5.78736116261,17.0,8.26553074629e-05,1.5257859074e-13,10.7597409182,11.6674610797,6.03723914857,6.25737347847,SG,3500
1626251.0,Duje,Dukan,0.0,0,SAC@PHO,SAC,PHO,,,0.0,0.0,35,0.0,0.0,0.0,0.0,0.0,0.0,0.0,0.0,0.0,0.0,0.0,0.0,0.0,0.0,0.0,,,0.0,,0.845620626624,,PF,3500
203090.0,Maurice,Harkless,14.1,4,POR@UTA,POR,UTA,,,31.0,35.0,35,0.864146237758,0.762331855447,2.61680310652,1.7994288113,1.90102513857,2.5736781148,1.04611203964,1.3032724213,4.47470325336,3.37915281271,0.890742825154,7.50585527566,1.00335045194,8.65239890251,29.0,0.00788441857219,1.625515876e-09,17.6318775321,18.9644469507,7.94698772958,8.12298945538,SF,3500
201971.0,DeJuan,Blair,-0.8,1,SA@WAS,WAS,SA,,,0.0,0.0,35,0.0,0.0,0.0,0.0,0.0,0.0,0.0,0.0,0.0,0.0,0.0,0.0,0.0,0.0,0.0,,,0.0,,0.812421408037,,C,3500
1626176.0,Rakeem,Christmas,0.0,0,BOS@IND,IND,BOS,,,0.0,0.0,35,0.0,0.0,0.0,0.0,0.0,0.0,0.0,0.0,0.0,0.0,0.0,0.0,0.0,0.0,0.0,,,0.0,,0.845620626624,,PF,3500
201961.0,Wayne,Ellington,5.0,4,BKN@ATL,BKN,ATL,,,20.8,21.5,35,1.03357770307,0.0973990830863,2.97725540325,0.490773357373,0.319083671096,0.705246910495,0.590784762381,0.38922800435,1.02433058159,2.49955236763,1.02046183461,6.43314654717,0.403194839242,6.4227614091,18.0,7.92646764951e-08,5.76764213048e-15,10.1894643482,10.9455259156,6.93713475977,7.44235518784,SG,3500
201973.0,Jonas,Jerebko,8.6,3,BOS@IND,BOS,IND,,,7.8,8.5,35,0.908366508018,0.239947876537,1.57946509549,0.845135068831,1.05772852485,1.55404914362,0.44670306651,0.682539959673,2.61177766848,2.17645873837,0.600031762804,4.66755496243,0.724054622135,5.67700386167,16.0,7.81018265616e-05,3.61952385926e-12,10.8644487523,11.6364406497,5.57988697592,5.63599501365,PF,3500
201949.0,James,Johnson,0.6,3,TOR@OKC,TOR,OKC,,,0.0,0.0,35,0.0,0.0,0.0,0.0,0.0,0.0,0.0,0.0,0.0,0.0,0.0,0.0,0.0,0.0,0.0,,,0.0,,0.837720717088,,SF,3500
1626162.0,Kelly,Oubre,0.0,1,SA@WAS,WAS,SA,,,0.0,0.0,35,0.0,0.0,0.0,0.0,0.0,0.0,0.0,0.0,0.0,0.0,0.0,0.0,0.0,0.0,0.0,,,0.0,,0.836418826751,,SF,3500
203481.0,Jeff,Withey,0.0,1,POR@UTA,UTA,POR,,,0.0,0.0,35,0.0,0.0,0.0,0.0,0.0,0.0,0.0,0.0,0.0,0.0,0.0,0.0,0.0,0.0,0.0,,,0.0,,0.852666543515,,C,3500
1626146.0,Cliff,Alexander,0.0,0,POR@UTA,POR,UTA,O,Knee,0.0,0.0,35,0.0,0.0,0.0,0.0,0.0,0.0,0.0,0.0,0.0,0.0,0.0,0.0,0.0,0.0,0.0,,,0.0,,0.845620626624,,PF,3500
201603.0,Sonny,Weems,3.8,4,SAC@PHO,PHO,SAC,,,8.1,8.75,35,0.517748342367,0.0163740761688,0.30882717134,0.440503794792,0.179565519557,0.467369710569,0.193817042108,0.539250539534,0.646935230126,0.925283542112,0.0585420796598,2.13643978147,0.3564631986,2.26557236248,7.0,2.01135525085e-11,4.278328132e-21,3.69964884921,4.03089192034,3.15979298855,2.9208759615,SF,3500
203187.0,Chris,Johnson,5.1,2,POR@UTA,UTA,POR,,,0.0,0.0,35,0.0347759608793,0.0109069180933,0.174726937912,0.044351806627,0.0256849206594,0.0315994875724,0.0483152472733,0.028333460141,0.0572844082318,0.115555312112,0.0516672261267,0.292181583141,0.0346048081743,0.317382658525,1.0,3.47275883934e-24,5.57078610855e-44,0.528398760314,0.571263323859,1.17956527056,1.19445353081,SG,3500
203906.0,Roy Devyn,Marble,7.0,16,ORL@HOU,ORL,HOU,,,0.0,0.0,35,0.0,0.0,0.0,0.0,0.0,0.0,0.0,0.0,0.0,0.0,0.0,0.0,0.0,0.0,0.0,,,0.0,,0.728847424875,,SG,3500
1891.0,Jason,Terry,4.6,2,ORL@HOU,HOU,ORL,,,8.9,9.0,35,0.941707096882,0.0821027645472,1.71099306096,0.233040071926,0.0701821506314,0.210372989097,0.348974297105,0.35536041037,0.280555139728,0.982955727666,0.639418031276,2.36642041869,0.187536462274,2.79286594888,9.0,2.50449981623e-09,1.50827520891e-20,5.04888647481,5.56030345638,3.89253999094,4.32559581865,PG,3500
203900.0,Markel,Brown,7.8,4,BKN@ATL,BKN,ATL,,,9.2,11.25,35,1.28549660818,0.295679907317,2.39489901666,1.33275463874,0.290258291571,0.6997391754,0.766274615505,0.838159992393,0.989997466971,2.04165378389,0.556121558236,5.69275012698,0.982917507849,5.62234663387,20.0,2.26438713695e-07,2.29974755411e-14,10.0243375598,10.7709785481,5.94921376311,6.14995208689,SG,3500
1626166.0,Cameron,Payne,6.5,1,TOR@OKC,OKC,TOR,,,0.0,0.0,35,0.0,0.0,0.0,0.0,0.0,0.0,0.0,0.0,0.0,0.0,0.0,0.0,0.0,0.0,0.0,,,0.0,,0.948415894413,,PG,3500
203909.0,K.J.,McDaniels,2.6,2,ORL@HOU,HOU,ORL,,,0.0,0.0,35,0.0,0.0,0.0,0.0,0.0,0.0,0.0,0.0,0.0,0.0,0.0,0.0,0.0,0.0,0.0,,,0.0,,0.825032501743,,SF,3500
202353.0,Tibor,Pleiss,3.2,1,POR@UTA,UTA,POR,,,0.0,0.0,35,0.0,0.0,0.0,0.0,0.0,0.0,0.0,0.0,0.0,0.0,0.0,0.0,0.0,0.0,0.0,,,0.0,,0.845316737641,,C,3500
203961.0,Eric,Moreland,5.2,1,SAC@PHO,SAC,PHO,,,1.2,1.25,35,0.172720588806,0.0962239637458,0.162378649832,0.31959230404,0.161970970489,0.411730534441,0.0891752849342,0.152300518008,0.573701504931,0.394934142681,0.0447205458901,0.88197451397,0.201940997999,1.03652982925,3.0,3.09271495036e-13,1.72915362933e-27,2.20255049773,2.32974610492,1.99461711701,1.8559422756,PF,3500
202730.0,Lavoy,Allen,5.2,3,BOS@IND,IND,BOS,,,20.7,21.75,35,1.83141531063,0.943740164869,0.0282460058214,1.2755973976,3.37118902514,3.69797472431,0.39576876616,1.48133924525,7.06916374945,3.254634594,0.00436537398898,7.60898212039,0.803342624082,7.31697718607,29.0,0.0601027347181,1.35070376823e-06,19.7447752682,20.9312439195,8.76515692508,8.44907732148,PF,3500
1626175.0,Jordan,Mickey,5.9,1,BOS@IND,BOS,IND,,,0.0,0.0,35,0.0,0.0,0.0,0.0,0.0,0.0,0.0,0.0,0.0,0.0,0.0,0.0,0.0,0.0,0.0,,,0.0,,0.911195471165,,PF,3500
202341.0,James,Anderson,1.5,2,SAC@PHO,SAC,PHO,,,19.0,22.5,35,1.6240614652,0.246442255195,4.59645955896,1.61560555803,0.546458460955,0.672858645732,1.15131135244,1.5872856077,1.21931710669,3.47618793212,1.64176885524,8.60964861866,1.23178435213,9.82592907162,25.0,5.26811080998e-06,5.09938599867e-12,14.933423405,16.608924394,9.34457656461,10.2482525826,SG,3500
203099.0,Jared,Cunningham,7.3,4,NY@CLE,CLE,NY,,,1.0,1.0,35,0.887596013127,0.0680832898797,1.00636231034,1.62398752012,0.165890585785,0.414899297001,0.298251166428,0.510934630235,0.580789882786,1.32432830301,0.310347092742,3.25489429099,1.08790296506,4.04690666383,10.0,2.7755104643e-09,1.93878723336e-18,6.29698282525,6.73666318504,4.21680698556,4.19903258493,SG,3500
204456.0,T.J.,McConnell,20.7,3,PHI@MIL,PHI,MIL,,,34.8,36.25,35,8.66379624105,0.436801311482,0.991597639893,0.852334899754,1.33997412769,4.67397418433,1.38758431685,2.0719712803,6.01394831202,2.98185498001,0.31431502269,6.4504301337,0.627953785711,6.90597876843,35.0,0.160795093014,0.00959828095396,28.6952110808,30.4590391303,7.22866037107,7.00846644975,PG,3500
202362.0,Lance,Stephenson,12.1,4,LAC@GS,LAC,GS,,,16.5,18.25,35,3.2203672842,0.0685370912058,1.7321648079,1.40918394647,0.530320687931,1.63717438795,0.420029248754,1.64613487812,2.16749507588,2.81395671144,0.526564257651,7.165955625,0.879703292883,7.03418097342,23.0,0.000623480670353,5.32042095204e-08,13.7967237926,14.9923834949,7.3616994698,7.35369502883,SG,3500
1626246.0,Boban,Marjanovic,6.3,2,SA@WAS,SA,WAS,,,0.0,0.0,35,0.0,0.0,0.0,0.0,0.0,0.0,0.0,0.0,0.0,0.0,0.0,0.0,0.0,0.0,0.0,,,0.0,,0.93417265302,,C,3500
202713.0,Kyle,Singler,5.7,3,TOR@OKC,OKC,TOR,,,-1.0,-0.5,35,0.213143414691,0.110646634515,0.746300788441,0.207004275296,0.124162589125,0.206479959547,0.175816749508,0.252739399382,0.330642548672,0.505222741333,0.26937265453,1.48148584808,0.146102653716,1.42592079091,6.0,1.44871592926e-14,7.23464209946e-28,2.46259434002,2.74018249441,2.41766380626,2.60971326424,SF,3500
202714.0,Shelvin,Mack,11.7,55,BKN@ATL,ATL,BKN,,,0.4,1.5,35,1.41672137136,0.0169575179719,1.12635499423,0.301076307231,0.0787164287794,0.163713936082,0.272969901282,0.53897083179,0.242430364862,1.07427379414,0.358482789245,2.74465783213,0.244700137042,2.75173051456,8.0,6.95608703682e-08,4.51485700069e-20,5.20861301615,5.66946144925,3.65106768205,3.75190180312,PG,3500
203492.0,Ray,McCallum,2.5,2,SA@WAS,SA,WAS,,,0.0,0.0,35,0.0,0.0,0.0,0.0,0.0,0.0,0.0,0.0,0.0,0.0,0.0,0.0,0.0,0.0,0.0,,,0.0,,0.797773809548,,PG,3500
202498.0,Lance,Thomas,11.2,4,NY@CLE,NY,CLE,,,3.7,4.25,35,0.646452562478,0.0558740295609,0.288405315867,1.05370716422,0.554389098183,0.776180968366,0.278681470833,0.778673843967,1.33057006655,1.93503340887,0.148784487295,4.11464858992,0.758584547855,4.7774358529,15.0,1.6808287591e-07,3.28160504926e-16,7.2342359333,7.76449385438,5.28494434446,5.01179137947,SF,3500
101187.0,Alan,Anderson,13.2,74,SA@WAS,WAS,SA,O,Ankle,0.0,0.0,35,0.0,0.0,0.0,0.0,0.0,0.0,0.0,0.0,0.0,0.0,0.0,0.0,0.0,0.0,0.0,,,0.0,,0.577654934554,,SG,3500
203934.0,Lamar,Patterson,8.9,4,BKN@ATL,ATL,BKN,,,0.0,0.0,35,0.166296312839,0.0184133985482,0.219412288382,0.191158783541,0.0756043531483,0.170644078093,0.0639077027464,0.107685130529,0.246248431241,0.174731326538,0.0614295231569,0.462910668888,0.136382333303,0.547274509536,2.0,1.61710469989e-17,6.06881685847e-32,1.14917416834,1.24604391675,1.44569122526,1.44396309821,SG,3500
2446.0,Rasual,Butler,3.8,3,SA@WAS,SA,WAS,,,17.4,17.5,35,0.412342256369,0.296204016655,1.47815749077,0.420948154369,0.134833022116,0.31292139481,0.190288672842,0.243541548487,0.447754416926,1.26693945628,0.510961615816,3.03480008566,0.34444926987,3.38928979825,9.0,4.70821638967e-12,9.13201104678e-23,5.27455231362,5.67419161662,4.09253724865,4.304983621,SF,3500
201575.0,Brandon,Rush,7.0,4,LAC@GS,GS,LAC,,,0.0,0.0,35,0.0,0.0,0.0,0.0,0.0,0.0,0.0,0.0,0.0,0.0,0.0,0.0,0.0,0.0,0.0,,,0.0,,0.678404567494,,SG,3500
204025.0,Tim,Frazier,2.5,2,POR@UTA,POR,UTA,,,0.0,0.0,35,0.0,0.0,0.0,0.0,0.0,0.0,0.0,0.0,0.0,0.0,0.0,0.0,0.0,0.0,0.0,,,0.0,,0.934125311342,,PG,3500
101236.0,Chuck,Hayes,1.2,1,ORL@HOU,HOU,ORL,GTD,Foot,0.0,0.0,35,0.0,0.0,0.0,0.0,0.0,0.0,0.0,0.0,0.0,0.0,0.0,0.0,0.0,0.0,0.0,,,0.0,,0.791314543293,,C,3500
202407.0,Elijah,Millsap,2.1,3,POR@UTA,UTA,POR,,,1.0,1.5,35,0.327427804925,0.123304951078,0.53557049822,0.481201579137,0.193002991622,0.21523142287,0.321985213419,0.400058984878,0.408234414493,0.528320930342,0.155239499128,1.54263311836,0.328217189656,1.54009854947,6.0,9.68758360144e-14,4.49342005181e-25,3.01164289836,3.30970386109,2.42539712306,2.44631158132,SF,3500
202388.0,Donald,Sloan,3.7,2,BKN@ATL,BKN,ATL,,,0.0,0.0,35,0.0,0.0,0.0,0.0,0.0,0.0,0.0,0.0,0.0,0.0,0.0,0.0,0.0,0.0,0.0,,,0.0,,0.742629874112,,PG,3500
203552.0,Seth,Curry,4.7,1,SAC@PHO,SAC,PHO,,,6.0,6.5,35,0.611551979698,0.0615527267295,0.555539681053,0.252325543485,0.122059249261,0.451040397011,0.179288871521,0.22110431837,0.573099646273,0.76005372335,0.191973963213,1.77147763395,0.185899674305,1.89798108422,5.0,1.35122353676e-11,5.49221143721e-21,3.76360750742,3.99880163055,2.83502917702,2.79417249868,SG,3500
1626242.0,Luis,Montero,0.2,1,POR@UTA,POR,UTA,,,0.0,0.0,35,0.0,0.0,0.0,0.0,0.0,0.0,0.0,0.0,0.0,0.0,0.0,0.0,0.0,0.0,0.0,,,0.0,,0.850069320469,,SF,3500
203894.0,Shabazz,Napier,5.3,2,ORL@HOU,ORL,HOU,,,5.2,5.75,35,1.12888583172,0.0364586800454,1.09321376723,0.535698487735,0.137276563059,0.217959032755,0.344027086752,0.6491285541,0.355235595814,0.837338908416,0.37082317376,2.15654431197,0.436057274184,2.48155826478,9.0,6.77731714016e-09,7.50269149249e-20,4.71301270683,5.24075036072,3.2567734036,3.43720783242,PG,3500
203524.0,Solomon,Hill,0.0,1,BOS@IND,IND,BOS,,,0.0,0.0,35,0.0,0.0,0.0,0.0,0.0,0.0,0.0,0.0,0.0,0.0,0.0,0.0,0.0,0.0,0.0,,,0.0,,0.666823594838,,SG,3500
203923.0,James,Young,6.1,31,BOS@IND,BOS,IND,,,0.0,0.0,35,0.0,0.0,0.0,0.0,0.0,0.0,0.0,0.0,0.0,0.0,0.0,0.0,0.0,0.0,0.0,,,0.0,,0.599227339963,,SF,3500
1626202.0,Joseph,Young,-0.5,2,BOS@IND,IND,BOS,,,0.0,0.0,35,0.0,0.0,0.0,0.0,0.0,0.0,0.0,0.0,0.0,0.0,0.0,0.0,0.0,0.0,0.0,,,0.0,,0.815939319454,,SG,3500
203956.0,Mitch,McGary,-2.0,1,TOR@OKC,OKC,TOR,,,0.0,0.0,35,0.0,0.0,0.0,0.0,0.0,0.0,0.0,0.0,0.0,0.0,0.0,0.0,0.0,0.0,0.0,,,0.0,,0.835045303448,,PF,3500
203943.0,Noah,Vonleh,6.7,4,POR@UTA,POR,UTA,,,0.0,0.5,35,0.308605906363,0.35305568053,0.699639243512,1.22998577588,1.08046603455,1.55613538329,0.22971403273,0.637192238365,2.63660141784,1.33584130452,0.181267044306,3.40235686578,0.858448015699,3.71139766904,13.0,2.23359860565e-05,1.72907436261e-16,7.86657541814,8.40766863435,4.23901411404,4.1084040813,PF,3500
203546.0,Ian,Clark,8.4,3,LAC@GS,GS,LAC,,,0.0,0.0,35,0.0,0.0,0.0,0.0,0.0,0.0,0.0,0.0,0.0,0.0,0.0,0.0,0.0,0.0,0.0,,,0.0,,0.731486472878,,SG,3500
203613.0,Jonathon,Simmons,0.0,0,SA@WAS,SA,WAS,,,0.0,0.0,35,0.0,0.0,0.0,0.0,0.0,0.0,0.0,0.0,0.0,0.0,0.0,0.0,0.0,0.0,0.0,,,0.0,,0.845620626624,,SG,3500
203922.0,Glenn,Robinson III,4.0,35,BOS@IND,IND,BOS,GTD,Shoulder,13.4,14.0,35,0.778516918192,0.110581416898,1.24536172914,2.05209101142,1.04868922547,1.26694215021,0.538025296932,0.888482792403,2.31563137568,2.05929460521,0.332558419838,4.85777778098,1.46038333325,5.9115309635,19.0,3.17672500432e-05,3.6445615899e-13,10.2667946269,10.9931444526,5.63323448512,5.52079019989,SF,3500
203141.0,Mirza,Teletovic,3.4,4,SAC@PHO,PHO,SAC,,,10.4,11.0,35,0.334603043847,0.0885818275567,1.33116459135,0.27910940002,0.191362294422,0.332759223082,0.13950090026,0.309325759087,0.524121517503,0.784817867424,0.423966713383,2.17132544275,0.180081137776,2.17368358601,6.0,4.53310200543e-12,1.60073049738e-23,3.45137366933,3.84422598144,3.26883358975,3.55883051691,PF,3500
1626179.0,Terry,Rozier,1.2,1,BOS@IND,BOS,IND,,,4.0,5.25,35,0.395579515876,0.105671142957,0.615739251496,0.458308424726,0.492092264287,1.11855216116,0.182718016548,0.408537366749,1.61064442545,1.02903802919,0.15228593534,2.58800147554,0.33765660706,2.54801860078,6.0,1.28470746705e-07,2.32097220529e-18,5.2424021374,5.60334620243,3.47669289252,3.35179150334,PG,3500
2555.0,Nick,Collison,6.2,2,TOR@OKC,OKC,TOR,,,9.6,9.75,35,1.16409200948,0.281614250385,0.612998066147,0.89988206865,1.25080361042,1.54224399185,0.603627747864,0.749706555966,2.79304760227,1.2887077442,0.162768705079,3.09315010185,0.670240527204,3.41042472069,15.0,2.68183868734e-05,1.17974187197e-11,9.52899729816,10.1249275364,4.04039977427,3.87721157081,PF,3500
1626178.0,Rondae,Hollis-Jefferson,10.0,4,BKN@ATL,BKN,ATL,,,11.1,11.25,35,0.449821101832,0.345532273312,0.193099788021,0.344622732516,0.259131164248,1.78147620616,0.450057025498,0.596922893084,2.04060737041,1.26252683339,0.0531814246548,2.6665047309,0.253899200406,2.83213429185,11.0,1.12360214374e-06,1.45474736885e-16,6.94985049362,7.37693470642,3.8526039302,3.55758643958,SF,3500
203142.0,Chris,Copeland,7.3,4,PHI@MIL,MIL,PHI,,,11.0,11.5,35,0.579543246036,0.116554967079,2.33750595483,0.560155885523,0.25851734105,0.34074156071,0.144910806781,0.63596331877,0.59925890176,1.59729662993,0.82789091935,4.01162230738,0.442608316909,4.46509249612,10.0,1.97337635524e-10,7.9492640039e-20,5.94048627623,6.70237634068,5.18219254146,5.67034439138,SF,3500
1626153.0,Delon,Wright,0.2,1,TOR@OKC,TOR,OKC,,,0.0,0.0,35,0.0,0.0,0.0,0.0,0.0,0.0,0.0,0.0,0.0,0.0,0.0,0.0,0.0,0.0,0.0,,,0.0,,0.850069320469,,PG,3500
203998.0,Bruno,Caboclo,1.3,8,TOR@OKC,TOR,OKC,,,0.0,0.0,35,0.0,0.0,0.0,0.0,0.0,0.0,0.0,0.0,0.0,0.0,0.0,0.0,0.0,0.0,0.0,,,0.0,,0.779789282344,,SF,3500
,Martell,Webster,5.6,32,SA@WAS,WAS,SA,,,0.0,0.0,35,0.0,0.0,0.0,0.0,0.0,0.0,0.0,0.0,0.0,0.0,0.0,0.0,0.0,0.0,0.0,,,0.0,,0.779789282344,,SF,3500
204002.0,Walter,Tavares,2.2,1,BKN@ATL,ATL,BKN,,,0.0,0.0,35,0.0,0.0,0.0,0.0,0.0,0.0,0.0,0.0,0.0,0.0,0.0,0.0,0.0,0.0,0.0,,,0.0,,0.858591739527,,C,3500
203996.0,Damien,Inglis,4.8,3,PHI@MIL,MIL,PHI,,,0.0,0.0,35,0.0,0.0,0.0,0.0,0.0,0.0,0.0,0.0,0.0,0.0,0.0,0.0,0.0,0.0,0.0,,,0.0,,0.836925519881,,SF,3500
203949.0,James Michael,McAdoo,6.4,4,LAC@GS,GS,LAC,,,0.0,0.0,35,0.0,0.0,0.0,0.0,0.0,0.0,0.0,0.0,0.0,0.0,0.0,0.0,0.0,0.0,0.0,,,0.0,,0.866312599156,,PF,3500
203928.0,Cory,Jefferson,8.5,50,SAC@PHO,PHO,SAC,,,0.0,0.0,35,0.0,0.0,0.0,0.0,0.0,0.0,0.0,0.0,0.0,0.0,0.0,0.0,0.0,0.0,0.0,,,0.0,,0.782773145959,,PF,3500
203937.0,Kyle,Anderson,4.1,4,SA@WAS,SA,WAS,,,5.2,5.25,35,0.350564977823,0.106156851244,0.190400952598,0.233907197571,0.0705109129497,0.236647780808,0.204190216579,0.150240422861,0.307158693758,0.488687818712,0.0421173040311,1.25039282115,0.171783683373,1.19127662483,5.0,6.0836794829e-15,7.5685066579e-27,2.55616823686,2.66770503499,2.18559833543,2.04118938505,SF,3500
1626174.0,Christian,Wood,4.0,3,PHI@MIL,PHI,MIL,,,0.0,0.0,35,0.0,0.0,0.0,0.0,0.0,0.0,0.0,0.0,0.0,0.0,0.0,0.0,0.0,0.0,0.0,,,0.0,,0.802956385258,,PF,3500
200811.0,Louis,Amundson,14.6,53,NY@CLE,NY,CLE,O,Back,0.0,0.0,35,0.0,0.0,0.0,0.0,0.0,0.0,0.0,0.0,0.0,0.0,0.0,0.0,0.0,0.0,0.0,,,0.0,,0.92468939966,,PF,3500
1626168.0,Trey,Lyles,3.3,3,POR@UTA,UTA,POR,,,1.5,1.5,35,0.680986290481,0.114946902064,0.502046443621,0.982842026739,0.630598339731,1.19605909405,0.247418397888,0.524173733325,1.82665743378,1.05217386732,0.124167189382,2.64877771758,0.666114736825,2.89462966085,9.0,4.95825759352e-07,1.58038850772e-15,6.30865488369,6.72415896047,3.59712565572,3.44555718857,PF,3500
203143.0,Pablo,Prigioni,1.7,1,LAC@GS,LAC,GS,,,0.0,0.0,35,0.0,0.0,0.0,0.0,0.0,0.0,0.0,0.0,0.0,0.0,0.0,0.0,0.0,0.0,0.0,,,0.0,,0.845666030001,,PG,3500
1626164.0,Devin,Booker,9.3,2,SAC@PHO,PHO,SAC,,,8.0,9.0,35,0.245762586845,0.153497874959,0.596024839215,0.578517544828,0.155305986585,0.728571351492,0.218968388187,0.351761725936,0.883877338077,1.01661888871,0.22341044298,2.15752689335,0.379699032799,2.6363472532,6.0,7.42564722714e-10,1.75373271738e-22,4.45881473951,4.79059469199,3.32393712799,3.22607155099,SG,3500
1626192.0,Pat,Connaughton,5.0,1,POR@UTA,POR,UTA,,,0.0,0.0,35,0.0,0.0,0.0,0.0,0.0,0.0,0.0,0.0,0.0,0.0,0.0,0.0,0.0,0.0,0.0,,,0.0,,0.819170011079,,SG,3500
203921.0,Cleanthony,Early,2.6,3,NY@CLE,NY,CLE,,,0.0,0.0,35,0.175459990674,0.051947485701,0.35693720953,0.208912468972,0.0962371368952,0.147667527045,0.115404078595,0.170580804087,0.243904663941,0.354274659591,0.0939409005449,0.937080840909,0.156128693085,0.958618912812,3.0,1.06383384449e-16,6.75683646362e-31,1.67861682006,1.82307290557,1.89802816235,1.86765603227,SF,3500
203508.0,Sergey,Karasev,1.0,1,BKN@ATL,BKN,ATL,,,0.0,0.0,35,0.144596287819,0.00765884791837,0.210204170913,0.154233117723,0.0625090510584,0.0729951080389,0.0700708281357,0.107078838859,0.135504159097,0.185778277223,0.0552079187247,0.482908346583,0.124107249913,0.550871723083,2.0,1.17648325822e-19,3.92532396519e-35,0.978751658977,1.06667024572,1.42040346457,1.39386496363,SF,3500
203898.0,Tyler,Ennis,8.4,33,PHI@MIL,MIL,PHI,,,4.9,5.5,35,1.35260997416,0.0993226987479,0.78881020788,0.180247523716,0.147630742906,0.310417365535,0.306940723734,0.741110828959,0.458048108442,1.0631926478,0.219642267657,2.74707483847,0.131308975818,2.47733653908,8.0,3.06359794472e-08,2.31225620759e-18,5.12732524645,5.63060424613,3.5478491611,3.49162051399,PG,3500
203512.0,Lucas,Nogueira,3.8,6,TOR@OKC,TOR,OKC,GTD,Hamstring,0.0,0.0,35,0.0,0.0,0.0,0.0,0.0,0.0,0.0,0.0,0.0,0.0,0.0,0.0,0.0,0.0,0.0,,,0.0,,0.815584706332,,C,3500
1626155.0,Sam,Dekker,1.6,2,ORL@HOU,HOU,ORL,,,0.0,0.0,35,0.0,0.0,0.0,0.0,0.0,0.0,0.0,0.0,0.0,0.0,0.0,0.0,0.0,0.0,0.0,,,0.0,,0.824869165214,,SF,3500
101179.0,Ronnie,Price,9.6,4,SAC@PHO,PHO,SAC,,,12.5,14.0,35,2.43503000612,0.0533337161731,2.12771955273,0.875327878216,0.246559112239,0.576549522078,1.21605086848,0.951625145268,0.823108634316,1.55023457525,0.695929282445,4.00412644153,0.75785341131,4.55425184425,17.0,2.68952888748e-05,1.78943709274e-11,10.7816712387,11.6466442272,5.02896791466,5.40359675643,PG,3500
203526.0,Raul,Neto,10.9,3,POR@UTA,UTA,POR,,,10.6,12.25,35,1.42065284702,0.116138981102,1.74980916207,0.699166337653,0.59294990797,1.07086739166,0.550967891181,0.871524053605,1.66381729963,1.81213348737,0.783936161535,4.18189105442,0.491545383899,4.89974852017,15.0,1.8345704709e-06,3.73231445969e-12,9.48999824123,10.4009219656,5.16700137108,5.47154595187,PG,3500
201619.0,Sasha,Kaun,2.9,2,NY@CLE,CLE,NY,,,0.0,0.0,35,0.0,0.0,0.0,0.0,0.0,0.0,0.0,0.0,0.0,0.0,0.0,0.0,0.0,0.0,0.0,,,0.0,,0.905047090032,,C,3500
203094.0,Andrew,Nicholson,0.2,1,ORL@HOU,ORL,HOU,,,0.0,0.0,35,0.0,0.0,0.0,0.0,0.0,0.0,0.0,0.0,0.0,0.0,0.0,0.0,0.0,0.0,0.0,,,0.0,,0.628909708163,,PF,3500
2588.0,Matt,Bonner,7.0,72,SA@WAS,SA,WAS,,,0.0,0.0,35,0.0,0.0,0.0,0.0,0.0,0.0,0.0,0.0,0.0,0.0,0.0,0.0,0.0,0.0,0.0,,,0.0,,0.559305633408,,C,3500
2210.0,Richard,Jefferson,10.1,4,NY@CLE,CLE,NY,,,17.3,18.5,35,1.49696858883,0.189907963322,4.46476533312,3.15028963511,0.413388369949,1.45569118256,0.696674548511,1.70517287515,1.86907955251,4.02740750493,1.95466465695,8.8253868961,2.2754536154,12.2849332822,35.0,2.28883486997e-05,8.01059766372e-11,16.841273777,18.7646808534,9.87621273893,10.7641601983,SF,3500
