NBA_ID,First Name,Last Name,FPPG,Played,Game,Team,Opp,Status,Injury Details,Actual_FD,Actual_DK,Actual_MIN,AST,BLK,FG3A,FTA,OREB,DREB,STL,TOV,REB,FGM,FG3M,FGA,FTM,PTS,MIN,DD,TD,FD,DK,FD_std,DK_std,fd_Pos,fd_Salary
203076.0,Anthony,Davis,36.1,2,GS@NO,NO,GS,,,51.0,55.25,2,2.10309334108,2.64002356891,1.20914230186,6.98595177577,2.86423263504,4.57635173275,1.3176482823,1.74996283326,7.44058436779,9.22596170442,0.633178596553,17.3099438784,5.45102542218,24.5361274276,37.0,0.216500157827,0.000106701936013,42.7848495497,44.6735198255,18.2883846739,17.8811758563,PF,11100
202326.0,DeMarcus,Cousins,44.4,2,SAC@LAC,SAC,LAC,,,25.3,26.75,2,1.48289703879,0.696219147868,0.6649629738,4.39789023525,1.43301431544,2.49569541369,0.517207453315,1.88940002788,3.92870972914,3.82260922149,0.259441719623,8.47571158326,3.35866994672,11.2633301093,15.0,0.00517631337858,1.92162462344e-08,18.739580517,20.0182014049,9.61633981289,9.33308174503,C,10900
201939.0,Stephen,Curry,51.6,2,GS@NO,GS,NO,,,77.3,82.5,2,8.53235297125,0.156097319108,10.0566946874,5.74555859527,0.545214955309,2.3282525033,2.3933794199,2.95390391512,2.8734674586,10.6270932402,4.74155312977,20.0011036735,5.29321365024,31.2889532604,36.0,0.351796948313,0.000350511981042,49.6806932305,54.2008420843,20.2786418711,22.2501939621,PG,10400
201933.0,Blake,Griffin,44.3,2,SAC@LAC,LAC,SAC,,,57.8,59.75,2,4.91541335406,0.470280122869,0.240673971966,7.93473966733,1.89015468313,4.23417808685,1.01218733456,2.54682679182,6.12433276998,10.6295557963,0.0935201109006,18.842163647,5.71987717244,27.072508876,36.0,0.121384961106,0.00267193138622,42.2129363541,44.0294196798,20.6414238917,20.0693295331,PF,10000
202322.0,John,Wall,42.8,2,NY@WAS,WAS,NY,,,37.6,40.25,2,8.59538080498,1.41280844242,3.53970203971,6.36133064316,0.674768646329,1.34802323852,1.84472155926,4.15777521183,2.02279188485,6.73636921138,1.17443417193,14.8539876501,4.69983328703,19.3470058817,36.0,0.350222797433,2.70580742595e-05,37.0247121425,40.317371799,14.5029627575,14.5834402421,PG,9600
101108.0,Chris,Paul,32.3,2,SAC@LAC,LAC,SAC,,,37.7,42.5,2,10.8570671813,0.118698444755,4.74454272875,5.04512197453,0.425129529559,2.49150898657,1.88764722789,2.58858926464,2.91663851613,6.69940824719,1.56421234933,14.7276970053,4.32624405929,19.289272903,38.0,0.626050093866,0.000577795793026,40.4989419749,43.6619832358,14.0714902995,14.4631500469,PG,9400
2546.0,Carmelo,Anthony,35.3,2,NY@WAS,NY,WAS,,,51.4,54.75,2,3.56956059974,0.55498471922,5.20446046337,6.40435663384,1.68859224521,3.3275746775,1.19040373054,2.1089497182,5.01616692271,9.11017493048,1.68437213861,21.1324865986,5.51689312851,25.4216151281,36.0,0.0360854980139,0.000122659952584,38.1771835163,40.3791490177,19.3831180814,19.6635130558,SF,9300
203081.0,Damian,Lillard,36.6,2,PHO@POR,POR,PHO,,,38.8,43.0,2,7.04093902976,0.153107790322,7.2539819486,5.19547627513,0.351439226752,1.96898746872,1.23280482462,3.76174555745,2.32042669547,7.37876476454,2.37700693626,17.6909284002,4.53273313869,21.667269604,36.0,0.17126427622,2.65476619106e-05,34.0232698557,37.4656434946,16.5042942321,17.5628582861,PG,9100
202331.0,Paul,George,40.8,2,UTA@IND,IND,UTA,,,20.1,21.75,2,3.39018811226,0.312964826746,5.92977629935,5.51155454095,1.29345668829,2.34350856488,1.73747352473,3.26578444782,3.63696525317,6.12576816412,1.99223218453,15.8086476075,4.61400008554,18.8577685983,34.0,0.00673792762953,1.11466475902e-05,29.1425013256,31.9634982358,14.7121781288,15.5388399494,SF,8600
203497.0,Rudy,Gobert,31.1,2,UTA@IND,UTA,IND,,,36.4,38.25,2,1.5193993865,3.21562035794,0.0213209914645,3.15619304294,3.63890410985,5.7820144436,0.676674637628,1.72369173617,9.42091855345,3.29642852163,0.00354016456686,5.77556568564,2.09412250287,8.69051971069,31.0,0.229156877061,0.00041672328846,28.3356193095,30.015266673,7.65410335017,7.17330191364,C,8100
201188.0,Marc,Gasol,26.6,2,BKN@MEM,MEM,BKN,,,17.8,19.5,2,3.22700690742,1.03112482106,0.237849434244,4.36141183944,1.04916643774,2.5965463599,0.496798463018,1.70513148952,3.64571279764,5.48612118904,0.0209564043442,11.6670607129,3.49610482237,14.4893036048,30.0,0.0055596984617,7.2918688358e-06,25.0553844017,26.1090754118,13.0430163407,12.6386192153,C,8000
200752.0,Rudy,Gay,30.2,2,SAC@LAC,SAC,LAC,,,34.8,37.75,2,2.98597701905,0.339254045152,3.12109514894,3.91381524958,1.65877077851,2.51676950605,1.07741510984,2.11424516388,4.17554028457,6.9479548751,1.24661486138,15.3239397643,3.20915768691,18.3516822985,31.0,0.0113135978371,1.09634801208e-05,28.5603893146,30.4665996287,14.8361727857,14.8692167383,SF,7900
201572.0,Brook,Lopez,31.5,2,BKN@MEM,BKN,MEM,,,26.0,28.0,2,1.08873583062,1.39454013115,0.0799828780194,4.51356672669,2.43326875614,3.30453726135,0.358857882688,1.43456285104,5.73780601749,6.48237070765,0.00776440699973,12.5919672161,3.61967334025,16.5921791626,28.0,0.063234709194,1.52622569217e-07,27.1828833061,28.2857897577,14.2573919346,13.7847205793,C,7900
203110.0,Draymond,Green,28.3,2,GS@NO,GS,NO,,,35.2,39.0,2,4.76881082692,1.35676560301,4.50386751701,3.69118121356,1.51915811891,2.98118391519,1.7806265611,2.03347302675,4.5003420341,5.10909100183,1.94634178847,11.1509318979,2.17819509105,14.3427188832,37.0,0.0351594282402,0.000352183226717,31.137656866,33.4063770673,11.4630296556,12.1629872872,PF,7800
201599.0,DeAndre,Jordan,32.5,2,SAC@LAC,LAC,SAC,,,53.1,56.0,2,1.08554286596,3.68646534667,0.0310018137062,7.15570442043,4.23596477057,8.74612363061,0.807137576816,1.33421161806,12.9820884012,4.68846910505,0.00774976235383,6.3993371295,2.53550335828,11.9201913307,36.0,0.637498963493,0.00299383456012,36.78000594,39.0653209992,8.91774002522,8.14578234953,C,7700
202324.0,Derrick,Favors,41.3,2,UTA@IND,UTA,IND,,,36.4,37.25,2,1.4315070399,1.53110492801,0.0486262374754,5.11952433405,2.40831293847,3.98500492935,1.3715332396,1.40542756205,6.39331786782,7.10197111547,0.00797628583304,13.5774751041,3.5806434172,17.792561934,31.0,0.109291770011,1.03837347085e-06,32.0116527084,33.2019612959,15.3569785707,14.872619974,PF,7400
202330.0,Gordon,Hayward,23.4,2,UTA@IND,UTA,IND,,,14.5,17.0,2,3.01055878998,0.315384876435,3.07824955489,4.50374595018,0.696607609175,1.24977057605,1.0553673953,2.26599778091,1.94637818523,4.54894757361,1.12400577989,11.022235649,3.48464741288,13.70654834,28.0,0.000982815220243,3.5543968926e-08,21.0335471098,22.8273421289,10.9112781301,11.1306539907,SF,7200
203078.0,Brad,Beal,29.2,2,NY@WAS,WAS,NY,,,33.8,36.0,2,2.48333609433,0.328861280573,5.55119666934,3.98225264058,1.15289145174,1.84775884221,1.07308763617,2.68437268545,3.00065029395,7.6347706033,2.52229109042,17.1762828005,3.04556370191,20.8373959989,37.0,0.00133734775893,2.84548071933e-07,28.2827056412,31.0380769191,16.139223181,16.8661295721,SG,7200
202339.0,Eric,Bledsoe,26.9,2,PHO@POR,PHO,POR,,,55.6,57.75,2,5.95451079095,0.804275790652,3.70118585634,7.57994462776,0.736634240523,1.75580111801,1.9312065187,3.28779676059,2.49243535853,7.09556985773,1.02183241337,15.5135297536,6.11799844568,21.3309705745,38.0,0.0801054234963,2.44096941891e-05,35.4368270493,37.8364947685,15.0308693053,15.0254134582,SG,7100
202691.0,Klay,Thompson,15.0,2,GS@NO,GS,NO,GTD,Back,26.1,27.25,2,1.94342914008,0.613774935979,5.77666141172,2.97948487369,0.227541308071,0.868387399292,0.841102616577,1.48096259368,1.09592870736,6.2322092539,2.35051659537,13.5259434935,2.72081338978,17.5357484929,27.0,3.46818725036e-05,9.6229833338e-12,23.1947991633,25.1653872161,13.4500706468,14.384120094,SG,7100
2216.0,Zach,Randolph,21.6,2,BKN@MEM,MEM,BKN,,,29.1,32.75,2,1.63657401973,0.119536209866,0.284071176699,4.14074166208,2.82627995774,4.37790772806,0.68064980882,2.13099817969,7.2041876858,5.45402818742,0.0553410721922,11.8464938601,3.07963737886,14.0430348259,30.0,0.165881631273,1.43776539839e-06,24.6122949361,26.3145007066,13.1296507945,12.7598298219,PF,6800
2207.0,Joe,Johnson,17.7,2,BKN@MEM,BKN,MEM,GTD,Hand,16.9,18.0,2,3.02993326953,0.10179139792,3.16409739352,1.95373426873,0.906495011959,1.6820258695,0.689218150747,1.26325575108,2.58852088146,4.46424527676,1.0403045891,11.3175207277,1.56568357386,11.5344787165,32.0,0.00110197084581,3.06277275219e-07,19.5043670248,20.787227114,10.7754076943,10.9955590445,SG,6800
201588.0,George,Hill,28.1,2,UTA@IND,IND,UTA,,,22.7,28.0,2,4.59735814101,0.37117257874,5.87417441862,4.2268910703,0.702240452574,1.74840814011,1.41187938307,2.99438337313,2.45064859269,6.45592950228,2.60569914409,13.3736234329,3.33499898545,18.8525571341,37.0,0.01887642184,4.47251941331e-06,29.2610932073,32.2119949459,13.659006857,14.6560026247,PG,6500
202688.0,Brandon,Knight,27.8,2,PHO@POR,PHO,POR,,,44.5,47.75,2,4.91325608534,0.36434309818,5.59666847478,3.3572086654,0.683984667579,1.8485509465,1.54648695849,3.21179288289,2.53253561407,6.83158948809,2.16507474185,15.0834844733,2.92111510383,18.7493688219,34.0,0.0278966407406,8.61122924128e-06,29.7681629172,32.6250943051,14.4610882113,15.2027492362,PG,6400
201144.0,Mike,Conley,26.8,2,BKN@MEM,MEM,BKN,,,37.4,40.0,2,6.51014410124,0.127500909744,3.8061298188,3.55801381206,0.525510698745,1.28811547737,1.20696505056,2.18379237494,1.81362617611,5.4026205531,1.61067391217,12.0671707691,3.22989204829,15.6458070667,32.0,0.111484931803,2.3697780731e-06,28.0725141755,30.2276631349,11.887049354,12.2981938139,PG,6400
101162.0,Marcin,Gortat,22.5,2,NY@WAS,WAS,NY,,,14.5,16.75,2,1.09484180922,1.06794987918,0.019714437816,2.47040941617,1.86260448605,2.91209900594,0.435651208161,1.63526340588,4.77470349199,3.93727919596,0.000362390422944,7.39694074646,1.89900441569,9.77392519804,26.0,0.0143957580121,6.55634868753e-09,18.5177708711,19.5959126005,9.05368575652,8.57751741745,C,6400
101145.0,Monta,Ellis,16.0,2,UTA@IND,IND,UTA,,,25.3,27.5,2,4.02402413352,0.439553490045,2.97564118273,3.44246143176,0.381468737695,0.88985918383,1.606629977,2.76722257931,1.27132792152,5.86468710786,0.725343939344,14.7442653667,2.6248671537,15.0795853088,32.0,0.00756403191548,6.31966509064e-08,23.9663593697,25.7875552625,13.8739663854,13.8249271912,SG,6300
101127.0,Jarrett,Jack,29.7,1,BKN@MEM,BKN,MEM,,,30.1,31.25,2,6.68286688582,0.15259224494,2.61664970131,2.65730749876,0.373306518818,1.47318935256,0.987589195952,2.73698442538,1.84649587138,5.87819330469,0.772175414576,13.8320350698,2.35519421387,14.8837562378,35.0,0.122985250331,2.96343403876e-06,26.6672300686,28.698621548,13.3435150745,13.2695093684,PG,6200
203468.0,C.J.,McCollum,37.5,2,PHO@POR,POR,PHO,,,28.0,29.25,2,2.35486470232,0.167784920919,5.79463100345,2.20239387225,0.680166261767,1.80064591327,1.37690050696,1.49256791578,2.48081217503,6.74912980848,2.31271320141,15.184993165,1.71652928875,17.5275021071,34.0,0.00040819426959,4.31586625521e-08,25.6335767106,27.6608702988,14.5040041313,15.3507902245,SG,6000
2199.0,Tyson,Chandler,23.4,2,PHO@POR,PHO,POR,,,24.7,26.75,2,1.23860580958,1.44616932753,0.140192802545,4.72373337295,4.22937965114,5.62298645038,0.834450639989,1.86024711689,9.85236610152,3.68849275692,0.0,6.26433767802,3.31662447487,10.6936099887,33.0,,,27.075350843,,8.27080978957,,C,5900
202693.0,Markieff,Morris,17.9,2,PHO@POR,PHO,POR,,,28.3,31.75,2,1.49509896909,0.55595138472,2.01194957467,1.70492057598,1.31523144184,1.92216942558,0.92782978553,1.67033517339,3.23740086742,4.50303879007,0.755322023521,10.8828308871,1.35244900017,11.1138486038,23.0,0.00131508401962,5.30157720356e-09,18.5386052655,19.9152765493,10.7691175088,10.7306072597,PF,5800
201954.0,Darren,Collison,22.5,2,SAC@LAC,SAC,LAC,,,25.6,27.25,2,5.70131144375,0.199787026522,3.55328975194,3.62420225017,0.572940012291,0.71045392099,1.25510186373,2.16646053942,1.28339393328,6.24058380329,1.13838077359,13.6117875235,2.66389325716,16.2834416373,35.0,0.0598370983096,1.14015695784e-07,27.118798764,28.9251451067,13.1442030146,13.2339168427,PG,5800
201950.0,Jrue,Holiday,15.7,1,GS@NO,NO,GS,,,29.4,32.0,2,5.60019252893,0.354653648099,3.09237865071,1.9734981644,0.519171502422,0.891258795808,1.0186627688,2.27180992925,1.41043029823,5.4531009608,1.04293689929,12.7119103392,1.78769075116,13.7368295721,27.0,0.049370140126,1.2494960094e-07,24.3044576279,26.1064081421,12.2146460937,12.3083373633,PG,5800
201583.0,Ryan,Anderson,25.0,2,GS@NO,NO,GS,,,28.4,30.25,2,0.80501805995,0.375227030939,6.18555850989,2.1371004435,1.78449927458,3.06048265909,0.531705162238,1.14659657605,4.84498193367,5.88851418787,2.20390172978,13.8277348655,1.74811401645,15.729044122,30.0,0.0236940702425,3.67371684091e-10,23.4178173426,25.3708566987,13.4857240588,14.5080637851,PF,5600
202692.0,Alec,Burks,25.3,2,UTA@IND,UTA,IND,,,12.2,12.75,2,1.52882025323,0.0850280831221,1.18331424891,3.18270206673,0.411475368592,1.41551274765,0.47591154847,1.21427086469,1.82698811624,3.41683531627,0.499302207855,7.97193776025,2.59855929415,9.93153213454,21.0,1.60824692813e-05,6.36747819135e-11,14.3247566524,15.2729167183,8.60229249803,8.46664125487,SG,5600
201152.0,Thaddeus,Young,16.7,2,BKN@MEM,BKN,MEM,,,28.8,30.25,2,1.74664832011,0.351074929493,1.32346607281,2.38161924105,1.76278231229,3.20666920856,1.47501683523,1.81017081149,4.96945152086,5.8910444917,0.478893441836,12.4988495339,1.26680026796,13.5277826932,32.0,0.0255202646352,4.74311225638e-07,23.9531097164,25.3843962389,12.9676248577,12.6719572759,PF,5500
203504.0,Trey,Burke,13.2,2,UTA@IND,UTA,IND,,,24.1,26.25,2,3.11827323747,0.0951126383745,2.81910257627,1.12699286609,0.300235888605,0.770658014859,0.698600739296,1.19204260725,1.07089390346,3.44965320635,0.902200934459,8.70989466148,0.900457819425,8.70196516658,21.0,0.000704730183747,1.4895539004e-10,15.059831855,16.1615554168,8.60633237446,8.84197208686,PG,5400
101106.0,Andrew,Bogut,29.5,1,GS@NO,GS,NO,O,Face,0.0,0.0,2,0.0,0.0,0.0,0.0,0.0,0.0,0.0,0.0,0.0,0.0,0.0,0.0,0.0,0.0,0.0,,,0.0,,0.97707945395,,C,5400
203490.0,Otto,Porter,21.7,2,NY@WAS,WAS,NY,,,31.3,32.25,2,2.12441287936,0.546157022109,3.11192600734,1.68314674208,1.60691668077,3.31179060853,1.29413023699,1.45904604285,4.9187072893,4.15457104997,0.763805887745,9.55616442101,1.2388835707,10.3118315584,35.0,0.0181173130598,1.39509335613e-06,21.6224280999,23.0069695846,9.35467920176,9.41864136036,SF,5400
202334.0,Ed,Davis,18.1,2,PHO@POR,POR,PHO,,,19.2,20.25,2,0.813855219631,1.04298316546,1.20089226039e-05,2.30664539249,2.33918326672,3.41461105604,0.560768080802,0.745334066207,5.75379432277,2.89227199055,1.48681898905e-06,4.79533439742,1.09538568752,6.87993115544,21.0,0.0202626016962,3.65924192527e-09,17.4674355985,18.1581870047,6.618789765,6.07306930756,PF,5300
201569.0,Eric,Gordon,25.4,2,GS@NO,NO,GS,,,18.8,19.5,2,2.45544710781,0.11745176271,3.79591363647,2.14051728257,0.449117433815,0.660480789281,0.64974476181,1.14886675141,1.1095982231,3.41047881464,1.59143186495,8.49666025772,1.6945963188,10.106985813,24.0,0.000144431454675,4.14949500524e-11,15.5072006401,16.9330465067,8.93755180312,9.67513956289,SG,5300
202329.0,Al-Farouq,Aminu,23.8,2,PHO@POR,POR,PHO,,,29.9,32.25,2,1.59899393908,1.4301082326,3.08181855733,3.22706027537,2.13505773228,4.5750884749,1.20625104249,2.28753242913,6.71014620717,3.99940963422,1.13474876015,9.42886584452,2.56940046007,11.7029684887,34.0,0.102619645615,1.06870172295e-06,25.1388209669,27.3394015465,9.57382268205,9.8760258887,SF,5200
200765.0,Rajon,Rondo,26.5,2,SAC@LAC,SAC,LAC,,,42.0,43.25,2,8.59427956453,0.0745276934912,1.9472241687,1.97586130378,1.04059185128,2.52216201837,1.52189783359,3.21911633009,3.56275386965,5.69671783598,0.580691998815,12.1800898985,0.923026564761,12.8971542355,33.0,0.288800246827,0.00107135554169,30.03761295,32.5520692448,12.2760837977,12.0560799886,PG,5100
2037.0,Jamal,Crawford,17.5,2,SAC@LAC,LAC,SAC,,,11.2,11.25,2,1.87789462845,0.134062271402,4.39098178868,3.19666955531,0.184539563398,0.490928627955,0.673562247112,0.919825113122,0.675468191353,4.70253907307,1.38326870152,11.2957365384,2.84091671875,13.6292635664,23.0,2.2935929834e-05,1.33677622195e-13,17.9520912626,19.1374459834,11.0189003131,11.5336202734,SG,5100
201945.0,Gerald,Henderson,20.5,80,PHO@POR,POR,PHO,O,Hip,0.0,0.0,2,0.0,0.0,0.0,0.0,0.0,0.0,0.0,0.0,0.0,0.0,0.0,0.0,0.0,0.0,0.0,,,0.0,,0.645321836294,,SG,5100
203486.0,Mason,Plumlee,25.4,2,PHO@POR,POR,PHO,,,20.4,22.25,2,1.83844629948,0.917761179615,0.0351834493584,4.40090074953,2.42302023337,3.34479007441,1.04469807963,1.59989395143,5.76781030778,4.60847405918,0.00228839597704,7.61403522426,1.93126435997,11.1505008743,27.0,0.0484513276099,1.13130226176e-06,23.1545672599,24.3167293343,9.58781483962,8.99007076092,C,5000
1626161.0,Willie,Cauley-Stein,19.9,2,SAC@LAC,SAC,LAC,,,24.8,26.25,2,0.860363502276,1.0401780964,0.49041826963,2.87696153944,2.50704570951,3.67215697461,0.913800426661,1.36398755473,6.17920268411,3.10253516736,0.135065618263,6.13302150972,1.89671478567,8.23685073865,23.0,0.0425477843652,1.00550975025e-08,19.4864087044,20.6087171318,7.49262910636,7.11140724222,C,5000
203086.0,Meyers,Leonard,16.4,2,PHO@POR,POR,PHO,,,14.2,14.25,2,1.40908777742,0.595082323332,3.81115087279,1.3804030069,1.46527232696,2.3844784514,0.505744028817,1.42764345383,3.84975077836,3.94884855306,1.18187089485,8.88718964446,1.16312480181,10.2426928028,31.0,0.00387518551535,9.2208775362e-09,17.7500346534,19.2530921726,9.11848005096,9.54165666606,C,5000
101133.0,Ian,Mahinmi,27.5,2,UTA@IND,IND,UTA,,,16.0,16.25,2,0.714741983655,1.13252718418,0.001818970611,1.65798482134,2.09000789665,2.82809316093,0.613398964246,0.905031485974,4.91810105759,2.77163833809,1.44183947367e-05,4.92317863539,0.616498940479,6.15979003506,23.0,0.0064953995636,2.269779836e-09,15.7204450905,16.4286162017,6.56831648312,6.07538554017,C,5000
204001.0,Kristaps,Porzingis,24.6,2,NY@WAS,NY,WAS,,,14.2,15.0,2,0.70493780088,0.524321184253,1.81012735128,3.70789700391,1.3021927516,3.60340940985,0.803112104178,1.50713013746,4.90560216145,3.17214916096,0.418756605437,7.71432125282,2.89199855135,9.6550534787,21.0,0.0164797968318,3.21898898078e-10,17.7469192132,18.9798623889,8.11492390187,7.99885492277,PF,4900
201155.0,Rodney,Stuckey,23.1,2,UTA@IND,IND,UTA,,,8.9,9.5,2,2.5878344386,0.182056219503,1.45078672132,2.64886550195,0.305574432602,1.28026242533,0.763025527981,1.58434188149,1.58583685794,3.89335132223,0.444969240945,8.85122626492,2.21635979131,10.4480316767,23.0,0.000237353190454,1.54481986339e-09,16.5386091776,17.6329126161,9.30199425188,9.10811495121,SG,4900
101139.0,C.J.,Miles,23.0,2,UTA@IND,IND,UTA,,,15.4,16.0,2,1.24559771434,0.349951801656,6.24381144836,2.43959208413,0.286594269095,0.496867849662,1.21204855966,1.32371235192,0.783462118758,4.45387285699,2.28586754937,10.9656952078,1.9471623738,13.1407756372,26.0,1.14005723088e-06,4.12460850454e-13,17.7496151219,19.5935798886,11.8384211238,13.1516144811,SF,4900
203124.0,Kyle,O'Quinn,29.1,2,NY@WAS,NY,WAS,,,13.9,15.0,2,1.23400391019,0.825400212302,0.554463244821,1.09174241782,1.49580262379,1.31025560825,0.535177964446,1.12050706824,2.80605823204,2.39549527528,0.136127878559,4.83539051628,0.839630032143,5.76674846126,15.0,0.000131193342952,9.93872327116e-11,12.5856734902,13.3544906656,5.97979912925,5.6198687375,C,4800
200755.0,J.J.,Redick,16.6,2,SAC@LAC,LAC,SAC,,,28.0,29.0,2,1.78516137055,0.203234424746,5.51349406946,3.15293304567,0.194581445445,0.327182094491,0.625885308349,1.11444766601,0.521763539936,6.20755705648,2.55393978255,12.1707739389,2.97473943285,17.9437933284,33.0,1.70763970566e-05,2.89891649986e-14,21.7914434323,23.6517509482,12.7014877023,13.6436541102,SG,4800
201574.0,Jason,Thompson,7.6,1,GS@NO,GS,NO,,,0.0,0.0,2,0.0,0.0,0.0,0.0,0.0,0.0,0.0,0.0,0.0,0.0,0.0,0.0,0.0,0.0,0.0,,,0.0,,0.725301623059,,PF,4800
2754.0,Tony,Allen,22.9,2,BKN@MEM,MEM,BKN,,,21.4,21.75,2,1.56522970313,0.48117854747,0.625699367831,1.80845792157,2.22012735965,2.82582055994,2.52117965426,1.43864951536,5.04594791959,3.98685556363,0.124957172269,8.40547746574,1.10512387491,9.20379217444,29.0,0.0179862133543,5.38386260563e-06,22.1728411207,23.2339373322,9.38314986894,9.00048046909,SG,4800
202325.0,Wesley,Johnson,10.7,2,SAC@LAC,LAC,SAC,,,1.2,1.25,2,0.476520116572,0.234644353733,1.37749593173,0.42207146616,0.311963656692,0.634207400717,0.287170433024,0.336037734378,0.946171057408,1.31492746805,0.406558083061,3.24465541626,0.338895888312,3.37530890748,11.0,3.39337568369e-09,3.68884110332e-19,5.93308619037,6.35169265705,4.11160817105,4.21064065262,SF,4700
200782.0,P.J.,Tucker,7.8,2,PHO@POR,PHO,POR,,,11.2,11.5,2,1.28009726087,0.213294863954,3.12913964652,1.63247367203,1.49885316036,2.19081436062,1.26938585875,1.16987660928,3.68966752099,3.11415596193,0.797830213783,7.33418536502,0.99117365548,8.01731579313,31.0,0.00198961429249,3.92342673318e-09,16.1605475457,17.3318687665,7.60980589957,7.83798845857,SF,4700
2746.0,Josh,Smith,14.0,2,SAC@LAC,LAC,SAC,,,5.9,7.0,2,1.24419848006,0.887514141571,1.05644751089,1.52565221747,0.906009796255,1.14325752099,0.358921228664,1.31384800636,2.04926731724,1.83152728668,0.293224368089,4.7345739577,0.763008908108,4.71928784955,12.0,6.78405383589e-06,5.56869224808e-12,10.2237290845,11.1297388136,5.37547339529,5.28596166156,PF,4700
201167.0,Arron,Afflalo,19.3,78,NY@WAS,NY,WAS,O,Hamstring,0.0,0.0,2,0.0,0.0,0.0,0.0,0.0,0.0,0.0,0.0,0.0,0.0,0.0,0.0,0.0,0.0,0.0,,,0.0,,0.525658574592,,SG,4600
202682.0,Derrick,Williams,23.2,2,NY@WAS,NY,WAS,,,10.7,11.75,2,0.519436583946,0.109212379155,1.69899939182,2.6855980939,0.603580890134,0.7394780471,0.403011899864,0.711395173691,1.34305893723,2.53289913908,0.496005107346,5.80723845508,1.86715836751,7.42896175301,15.0,5.57912055455e-07,1.49263388875e-16,10.132840738,10.8036946622,6.53330657109,6.4939303933,PF,4600
203499.0,Shane,Larkin,19.0,2,BKN@MEM,BKN,MEM,,,6.2,6.25,2,2.05754963861,0.16748943695,0.74590908832,0.542887598636,0.159981539289,0.226834783118,0.669608176383,0.647063357241,0.386816322408,1.41934664455,0.189444496893,3.41093399714,0.385286211425,3.41342399741,13.0,2.63023341541e-06,7.19539297809e-15,7.99105991164,8.42865860018,4.2492731852,4.08785556077,PG,4600
203084.0,Harrison,Barnes,22.7,2,GS@NO,GS,NO,,,21.4,22.25,2,1.76606299272,0.193836120332,2.60860998766,1.98832284621,1.30155032225,2.76703917674,0.623160282647,0.879171489058,4.06858949899,4.65073454229,0.870328929013,9.6214773723,1.55479542855,11.7265934422,32.0,0.00661019327199,1.09025137617e-07,20.0128166469,21.1009119479,9.81161594536,9.79139425054,SF,4600
200745.0,Andrea,Bargnani,17.3,2,BKN@MEM,BKN,MEM,,,4.2,5.25,2,0.635380843006,0.473286446911,0.81401682402,1.91822394237,0.623479733105,0.941699736337,0.113558017389,0.800397326102,1.56517946944,2.99880758638,0.29925059062,6.44078597608,1.58170877107,7.87857453446,15.0,2.38318454556e-06,4.19808716877e-15,11.0831527648,11.7112392714,7.36455347019,7.10647266598,C,4600
204038.0,Langston,Galloway,22.3,2,NY@WAS,NY,WAS,,,31.4,33.25,2,3.11348462252,0.280886090285,3.68689028184,2.09852956495,0.843062921449,1.97732869843,0.900961175027,0.928459796374,2.82039161987,3.96673876011,1.73921436096,9.16177750559,1.76885648273,11.4415483639,28.0,0.00149077228964,7.01025004253e-07,20.9314799758,22.408574897,9.51622805063,10.1777119767,SG,4600
201941.0,Jordan,Hill,15.4,2,UTA@IND,IND,UTA,,,0.0,0.0,2,0.0,0.0,0.0,0.0,0.0,0.0,0.0,0.0,0.0,0.0,0.0,0.0,0.0,0.0,0.0,,,0.0,,0.790480319449,,C,4500
201145.0,Jeff,Green,16.7,2,BKN@MEM,MEM,BKN,,,25.3,26.0,2,2.13704922928,0.371495742029,3.11004068334,3.52052151388,0.468937039664,1.38545689378,0.507742948548,1.1635693847,1.85439393345,4.24297463375,1.18844801623,9.50824046608,2.81275062761,12.4871479113,27.0,8.10947962062e-05,1.53778339722e-09,18.5129024718,19.7817525158,9.76768953594,10.0416922348,SF,4500
203463.0,Ben,McLemore,9.1,2,SAC@LAC,SAC,LAC,,,4.2,4.25,2,0.429846934247,0.0533256574343,1.31549033813,0.587173547727,0.138120706557,0.232538305111,0.257581074087,0.427207857456,0.370659011668,1.23492984784,0.478658359079,3.05673866259,0.502971394217,3.45148944897,10.0,2.72404268424e-12,2.18101337569e-23,4.73565626993,5.20712232879,4.01173703746,4.19643964005,SG,4500
203080.0,Thomas,Robinson,12.9,2,BKN@MEM,BKN,MEM,,,22.4,24.0,2,0.625764160416,0.4946142682,0.0276447141013,1.8857725631,1.82747963624,2.41997149821,0.587815678197,1.13905520214,4.24745113446,2.29262611291,0.000675562577056,4.58949893678,0.962418052807,5.5483458412,15.0,0.00203789363571,4.86838846424e-12,12.6097381338,13.3950329134,6.10797877256,5.71715975138,PF,4500
1626170.0,Jerian,Grant,22.8,2,NY@WAS,NY,WAS,,,12.4,14.5,2,2.98356305997,0.173079959435,0.840168737588,1.4133725212,0.701135772806,2.46916617003,0.94964556024,1.37699103571,3.17030194284,2.53548345778,0.26631533315,5.54141804147,1.04596449381,6.38324674252,21.0,0.000691191499389,4.44733152717e-07,15.5314136675,16.5126200705,6.44608101644,6.20515707429,PG,4500
201600.0,Omer,Asik,21.5,76,GS@NO,NO,GS,GTD,Calf,3.2,3.25,2,0.335491066975,0.26563246296,4.31119607637e-05,1.08375010014,1.20671938663,1.14900932564,0.196291332703,0.463632401489,2.35572871227,1.01535574597,2.04109744955e-06,1.95916845248,0.633798912642,2.66451244569,10.0,2.29859806261e-06,9.35315356921e-18,6.45483869071,6.80444579551,3.40061860469,3.07463803052,C,4500
2743.0,Kris,Humphries,12.4,2,NY@WAS,WAS,NY,,,10.1,10.25,2,0.685233517324,0.240219558849,0.389270480241,1.40774142828,1.2673467445,1.53546830668,0.348188693391,0.670430726967,2.80281505118,2.11553985519,0.134060781094,4.68110278291,1.15853617746,5.52367666894,15.0,0.000114360167289,3.8705536981e-13,10.4212907839,10.9638488307,5.78204514573,5.50538629983,PF,4400
201577.0,Robin,Lopez,16.9,2,NY@WAS,NY,WAS,,,23.1,25.0,2,1.23763864501,1.76560553391,0.012688301287,2.48813849475,3.56451175782,3.302457151,0.210934289433,2.24983423133,6.86696890881,4.9066720205,1.31023350754e-07,9.13161690065,2.10725092828,11.9205951003,31.0,0.118319129486,2.0401557837e-06,23.7206611737,25.3664116151,10.7938072128,10.3030615392,C,4400
101181.0,Jose,Calderon,6.9,2,NY@WAS,NY,WAS,,,14.5,16.0,2,2.91811775438,0.00772224559882,2.78732765227,0.676571535183,0.229143890754,0.601009085424,0.575510474958,1.17806149941,0.830152976177,2.32305674571,0.967960546378,6.18686097207,0.635860663333,6.24993470114,21.0,0.000230710027048,4.80822317408e-12,11.6116988458,12.7265635826,6.66502032745,7.14804298995,PG,4400
1718.0,Paul,Pierce,18.6,2,SAC@LAC,LAC,SAC,,,3.4,5.0,2,0.914599726318,0.131074064316,2.12989311114,1.67173752803,0.297546015092,0.995471384346,0.388139646618,0.707084307323,1.29301739944,1.96284873467,0.756882805165,4.49220133434,1.3583174661,6.04089774061,14.0,2.68918341167e-07,1.26989528117e-14,9.29576132396,10.0923961536,5.59394271168,5.88560335974,SF,4400
202344.0,Trevor,Booker,5.6,1,UTA@IND,UTA,IND,,,10.0,10.25,2,1.14024036638,0.57953395771,1.20067616184,1.98728730337,2.1006750714,2.89291214214,0.603388616011,1.19487880995,4.99358721353,3.56109500486,0.36773643999,8.01655190823,1.15795946565,8.64788591536,28.0,0.0151298865844,5.54535528389e-09,17.5215174586,18.5751992908,8.58922222106,8.36684841702,PF,4300
203918.0,Rodney,Hood,21.2,2,UTA@IND,UTA,IND,,,29.5,31.75,2,2.46546284233,0.222428293447,4.97529372438,1.68291265482,0.429948274879,1.11445359289,1.01833279018,1.43411099511,1.54440186777,5.17343320711,1.57881272591,11.8333520642,1.33194318198,13.2576223221,29.0,0.000203991085902,1.07920872557e-09,19.8565099991,21.4404979428,11.5584229832,12.1897327369,SG,4300
2738.0,Andre,Iguodala,21.4,2,GS@NO,GS,NO,,,22.9,23.75,2,3.39438280001,0.26067773299,3.16758124468,1.49677621128,1.01500232464,1.69147869237,1.35442095977,0.944955496784,2.70648101702,3.52651454901,1.18129694199,7.26826152014,0.871728204134,9.10605424415,30.0,0.0016480048969,7.08802672382e-07,19.7306475533,20.9315719573,8.06292613672,8.43219386706,SF,4300
2403.0,Nene,Hilario,14.8,2,NY@WAS,WAS,NY,,,13.9,14.0,2,1.52276891947,0.197650473935,0.0403884543189,2.52238602983,0.836642191681,1.50121290385,0.700450967994,1.17011779391,2.33785509553,2.98669429776,0.00805800295643,5.95926247991,1.51841000017,7.49985659864,18.0,6.10810717745e-05,2.77435514657e-10,13.2155211824,13.9215934581,7.53005603091,7.12040389882,PF,4200
2549.0,Chris,Kaman,18.3,74,PHO@POR,POR,PHO,,,0.0,0.0,2,0.0,0.0,0.0,0.0,0.0,0.0,0.0,0.0,0.0,0.0,0.0,0.0,0.0,0.0,0.0,,,0.0,,0.836084764936,,C,4200
201978.0,Chase,Budinger,8.2,2,UTA@IND,IND,UTA,,,8.1,8.75,2,0.8772648912,0.082819250054,1.77828265384,0.699471074879,0.289213808082,0.616140436674,0.437461805155,0.423256360145,0.905354244756,1.68311781264,0.672726716674,4.05861064288,0.576767691297,4.61573003324,14.0,9.69608976247e-09,1.8670241105e-16,7.63535821402,8.22861747921,4.97730669915,5.25086266845,SF,4200
203458.0,Alex,Len,16.5,2,PHO@POR,PHO,POR,,,6.8,8.0,2,0.271167206437,0.803554362775,0.0224871939736,1.20556833951,1.32890534762,1.58217613289,0.343285377707,0.82301211408,2.91108148051,1.54829755125,0.00677912497338,3.40029997456,0.745764672474,3.84913889995,13.0,4.75711625979e-05,7.10588388902e-13,9.2198548531,9.7803759034,4.71582437075,4.40765800931,C,4100
201196.0,Ramon,Sessions,18.8,2,NY@WAS,WAS,NY,,,12.9,13.5,2,1.67906691552,0.00446349111722,0.741113562272,2.29934787866,0.229630862928,0.391525572841,0.384483421055,0.82165574504,0.621156435769,1.50310031742,0.255208608147,3.63489537399,1.82608047956,5.08748972255,12.0,1.43012570545e-06,1.93793225785e-15,8.30771589806,8.87720804163,4.69578447886,4.59187431144,PG,4100
201967.0,Dante,Cunningham,13.1,2,GS@NO,NO,GS,,,11.2,12.25,2,0.634060409716,0.491903933264,0.600958365324,0.494697534811,0.746248024387,1.45268894537,0.580805577804,0.360261526058,2.19893696976,1.94456042387,0.211015481473,4.2898983061,0.302669607232,4.40280593645,22.0,9.75836858987e-06,2.42562565568e-14,9.77777841082,10.1733784006,5.21272470811,4.98669477917,PF,4100
202711.0,Bojan,Bogdanovic,9.3,2,BKN@MEM,BKN,MEM,,,25.4,26.0,2,1.2549860504,0.11618073964,4.03499369529,2.57097220807,0.602116386733,1.65723654008,0.580709903174,1.66007174898,2.25935292681,5.0573051721,1.07270785785,11.0318093671,1.90649095502,13.0938091571,34.0,0.000101149185941,8.62925058399e-11,17.4212212815,18.9007304553,10.7126680068,10.9302339525,SF,4000
204025.0,Tim,Frazier,3.5,1,PHO@POR,POR,PHO,,,1.4,2.0,2,1.14601560978,0.016911006113,0.34551607708,0.421922178093,0.160987940737,0.230687304134,0.176445271371,0.446977901897,0.391675244871,0.498079603719,0.0994166197399,1.28115039525,0.240997142321,1.3365729695,5.0,6.57016454151e-10,1.07852985291e-20,3.46534133108,3.75812235513,2.32433511299,2.2512752007,PG,4000
203085.0,Austin,Rivers,15.9,2,SAC@LAC,LAC,SAC,,,-2.0,-1.0,2,1.03267653665,0.135011325923,1.19722612157,1.21602208183,0.159293833535,0.379666235054,0.447220851544,0.559259768633,0.538960068589,1.47195432784,0.339435004728,3.80941201283,0.793709301283,4.0770529617,12.0,1.17302399396e-08,4.777822594e-18,6.87802443528,7.35431984298,4.52773543817,4.53391206089,PG,4000
2733.0,Shaun,Livingston,9.9,2,GS@NO,GS,NO,,,9.7,10.75,2,3.32540794896,0.243594927449,0.0268205436354,1.88359381901,0.520911629284,0.731822993539,0.819005315067,1.40240987612,1.25273462282,2.33995829876,0.000842169077469,5.32796199929,1.46987166873,6.15063043533,22.0,0.000518643191338,4.47178894275e-10,13.3648145151,14.1298552349,6.63052603113,6.30860508635,PG,4000
2757.0,Beno,Udrih,14.7,2,BKN@MEM,MEM,BKN,,,16.9,18.0,2,2.53027391722,0.131642726031,1.17429536545,0.982385650866,0.161227433565,0.437763963047,0.433268446956,1.05904219905,0.598991396612,2.56329372474,0.424608567267,5.19334682884,0.866652071376,6.41784808811,15.0,7.98846151473e-05,7.94899207978e-14,11.0028287868,11.7747235667,6.12410890046,5.94298460145,PG,4000
201162.0,Jared,Dudley,19.2,1,NY@WAS,WAS,NY,,,6.1,6.75,2,1.32511783442,0.177310800488,1.87875022654,0.728255707719,0.369145791671,1.15049234841,0.750624878291,0.685871129667,1.51963814008,1.82064573711,0.70684247125,3.9712464853,0.482415257962,4.83054920343,18.0,8.35382259448e-07,8.95494300527e-13,9.81179195105,10.5841319116,5.11236193077,5.36059313631,SF,4000
201148.0,Brandan,Wright,12.3,2,BKN@MEM,MEM,BKN,,,11.0,11.75,2,0.353268919178,1.01421582134,0.0234677559618,1.43220928647,1.40048592071,1.40048926133,0.421936374531,0.525672981991,2.80097518204,2.730180633,2.22109143549e-06,4.23731889647,1.06041898008,6.52078246718,16.0,0.000173259010605,2.19517873446e-11,12.7584874742,13.1616337234,6.02888245517,5.4100861007,C,4000
202347.0,Quincy,Pondexter,12.6,75,GS@NO,NO,GS,O,Knee,0.0,0.0,2,0.0,0.0,0.0,0.0,0.0,0.0,0.0,0.0,0.0,0.0,0.0,0.0,0.0,0.0,0.0,,,0.0,,0.580124192446,,SF,3900
201962.0,Toney,Douglas,11.1,12,GS@NO,NO,GS,,,25.6,27.75,2,2.83062263759,0.304604703927,2.82961485792,1.55134401031,0.479476818065,0.548683428856,1.08130545837,1.38071686066,1.02816024692,2.87399581013,0.903088341128,7.11916646937,1.05776110569,7.70884106707,23.0,0.000278471391827,1.02905588139e-10,14.5796707837,15.7733991043,7.46951345245,7.79242621708,PG,3900
203459.0,Allen,Crabbe,10.1,2,PHO@POR,POR,PHO,,,10.0,11.0,2,0.878553832721,0.259587573484,2.08173115879,0.505019596916,0.149887071366,0.635465747791,0.612882886722,0.552028861293,0.785352819158,1.66032678228,0.640423137549,4.25100188553,0.404773510857,4.36585021296,17.0,5.10352402911e-09,5.02336118855e-17,7.81901640415,8.45451005219,5.06199604801,5.36361040714,SG,3900
203933.0,T.J.,Warren,18.8,2,PHO@POR,PHO,POR,,,1.2,1.25,2,0.667647624874,0.207761883537,1.10462906073,0.819845655407,1.07063960827,1.75080312594,0.432997070037,0.808580520697,2.82144273421,3.40995211488,0.295030647824,7.26827839191,0.536893541924,7.65182841952,19.0,0.000264140256733,7.10642289174e-13,12.5119685243,13.2052424557,7.91876057758,7.62443583375,SF,3900
201601.0,Luc Richard,Mbah a Moute,1.5,1,SAC@LAC,LAC,SAC,,,0.0,0.0,2,0.0,0.0,0.0,0.0,0.0,0.0,0.0,0.0,0.0,0.0,0.0,0.0,0.0,0.0,0.0,,,0.0,,0.707667257319,,SF,3900
202066.0,Garrett,Temple,0.0,1,NY@WAS,WAS,NY,,,0.0,0.0,2,0.0,0.0,0.0,0.0,0.0,0.0,0.0,0.0,0.0,0.0,0.0,0.0,0.0,0.0,0.0,,,0.0,,0.780481161683,,PG,3900
201961.0,Wayne,Ellington,7.1,2,BKN@MEM,BKN,MEM,,,6.0,7.0,2,0.492371857417,0.0545510686563,1.45121451043,0.274871293511,0.135455636477,0.265225013523,0.244373591145,0.217997929789,0.40068065,1.22692017802,0.528281992754,3.21375840562,0.225820504178,3.20794285297,9.0,8.03158117457e-12,1.45339364424e-22,4.80716880891,5.20034280269,4.07421549032,4.33362748062,SG,3900
201956.0,Omri,Casspi,20.8,2,SAC@LAC,SAC,LAC,,,14.8,17.0,2,1.45409563567,0.10703960934,1.42923482524,2.44424661208,1.04378989119,2.13303279278,0.447980849469,1.39027388408,3.17682268397,3.22905687803,0.597008722007,6.44960959117,1.72112096837,8.77624344643,21.0,0.000822177838969,2.56801402862e-09,14.4893411542,15.6430568659,7.38569997982,7.2494600056,SF,3900
201578.0,Marreese,Speights,19.4,2,GS@NO,GS,NO,,,9.2,10.25,2,0.893497174128,0.493141795335,0.27127298271,2.05078373169,1.25673256147,1.32711571285,0.192863502381,0.961850343429,2.58384827432,3.65685025715,0.0550048070168,7.41123646946,1.69608886953,9.06479419084,14.0,0.000187126951183,7.47077595725e-12,13.9158181332,14.5537188126,8.73064972862,8.31535846758,PF,3900
2571.0,Leandro,Barbosa,12.3,2,GS@NO,GS,NO,,,9.0,9.5,2,1.13039498798,0.0884769359786,1.21457187028,0.818034364238,0.22389550506,0.334856041695,0.56172994948,0.526257641286,0.558751546755,2.19313270043,0.525493258153,4.65982917977,0.64196124154,5.55371990056,12.0,6.41849453043e-08,6.46973958944e-17,8.69397036826,9.2477834916,5.57135974861,5.53793728577,SG,3900
201158.0,Marco,Belinelli,17.7,2,SAC@LAC,SAC,LAC,,,16.9,17.5,2,2.43657216688,0.0432201189229,4.64628646972,2.23110138645,0.333044703161,1.00626576459,0.7617019201,1.05734493704,1.33931046775,3.52563846655,1.72557607307,9.41310911302,1.9165581445,10.6934111507,28.0,0.000146913245815,2.23793057241e-10,16.5079411033,17.9665875023,9.75227283396,10.6936212857,SG,3900
2400.0,Drew,Gooden,11.1,2,NY@WAS,WAS,NY,,,29.2,32.75,2,1.34106988198,0.546975508586,1.83875569752,1.35068466099,2.38734696932,2.67647847274,0.67186268104,0.903310136473,5.06382544206,3.23470173398,0.63879519288,7.92706118114,1.10916396036,8.21736262119,24.0,0.0149495211964,2.31013874507e-08,17.8399242174,18.8865925053,8.10987170361,8.12039081591,PF,3800
202720.0,Jon,Leuer,21.3,2,PHO@POR,PHO,POR,,,18.1,20.0,2,1.40627011784,0.299321650643,1.21177956746,1.73762720242,1.29767023883,2.82063303038,0.376609163131,0.80197019399,4.1183032692,3.29784329882,0.471594872254,7.38675130686,1.13659699612,8.20387846601,22.0,0.00427888267091,1.00018459832e-08,15.8051389994,16.65425505,8.00718048536,7.84939742265,PF,3800
203524.0,Solomon,Hill,17.5,82,UTA@IND,IND,UTA,,,0.0,0.0,2,0.150019735155,0.015419181187,0.17436101761,0.154603790009,0.0596270903085,0.0617714794823,0.0545669513055,0.0970045386967,0.121398569791,0.206411303008,0.0565112417674,0.516814861495,0.126960587098,0.596294434881,2.0,1.57897208381e-19,2.41209186714e-35,1.00997004765,1.09279786637,1.45642651726,1.42656374153,SG,3800
201584.0,Courtney,Lee,16.7,2,BKN@MEM,MEM,BKN,,,20.7,21.75,2,1.90241707275,0.255128905715,3.51209537986,2.51167494366,0.466615701396,0.60029406803,1.35382216662,0.983245689341,1.06690976943,3.99340479925,1.08357184634,9.51082880093,2.34942429662,11.4198057415,34.0,2.30615851916e-05,4.10224487981e-11,17.7883795292,18.875168378,9.475937234,9.80834170621,SG,3800
201971.0,DeJuan,Blair,4.5,29,NY@WAS,WAS,NY,,,-0.8,0.25,2,0.144336449643,0.0433161812264,0.00305496817986,0.256369138375,0.407623331307,0.394248424261,0.173105216357,0.294976246899,0.801871755568,0.627436884524,5.61476735314e-07,1.2829959651,0.164990452206,1.41986478273,4.0,1.49589593448e-11,9.92910034567e-26,2.73648211214,2.92406410413,2.49354401891,2.22636870444,C,3800
202390.0,Gary,Neal,13.4,2,NY@WAS,WAS,NY,,,5.5,6.5,2,1.1399585106,0.00858126526203,1.9287769861,1.64734048125,0.195530803639,0.327874408853,0.215360600251,0.753658044323,0.523405212492,2.40731001428,0.569836381788,6.37640458425,1.48389154133,6.86834795167,15.0,1.10637660587e-07,2.92453219088e-17,8.90059765927,9.5885152989,6.61258501299,6.71007092479,SG,3800
201585.0,Kosta,Koufos,24.0,2,SAC@LAC,SAC,LAC,,,14.4,14.75,2,0.915266032816,1.43860681557,0.000141090345728,1.28524795799,3.31810175448,3.31810808347,0.559966641759,1.38652722401,6.63620983795,4.12138312777,4.06568753267e-06,8.15942695289,0.830148014799,9.07291833603,29.0,0.0693111835302,2.01062926246e-07,21.0198888814,22.1489323967,9.65979163485,9.22614870863,C,3700
2756.0,Sasha,Vujacic,21.1,2,NY@WAS,NY,WAS,,,18.2,19.0,2,2.255283625,0.158629968693,4.08964982685,1.28970144561,0.745722359141,1.35101401478,1.17316449599,1.26501658282,2.09673637392,3.41737916411,1.38290439604,8.92326652363,1.0366019433,9.25426466756,26.0,0.000101336005613,4.49201118441e-09,16.5518461003,17.9807954259,9.07418109532,9.77491022346,SG,3700
202338.0,Kevin,Seraphin,12.6,79,NY@WAS,NY,WAS,GTD,Knee,0.0,0.0,2,0.0,0.0,0.0,0.0,0.0,0.0,0.0,0.0,0.0,0.0,0.0,0.0,0.0,0.0,0.0,,,0.0,,0.780742281122,,PF,3700
203141.0,Mirza,Teletovic,6.8,2,PHO@POR,PHO,POR,,,0.0,0.0,2,0.195613110541,0.0622682576759,0.915972313778,0.196201404091,0.134519738148,0.194331666995,0.0783295836244,0.217417984477,0.328851405143,0.531910935911,0.278244345508,1.50657798645,0.126588972208,1.46865518954,4.0,1.50325991584e-14,2.82764260653e-28,2.22047423964,2.48474797489,2.54014135252,2.73254631604,PF,3700
202332.0,Cole,Aldrich,0.5,2,SAC@LAC,LAC,SAC,,,0.0,0.0,2,0.0,0.0,0.0,0.0,0.0,0.0,0.0,0.0,0.0,0.0,0.0,0.0,0.0,0.0,0.0,,,0.0,,0.945372680048,,C,3600
202730.0,Lavoy,Allen,3.6,2,UTA@IND,IND,UTA,,,8.5,10.75,2,1.41190277913,0.783330348171,0.0265027609692,0.992548467392,2.24369212338,2.65246766562,0.269193084726,1.08344088879,4.896159789,2.54289520396,0.00409595834903,5.6069676189,0.651590306137,5.74147667241,22.0,0.00527963641391,1.2843579942e-08,14.7563285649,15.5528244711,6.87611024029,6.5327329354,PF,3600
202407.0,Elijah,Millsap,3.2,2,UTA@IND,UTA,IND,,,0.0,0.0,2,0.225842960408,0.0624050420061,0.346243459712,0.331762175844,0.133078706297,0.14836350632,0.221069334207,0.253996911051,0.281442212617,0.36183341054,0.106618507448,1.01778132259,0.22628780476,1.05657313329,4.0,6.82908827197e-16,8.32734726404e-29,2.04602007042,2.2403998903,1.96184286917,1.96249631237,SF,3600
203462.0,Archie,Goodwin,10.9,2,PHO@POR,PHO,POR,,,0.0,0.0,2,0.0,0.0,0.0,0.0,0.0,0.0,0.0,0.0,0.0,0.0,0.0,0.0,0.0,0.0,0.0,,,0.0,,0.793108957186,,PG,3600
2440.0,Matt,Barnes,11.5,2,BKN@MEM,MEM,BKN,,,7.2,7.25,2,0.762746242848,0.258433801947,2.9324531775,0.654883950305,0.352626437631,0.649172400916,0.650483578892,0.612634676233,1.00179883855,1.83300978355,0.932005212783,4.70469651797,0.46688463351,5.06490941339,16.0,2.02200112936e-08,2.10396532256e-16,8.61638746936,9.43879738613,5.89590982222,6.48049676267,SF,3600
203112.0,Quincy,Acy,13.2,68,SAC@LAC,SAC,LAC,,,0.0,0.0,2,0.0,0.0,0.0,0.0,0.0,0.0,0.0,0.0,0.0,0.0,0.0,0.0,0.0,0.0,0.0,,,0.0,,0.712722734361,,PF,3600
1626164.0,Devin,Booker,9.3,2,PHO@POR,PHO,POR,,,0.0,0.0,2,0.0,0.0,0.0,0.0,0.0,0.0,0.0,0.0,0.0,0.0,0.0,0.0,0.0,0.0,0.0,,,0.0,,0.75902548694,,SG,3600
203893.0,Russ,Smith,6.4,1,BKN@MEM,MEM,BKN,,,0.0,0.0,2,0.0,0.0,0.0,0.0,0.0,0.0,0.0,0.0,0.0,0.0,0.0,0.0,0.0,0.0,0.0,,,0.0,,0.824883560993,,PG,3500
204060.0,Joe,Ingles,5.8,2,UTA@IND,UTA,IND,,,18.6,19.75,2,1.74757153798,0.0922758682156,2.29768746001,0.555028472783,0.199666852199,0.797368485696,0.790649322103,0.850829785291,0.997035337895,1.80241494666,0.800284400164,4.11189233774,0.456705659537,4.86181995303,19.0,2.20099182203e-06,2.65066986163e-13,9.59464026082,10.4700524219,5.33670740699,5.72141787194,SF,3500
203900.0,Markel,Brown,6.9,2,BKN@MEM,BKN,MEM,,,3.0,4.0,2,0.971824587407,0.183476046061,1.33557679491,1.16022823144,0.252853620043,0.387320924691,0.52117956243,0.581765137273,0.640174544734,1.42047361991,0.262396801051,3.98849411581,0.85567786345,3.95902190433,14.0,6.04300446522e-09,1.20541357616e-17,7.01251431883,7.46660402429,4.4784105827,4.4470714192,SG,3500
203963.0,Shayne,Whittington,5.5,20,UTA@IND,IND,UTA,,,-2.0,-1.0,2,0.122130378912,0.0380051859164,0.120892085991,0.357014429021,0.160154824457,0.207973189848,0.0735165027257,0.119935277686,0.368128014305,0.331921440876,0.0279672916482,0.746202109512,0.273773345376,0.965583518777,2.0,2.3266282926e-15,4.26408527046e-31,1.69364080391,1.78599848929,1.85866483367,1.71480500537,C,3500
2406.0,Caron,Butler,12.4,1,SAC@LAC,SAC,LAC,,,4.0,4.0,2,0.593337504789,0.039605339721,1.81232399073,0.468406440962,0.231175490549,0.231175490549,0.397923879748,0.376007149927,0.462350981098,1.68728670736,0.634441049368,3.88640182372,0.418644912156,4.42765937624,14.0,1.08119886524e-10,9.86756968557e-21,6.37153809976,6.89987974862,4.88056052336,5.11435590242,SF,3500
202353.0,Tibor,Pleiss,3.2,1,UTA@IND,UTA,IND,,,0.0,0.0,2,0.0,0.0,0.0,0.0,0.0,0.0,0.0,0.0,0.0,0.0,0.0,0.0,0.0,0.0,0.0,,,0.0,,0.845316737641,,C,3500
203961.0,Eric,Moreland,5.2,1,SAC@LAC,SAC,LAC,,,0.0,0.0,2,0.0,0.0,0.0,0.0,0.0,0.0,0.0,0.0,0.0,0.0,0.0,0.0,0.0,0.0,0.0,,,0.0,,0.855560876,,PF,3500
202341.0,James,Anderson,1.5,2,SAC@LAC,SAC,LAC,,,0.0,0.0,2,0.0,0.0,0.0,0.0,0.0,0.0,0.0,0.0,0.0,0.0,0.0,0.0,0.0,0.0,0.0,,,0.0,,0.683138946835,,SG,3500
202362.0,Lance,Stephenson,10.4,2,SAC@LAC,LAC,SAC,,,13.4,14.5,2,3.43795802793,0.0843131710095,1.92140798351,1.41934345162,0.547654650172,0.966654384067,0.516707087452,1.81557001731,1.51430903424,3.04271847967,0.438301489584,7.66333466629,0.872723137215,7.39646158615,24.0,0.00104566903245,4.64437783408e-09,13.7570399687,14.9612596914,7.71766399957,7.63724957523,SG,3500
202498.0,Lance,Thomas,14.1,2,NY@WAS,NY,WAS,,,14.7,15.75,2,1.15677092078,0.109300511865,0.56422475329,1.95344824723,0.976661566595,1.51837535439,0.54494506404,1.41529177777,2.49503692099,3.56903031587,0.291076086392,7.29429898711,1.48377662314,8.91291334128,26.0,0.000138269374045,5.73557816725e-11,13.5353134017,14.513456584,8.40660003504,8.09075461589,SF,3500
202708.0,Norris,Cole,15.9,75,GS@NO,NO,GS,O,Ankle,0.0,0.0,2,0.0,0.0,0.0,0.0,0.0,0.0,0.0,0.0,0.0,0.0,0.0,0.0,0.0,0.0,0.0,,,0.0,,0.737434341042,,PG,3500
101187.0,Alan,Anderson,13.2,74,NY@WAS,WAS,NY,O,Ankle,0.0,0.0,2,0.0,0.0,0.0,0.0,0.0,0.0,0.0,0.0,0.0,0.0,0.0,0.0,0.0,0.0,0.0,,,0.0,,0.577654934554,,SG,3500
203105.0,Festus,Ezeli,21.6,2,GS@NO,GS,NO,,,12.5,12.75,2,0.359104599588,1.1714275072,0.00427460276396,2.32240043649,1.68505306405,2.07422871776,0.262574152265,0.895546543592,3.75928178181,1.88698438867,0.00117726079399,3.78061996867,1.1730790883,4.94822512643,15.0,0.000646969263036,3.00542275872e-10,11.9704769393,12.6077733854,5.38142099283,5.01836816041,C,3500
201575.0,Brandon,Rush,2.2,2,GS@NO,GS,NO,,,13.3,14.0,2,0.548573189339,0.361040042553,1.17189665868,0.352217301196,0.184003055992,0.337598321044,0.206911580531,0.453743917016,0.521601377036,0.785151222098,0.292506586469,2.4526626088,0.190362756978,2.05317178764,11.0,7.75431754647e-12,1.26976147696e-21,4.18411255325,4.58331787385,3.1430337102,3.2988161512,SG,3500
1626183.0,Branden,Dawson,0.0,0,SAC@LAC,LAC,SAC,,,0.0,0.0,2,0.0,0.0,0.0,0.0,0.0,0.0,0.0,0.0,0.0,0.0,0.0,0.0,0.0,0.0,0.0,,,0.0,,0.845620626624,,PF,3500
202337.0,Luke,Babbitt,7.2,63,GS@NO,NO,GS,GTD,Hamstring,11.7,12.5,2,1.02366878471,0.372565202219,4.51306042625,0.652153621196,0.476762899177,1.30359770209,0.509110111846,0.958065265194,1.78036060126,3.22457003892,1.87797611935,7.32033972728,0.461593835125,8.78871003231,30.0,8.6392503192e-06,1.18327671076e-12,13.2659312938,14.772982975,8.83960420589,9.88557847917,SF,3500
202388.0,Donald,Sloan,3.7,2,BKN@MEM,BKN,MEM,,,0.0,0.0,2,0.0,0.0,0.0,0.0,0.0,0.0,0.0,0.0,0.0,0.0,0.0,0.0,0.0,0.0,0.0,,,0.0,,0.742629874112,,PG,3500
201582.0,Alexis,Ajinca,7.1,2,GS@NO,NO,GS,,,16.5,16.75,2,0.297060140216,0.293672607671,0.0133897923818,0.644948877835,0.746396293309,0.653894262359,0.1582950164,0.396805208475,1.40029055567,1.1136656518,0.00414820455236,2.12283595399,0.543569111588,2.77504861975,6.0,3.65046042032e-08,7.79518977615e-20,5.40811753654,5.6786088256,3.55828726331,3.21242685262,C,3500
203552.0,Seth,Curry,4.7,1,SAC@LAC,SAC,LAC,,,0.0,0.0,2,0.0,0.0,0.0,0.0,0.0,0.0,0.0,0.0,0.0,0.0,0.0,0.0,0.0,0.0,0.0,,,0.0,,0.787783721916,,SG,3500
1626242.0,Luis,Montero,0.2,1,PHO@POR,POR,PHO,,,0.0,0.0,2,0.0,0.0,0.0,0.0,0.0,0.0,0.0,0.0,0.0,0.0,0.0,0.0,0.0,0.0,0.0,,,0.0,,0.850069320469,,SF,3500
1626167.0,Myles,Turner,16.8,1,UTA@IND,IND,UTA,,,15.8,16.5,2,0.774480144245,0.763459101263,0.656099546549,2.17342867868,1.09148965175,3.19786141598,0.79691119304,1.39022622291,4.28935106773,3.61694016515,0.180695737465,7.60071473797,1.47302703071,8.88760309847,23.0,0.00640009435762,2.15751674571e-10,16.9270589618,17.9365876376,8.62257652245,8.27079087173,PF,3500
202087.0,Alonzo,Gee,12.4,2,GS@NO,NO,GS,,,4.4,4.5,2,0.680893043255,0.153583093841,0.881688110014,1.49716885449,0.695250718647,0.910261001683,0.676614094897,0.731688868919,1.60551172033,1.8335204298,0.26636342412,4.12037894545,1.07482780537,5.00823208909,16.0,9.93265866082e-07,6.1387059425e-15,8.88489122692,9.46419444936,5.06703284086,4.90080333949,SF,3500
1626202.0,Joseph,Young,0.0,1,UTA@IND,IND,UTA,,,-1.0,-0.5,2,0.149182007334,0.037830260164,0.152138151523,0.16644789212,0.0830943475361,0.244268232442,0.0621230197438,0.124639194762,0.327362579978,0.246278223715,0.0419002202191,0.579309654429,0.122629712817,0.657086380465,2.0,3.09122883123e-16,4.06016930617e-31,1.34896185249,1.44859968898,1.61344842067,1.5285876168,SG,3500
203943.0,Noah,Vonleh,6.9,2,PHO@POR,POR,PHO,,,6.3,6.5,2,0.164512244743,0.186627325152,0.284884607257,0.484636228207,0.573672962044,0.741051882148,0.117127153203,0.261339365925,1.31472484419,0.672677408561,0.0899406613309,1.6379943798,0.342337636476,1.77763311493,6.0,5.38497690778e-09,8.34057674933e-23,3.94824088586,4.18961714977,2.66685326314,2.54002264972,PF,3500
203546.0,Ian,Clark,5.0,1,GS@NO,GS,NO,,,0.0,0.0,2,0.0790617390704,0.0142696610542,0.162739097574,0.0474072028459,0.0211234901225,0.0305633808186,0.0409729405761,0.0593079771431,0.0516868709411,0.128830544465,0.0535227687659,0.33524784787,0.0390925051418,0.350276362838,1.0,8.8119029207e-23,3.41454611461e-42,0.582070442691,0.641070159192,1.25233413763,1.26160123963,SG,3500
203922.0,Glenn,Robinson III,4.0,35,UTA@IND,IND,UTA,GTD,Shoulder,0.0,0.0,2,0.0,0.0,0.0,0.0,0.0,0.0,0.0,0.0,0.0,0.0,0.0,0.0,0.0,0.0,0.0,,,0.0,,0.677576067528,,SF,3500
203210.0,JaMychal,Green,11.1,2,BKN@MEM,MEM,BKN,,,10.6,11.25,2,0.295749739999,0.352133064356,0.483449522561,0.903114730682,1.28046966842,1.42730204231,0.306210951881,0.771185134947,2.70777171073,1.59881986381,0.100215685224,3.34280644675,0.636050681374,3.93390609422,11.0,3.24230871602e-05,2.74258123045e-16,8.17235965462,8.74349728487,4.48006982847,4.16623180576,PF,3500
203912.0,C.J.,Wilcox,2.8,21,SAC@LAC,LAC,SAC,,,0.0,0.0,2,0.0,0.0,0.0,0.0,0.0,0.0,0.0,0.0,0.0,0.0,0.0,0.0,0.0,0.0,0.0,,,0.0,,0.729975285981,,SG,3500
1713.0,Vince,Carter,11.1,66,BKN@MEM,MEM,BKN,,,0.0,0.0,2,0.0,0.0,0.0,0.0,0.0,0.0,0.0,0.0,0.0,0.0,0.0,0.0,0.0,0.0,0.0,,,0.0,,0.704006566935,,SF,3500
1626178.0,Rondae,Hollis-Jefferson,17.4,2,BKN@MEM,BKN,MEM,GTD,Undisclosed,5.1,5.25,2,0.475419325329,0.462536907395,0.270365539968,0.466208292125,0.352038623028,2.03769791856,0.41219459456,0.762619785864,2.38973654159,1.63742924743,0.0744611101877,3.38957640529,0.34347679774,3.69279640279,13.0,1.00380658159e-05,2.14421910146e-15,8.26045245873,8.79849479094,4.57994018456,4.25571698759,SF,3500
202397.0,Ishmael,Smith,30.9,2,GS@NO,NO,GS,,,7.9,9.5,2,2.42973192693,0.0747073252273,0.77482258783,0.664105160919,0.230664540626,0.428279364583,0.496585247352,1.09536842866,0.65894390521,1.70880827996,0.214827901485,4.71220004379,0.335593528684,3.9680379901,11.0,1.60335001368e-05,4.00867063352e-14,8.45058528324,9.13865469382,5.21512552767,5.09430289343,PG,3500
1626185.0,Jarell,Martin,0.0,0,BKN@MEM,MEM,BKN,O,Foot,0.0,0.0,2,0.0,0.0,0.0,0.0,0.0,0.0,0.0,0.0,0.0,0.0,0.0,0.0,0.0,0.0,0.0,,,0.0,,0.845620626624,,PF,3500
203950.0,Jarnell,Stokes,6.1,19,BKN@MEM,MEM,BKN,,,0.0,0.0,2,0.0,0.0,0.0,0.0,0.0,0.0,0.0,0.0,0.0,0.0,0.0,0.0,0.0,0.0,0.0,,,0.0,,0.875089035305,,PF,3500
1626251.0,Duje,Dukan,0.0,0,SAC@LAC,SAC,LAC,,,0.0,0.0,2,0.0,0.0,0.0,0.0,0.0,0.0,0.0,0.0,0.0,0.0,0.0,0.0,0.0,0.0,0.0,,,0.0,,0.845620626624,,PF,3500
203090.0,Maurice,Harkless,15.7,2,PHO@POR,POR,PHO,,,13.8,15.5,2,0.87489821511,0.540185552502,2.65245150177,1.50268834239,1.50902625002,2.05645158537,1.1913887735,1.26568553442,3.56547783539,3.08326577689,0.795846798103,7.12735663185,0.705427384107,7.66780573598,28.0,0.00145267768433,8.32886229177e-10,15.4561895787,16.6674086558,7.49108301667,7.66895669569,SF,3500
,Martell,Webster,5.6,32,NY@WAS,WAS,NY,,,0.0,0.0,2,0.0,0.0,0.0,0.0,0.0,0.0,0.0,0.0,0.0,0.0,0.0,0.0,0.0,0.0,0.0,,,0.0,,0.739082247148,,SF,3500
1626176.0,Rakeem,Christmas,0.0,0,UTA@IND,IND,UTA,,,0.0,0.0,2,0.0,0.0,0.0,0.0,0.0,0.0,0.0,0.0,0.0,0.0,0.0,0.0,0.0,0.0,0.0,,,0.0,,0.845620626624,,PF,3500
203949.0,James Michael,McAdoo,3.4,2,GS@NO,GS,NO,,,0.0,0.0,2,0.120176526023,0.201401245201,0.0404006444873,0.647804102991,0.358887429209,0.4535816804,0.129994675819,0.204479483235,0.812469109609,0.614400540346,0.0111267021721,1.2343866465,0.396110773968,1.63603855683,4.0,3.10381466769e-11,7.97457811517e-25,3.2495786362,3.39800518444,2.52967718127,2.28118115797,PF,3500
203928.0,Cory,Jefferson,8.5,50,PHO@POR,PHO,POR,,,0.0,0.0,2,0.0,0.0,0.0,0.0,0.0,0.0,0.0,0.0,0.0,0.0,0.0,0.0,0.0,0.0,0.0,,,0.0,,0.782773145959,,PF,3500
1626162.0,Kelly,Oubre,0.0,1,NY@WAS,WAS,NY,,,0.0,0.0,2,0.0,0.0,0.0,0.0,0.0,0.0,0.0,0.0,0.0,0.0,0.0,0.0,0.0,0.0,0.0,,,0.0,,0.836418826751,,SF,3500
203919.0,Jordan,Adams,6.0,1,BKN@MEM,MEM,BKN,,,0.0,0.0,2,0.0,0.0,0.0,0.0,0.0,0.0,0.0,0.0,0.0,0.0,0.0,0.0,0.0,0.0,0.0,,,0.0,,0.808549707945,,SG,3500
203481.0,Jeff,Withey,6.0,37,UTA@IND,UTA,IND,,,0.0,0.0,2,0.0414520900577,0.0694768157957,0.0014245901515,0.159899238372,0.0817746737976,0.0837085434348,0.0191304174102,0.0410482661622,0.165483217232,0.114689072696,0.000352332511976,0.226773495988,0.110282875677,0.340013353582,1.0,3.47278841755e-21,2.36783042956e-39,0.736937549597,0.765912009795,1.25941830925,1.15962027331,C,3500
200811.0,Louis,Amundson,14.6,53,NY@WAS,NY,WAS,GTD,Back,0.0,0.0,2,0.0,0.0,0.0,0.0,0.0,0.0,0.0,0.0,0.0,0.0,0.0,0.0,0.0,0.0,0.0,,,0.0,,0.92468939966,,PF,3500
1626146.0,Cliff,Alexander,0.0,0,PHO@POR,POR,PHO,O,Knee,0.0,0.0,2,0.0,0.0,0.0,0.0,0.0,0.0,0.0,0.0,0.0,0.0,0.0,0.0,0.0,0.0,0.0,,,0.0,,0.845620626624,,PF,3500
1626168.0,Trey,Lyles,2.1,2,UTA@IND,UTA,IND,,,5.8,6.5,2,0.344709095525,0.071948062889,0.215400537201,0.625702983818,0.404400812499,0.752919545113,0.143150779755,0.309521480789,1.15732035761,0.633366854806,0.0593232522788,1.52501813921,0.424066093083,1.75012305497,5.0,1.34907309686e-09,6.44108673743e-21,3.7766473319,4.01893571833,2.61550863238,2.45748319652,PF,3500
203143.0,Pablo,Prigioni,1.7,1,SAC@LAC,LAC,SAC,,,0.0,0.0,2,0.0,0.0,0.0,0.0,0.0,0.0,0.0,0.0,0.0,0.0,0.0,0.0,0.0,0.0,0.0,,,0.0,,0.845666030001,,PG,3500
1626192.0,Pat,Connaughton,5.0,1,PHO@POR,POR,PHO,,,0.0,0.0,2,0.0,0.0,0.0,0.0,0.0,0.0,0.0,0.0,0.0,0.0,0.0,0.0,0.0,0.0,0.0,,,0.0,,0.819170011079,,SG,3500
203921.0,Cleanthony,Early,3.4,2,NY@WAS,NY,WAS,,,0.0,0.0,2,0.0,0.0,0.0,0.0,0.0,0.0,0.0,0.0,0.0,0.0,0.0,0.0,0.0,0.0,0.0,,,0.0,,0.729391685929,,SF,3500
203508.0,Sergey,Karasev,1.0,1,BKN@MEM,BKN,MEM,,,0.0,0.0,2,0.0,0.0,0.0,0.0,0.0,0.0,0.0,0.0,0.0,0.0,0.0,0.0,0.0,0.0,0.0,,,0.0,,0.688187818782,,SF,3500
201603.0,Sonny,Weems,5.1,2,PHO@POR,PHO,POR,,,3.5,3.5,2,0.446990198916,0.0150611891612,0.284100203846,0.346669493229,0.13590584326,0.312882730061,0.178176728648,0.437615671866,0.448788573321,0.821901026151,0.0538547715628,1.90674562797,0.26945521895,1.96711204282,6.0,6.57314013633e-13,1.95953928309e-23,3.12500379293,3.39317844331,2.91812821152,2.6890712324,SF,3500
101179.0,Ronnie,Price,6.7,2,PHO@POR,PHO,POR,,,9.7,9.75,2,2.56574287157,0.0611704890571,1.75910316811,1.00394720323,0.28278812842,0.509875688207,1.09195347198,0.940064350073,0.792663816627,1.39954567823,0.41971027057,3.83553084796,0.869211219796,4.08801284682,17.0,2.74404705901e-05,7.13876901939e-12,10.2540073061,10.973568968,4.54127943429,4.68285259081,PG,3500
203526.0,Raul,Neto,15.1,2,UTA@IND,UTA,IND,,,2.4,4.0,2,2.19825323397,0.174695592618,1.57012511378,1.06208830706,0.712557293367,1.26426951742,0.700500506234,1.14844453701,1.97682681078,2.31810716199,0.730737967426,5.32486340922,0.746695852638,6.11364814403,20.0,3.42895187668e-05,1.01917913018e-09,12.3851678286,13.4236518587,6.04125427764,6.17656032627,PG,3500
2570.0,Kendrick,Perkins,12.6,2,GS@NO,NO,GS,,,3.5,3.5,2,0.0970846559245,0.0667497649071,0.00161604350436,0.131292338205,0.156790680003,0.178621582927,0.0280290346424,0.152977028656,0.33541226293,0.195645844968,0.0,0.416893128174,0.0671096638366,0.458401353773,2.0,,,1.04310362362,,1.41821539028,,C,3500
203187.0,Chris,Johnson,7.1,1,UTA@IND,UTA,IND,,,3.0,3.0,2,0.0698900833917,0.0219192400989,0.341411451738,0.0891332813203,0.0516188892014,0.0635046258027,0.0970802169286,0.0569356670496,0.115123515004,0.232203771026,0.103806606215,0.577462402534,0.069544858183,0.637759006451,2.0,3.3722985163e-20,5.54879941197e-37,1.06180559655,1.14793290893,1.58220484613,1.62087772932,SG,3500
