NBA_ID,First Name,Last Name,FPPG,Played,Game,Team,Opp,Status,Injury Details,Actual_FD,Actual_DK,Actual_MIN,AST,BLK,FG3A,FTA,OREB,DREB,STL,TOV,REB,FGM,FG3M,FGA,FTM,PTS,MIN,DD,TD,FD,DK,FD_std,DK_std,fd_Pos,fd_Salary
201566,Russell,Westbrook,51.2,17,OKC@ATL,OKC,ATL,,,55.7,61.25,0,9.91285716188,0.320105602842,5.25228273504,8.99535120518,2.08981702185,4.84536599584,2.47027819146,5.30099192453,6.93518301769,9.85176468888,1.61255942992,21.4440296362,7.50575856155,28.8218473692,36.0,0.687696980545,0.085817091494,52.2931283974,57.3856599708,19.9798514198,20.1951163875,PG,11000
201939,Stephen,Curry,48.9,18,GS@UTA,GS,UTA,,,42.7,46.0,0,6.8602255286,0.187966213937,11.2904023555,6.28193582864,0.491546503095,4.19110582329,2.6449643637,3.80501403937,4.68265232639,10.5561313658,5.03954990254,20.8878902363,5.86499416775,32.0168068019,37.0,0.177436368016,0.00345136164737,49.7871750023,54.7200982266,21.5171723381,23.8612905487,PG,10900
201935,James,Harden,48.2,17,HOU@DET,HOU,DET,,,49.3,53.25,0,7.17175842794,0.873063429612,9.17786595061,12.4126516758,1.10672894884,4.91621953365,2.07770884832,5.01140802224,6.02294848249,8.92834133439,2.84409654083,21.9157557412,10.7853241147,31.4861033243,42.0,0.239267312124,0.013937624991,50.3614156789,54.9910292277,20.3700835051,21.7155566526,SG,10700
202326,DeMarcus,Cousins,46.4,10,DAL@SAC,SAC,DAL,GTD,Back,50.8,52.75,0,3.43482623394,1.73731091403,3.64465452047,11.6135161785,2.87356402105,7.98380800955,1.09934388726,3.97485262221,10.8573720306,10.0874296457,1.2344018414,22.2827003756,9.12139457467,30.5306557076,38.0,0.617233383939,0.00179614612441,50.4101984756,54.4889328232,21.6679154155,21.6070225626,C,10600
201142,Kevin,Durant,44.9,11,OKC@ATL,OKC,ATL,,,49.2,51.5,0,4.1762746361,1.70516265763,6.93228654322,7.57235475189,0.406434688968,5.93157104971,1.05199268644,2.96377227833,6.33800573868,10.8575760687,3.13456922102,20.9450729436,6.7773892192,31.6271105777,40.0,0.119346652801,0.00116765939329,48.047667828,51.596261822,19.7623118089,20.5574799016,SF,10500
203081,Damian,Lillard,40.8,17,POR@LAC,POR,LAC,,,8.4,9.5,0,3.11641502679,0.149014674745,3.62971745162,2.45462268809,0.28415351659,1.47446109296,0.504231020375,1.56426658223,1.75861460955,3.8369930607,1.28708535817,9.10991464968,2.12224046503,11.0833119446,17.0,0.000998460395145,1.57474936033e-08,17.6104968243,19.1256012628,9.33747294388,9.81686262002,PG,9400
203083,Andre,Drummond,44.0,17,HOU@DET,DET,HOU,,,53.6,56.25,0,0.589772915735,1.28022118648,0.00461303315551,4.88391628691,4.51490227927,7.74397873842,1.31879140716,1.70824504583,12.2588810177,6.00657287984,4.99762209513e-05,11.177087581,1.79496996156,13.8081656974,27.0,0.664655228538,1.56548238739e-06,32.8932624337,35.3573415349,13.0212068157,12.5357414301,C,9300
201933,Blake,Griffin,43.0,17,POR@LAC,LAC,POR,,,43.6,45.0,0,4.55040165386,0.598040031593,0.487434329839,5.95714366344,1.81388314858,5.25835984528,0.761141227446,2.09452527784,7.07224299386,9.09220348189,0.194146202916,17.0419658794,4.46052836842,22.8390815351,32.0,0.193995458044,0.00321536898109,38.7752128488,40.5738000329,18.4798157495,17.9874247199,PF,9100
202695,Kawhi,Leonard,40.2,16,SA@CHI,SA,CHI,,,41.1,42.5,0,2.90974166616,1.37493773336,4.43163259693,4.06381993182,1.63561906273,6.1036211048,2.37426282489,1.68381494571,7.73924016753,9.53027230493,1.98817852118,18.7067047671,3.43360833141,24.4823314624,40.0,0.251258592337,0.000267121259176,43.9486183335,46.5492663276,17.8130058892,18.0008885972,SF,9100
101108,Chris,Paul,35.4,14,POR@LAC,LAC,POR,,,22.6,24.75,0,6.50307560761,0.0306626333752,2.63637222474,3.32407042056,0.376718573241,1.86371891599,1.28831669836,1.85066884846,2.24043748923,4.59023264397,0.937868273865,9.82877246339,2.90959786182,13.0279314236,24.0,0.0994578271812,1.17087495342e-05,26.2583596371,27.9138719398,10.0836709945,10.1312424796,PG,8900
200794,Paul,Millsap,38.4,19,OKC@ATL,ATL,OKC,,,53.7,57.75,0,3.6282145814,1.25333537322,3.07888580041,6.50689282914,2.77181319668,6.09670394493,2.04212602329,2.58817458082,8.86851714161,6.46425436364,1.0117472365,13.5442397345,5.08199121212,19.0222471759,35.0,0.388668088133,0.00165366051989,39.1095378301,41.9408877096,13.5574350576,13.5296433173,PF,8600
202355,Hassan,Whiteside,36.9,15,BOS@MIA,MIA,BOS,,,22.6,23.5,0,0.20822043922,3.79936179898,0.00908333229425,3.77758700603,2.87391185333,6.19563735537,0.62310377453,1.69307775712,9.0695492087,4.9949502614,0.00250163147461,8.36793537617,2.01966345938,12.0120656136,26.0,0.326396911141,0.00186180644627,30.3597087128,32.1561566536,10.2947562439,9.72462032993,C,8400
200765,Rajon,Rondo,37.7,18,DAL@SAC,SAC,DAL,,,30.1,32.25,0,8.80400738192,0.091080985565,1.97823754919,1.59343673605,1.13170780745,4.05676104814,1.40186440492,3.06418974759,5.18846885559,4.57648115484,0.688863593309,10.4314445088,0.672514757319,10.5143406603,30.0,0.276798843693,0.00965429061216,29.8682153933,32.4483266439,10.5069102379,10.4331217244,PG,8300
202710,Jimmy,Butler,36.2,14,SA@CHI,CHI,SA,,,23.1,25.75,0,3.7359234706,0.843061007212,3.85922043973,7.54788188637,1.01164764281,4.02272086043,2.08159449993,2.06141095726,5.03436850324,7.03286561075,1.57037759394,15.2275524049,6.07930408281,21.7154128982,40.0,0.0378582713433,0.000171567515781,37.148440365,39.2733551754,14.9538093751,15.1645351812,SG,8300
203110,Draymond,Green,35.8,18,GS@UTA,GS,UTA,,,41.4,46.0,0,7.51119492839,1.64428370823,4.32500793305,3.24026514106,1.89077107076,6.22903744462,1.37863971433,3.03276645124,8.11980851538,5.34667931865,1.67536944577,11.223196474,2.33727334906,14.7060014321,38.0,0.462833704773,0.0582128553045,38.729644437,42.3585919344,11.4244084824,11.9830152264,PF,8200
2730,Dwight,Howard,33.3,12,HOU@DET,HOU,DET,,,30.0,32.0,0,1.72994411399,1.59324971856,0.0157223738934,5.28810179283,3.56428264056,6.17107085498,0.726244366752,2.65636927412,9.73535349553,5.34919093866,0.00721123428593,9.08953673051,2.93845879415,13.6440519058,31.0,0.433874087559,9.01285102132e-06,29.9040111679,32.3734072667,11.1606579762,10.6080650622,C,8100
202324,Derrick,Favors,33.8,14,GS@UTA,UTA,GS,,,42.0,44.0,0,1.72566618114,1.4989192693,0.076016104702,4.5693951123,2.97659752855,5.52687480794,1.86161773838,1.71399837674,8.50347233649,7.46398663041,0.00356868855093,13.779518925,3.12125818643,18.0528001358,34.0,0.334879528237,1.45173401301e-05,35.8525418499,37.6388618438,15.5237849046,15.0082690788,PF,8000
2547,Chris,Bosh,33.7,15,BOS@MIA,MIA,BOS,,,42.5,46.5,0,2.42245534599,1.12856367471,4.8487205096,6.18552274337,1.19377205627,7.60521845415,0.93229528607,1.52707892717,8.79899051042,7.37802757292,1.7872499751,16.6559691594,5.0275666721,21.570871793,39.0,0.381216069702,8.27642755551e-05,38.3579824189,41.027168793,15.7754861208,16.1987042042,PF,7900
201599,DeAndre,Jordan,32.5,17,POR@LAC,LAC,POR,,,54.3,57.0,0,1.04987898198,2.65535512012,0.00953549808461,8.01835382051,3.67460650348,8.82077815282,0.695751528189,1.21586283525,12.4953846563,4.03753380318,0.00238366196189,5.81674131653,3.06208212518,11.1395333935,33.0,0.567047330444,0.000250274370838,33.1951639154,35.2803782156,8.67629245224,8.04014356893,C,7600
2200,Pau,Gasol,32.5,14,SA@CHI,CHI,SA,,,46.6,49.25,0,2.52941712321,1.62481223707,0.39897871543,3.58693293751,2.3269358227,7.09619666056,0.610982004178,1.51101592475,9.42313248327,6.24807974765,0.0367035425149,14.0275678255,2.77351466383,15.3063777016,30.0,0.426142360937,0.000132813918757,33.3688349241,35.2534632651,15.0639817093,14.7076362349,PF,7600
202704,Reggie,Jackson,31.5,17,HOU@DET,DET,HOU,,,51.0,53.75,0,7.45079923659,0.142622708647,4.96870665198,4.70696761179,0.858307861054,3.39453545066,1.159768347,3.8349413877,4.25284331171,8.22482930001,1.6803157996,19.4301445454,3.86860586944,21.9985802691,37.0,0.227276759335,0.00259335931333,37.0480318216,40.3669977978,17.8354196642,18.1667037334,PG,7500
202328,Greg,Monroe,33.9,17,DEN@MIL,MIL,DEN,,,33.0,33.25,0,2.04043136054,0.715497079068,0.000166830021497,3.23640121679,2.54198865045,4.62779851787,0.933481131368,1.46549291149,7.16978716833,5.20638025879,1.04116926252e-07,10.3267012411,2.35293621422,12.7656968359,25.0,0.151187810252,8.29021774323e-06,26.2625519881,27.5805944403,11.9710422933,11.5362962924,C,7500
200746,LaMarcus,Aldridge,29.3,15,SA@CHI,SA,CHI,,,35.4,38.5,0,1.69353368086,1.04037739953,0.682078780729,4.09412514408,2.825907886,5.89796534904,0.414866972914,1.67682010103,8.72387323503,7.15734614104,0.113605555399,16.0669033869,3.39859018846,17.8268880259,33.0,0.361529671766,4.24845747726e-06,32.0695050731,33.9432188161,16.857452194,16.5035431514,PF,7400
202738,Isaiah,Thomas,32.9,17,BOS@MIA,BOS,MIA,,,32.7,33.25,0,6.15102115252,0.0212683066424,6.85957948414,5.67484100794,0.406240250422,1.43006497149,1.48972979282,2.69740965331,1.83630522191,7.07112872194,2.26667199313,16.97036784,4.90339558766,21.3123250247,32.0,0.0932233018975,2.49566342796e-06,33.0670095653,35.7807080895,15.9341116758,16.9144664898,PG,7300
2548,Dwyane,Wade,28.9,14,BOS@MIA,MIA,BOS,,,44.8,48.0,0,4.72993871454,0.571203343908,1.58487648678,5.44170561124,1.10097319784,2.05236758822,1.37999544903,2.80123077928,3.15334078605,7.58934190784,0.437057090276,17.4279085691,4.38314478249,19.9988856884,32.0,0.0241924260671,3.592526064e-05,31.9789695101,33.7921768991,17.5623688608,17.2792359197,SG,7100
200752,Rudy,Gay,30.2,16,DAL@SAC,SAC,DAL,,,28.9,30.25,0,2.55377796594,0.286786948819,2.95664349842,4.12349009566,1.76677662165,4.55120716799,1.03372545891,2.10070925015,6.31798378964,7.93985494936,1.00291870137,17.5528847391,3.48958648831,20.3722150884,35.0,0.105798339959,3.45197537998e-05,32.3247781502,34.3512923846,16.9251661252,16.8253347158,SF,7100
201568,Danilo,Gallinari,30.1,17,DEN@MIL,DEN,MIL,,,22.3,25.5,0,2.34755498449,0.624301373522,4.96811470345,6.24116744392,1.29152329687,4.20090397644,0.626810826516,1.55604377345,5.49242727332,4.93831161477,1.79216568212,12.8237726508,5.6957821742,17.3645710859,34.0,0.0507390238854,8.56347958401e-06,28.4229969172,30.4478572349,12.3947942786,13.1532413917,SF,7100
203497,Rudy,Gobert,29.1,13,GS@UTA,UTA,GS,,,34.7,36.75,0,1.78018632948,2.95354149387,0.0103745080299,4.48425167198,3.96827437375,7.09232471988,1.02173854912,2.3986822021,11.0605990936,3.80164724201,0.00172259652125,6.68468381228,2.75408816302,10.3591052436,37.0,0.431304502498,0.000430670792131,31.853981534,34.2554626541,8.7241775359,8.2466319697,C,7100
203507,Giannis,Antetokounmpo,30.6,16,DEN@MIL,MIL,DEN,,,16.2,17.5,0,1.54494101742,0.64370853839,0.860698748754,2.60856410305,0.780984348895,2.49405748033,0.596507903599,1.37515194036,3.27504182922,3.5748174367,0.265364288844,6.90674197296,2.14955145198,9.56455061423,20.0,0.0011863085174,6.25936772355e-09,16.917293279,17.9030829667,8.02390572128,7.64748605327,SG,7000
1495,Tim,Duncan,28.4,16,SA@CHI,SA,CHI,,,24.9,26.5,0,3.21009255426,1.89446394501,0.0711267715222,3.16057842923,2.33844901086,6.089177394,0.876877708595,2.02422238748,8.42762640486,4.58270303622,0.00643653477092,8.87114239228,2.406466892,11.5783094992,30.0,0.250240068381,0.000455699554935,30.0250609361,31.8384989188,10.5121549217,10.0706778776,C,7000
201143,Al,Horford,31.3,19,OKC@ATL,ATL,OKC,,,44.1,47.25,0,3.25901363955,1.55961362635,2.97043003464,2.033228734,2.63944234186,4.66749700141,0.72463683566,1.53061106196,7.30693934327,7.48281039966,1.09488531595,14.995714918,1.73282751631,17.7933336316,35.0,0.193506750186,0.000385782916371,34.4880711649,36.457583795,14.6483074985,14.5457660011,C,6900
201565,Derrick,Rose,25.7,12,SA@CHI,CHI,SA,,,27.8,28.5,0,6.06601504313,0.409307448481,3.49093870682,3.03462129662,0.544526519853,2.53884130964,0.662754080414,2.90500011031,3.0833678295,6.08004246136,0.877131747454,16.3518480519,2.49561141954,15.5328280897,34.0,0.0813444721522,0.000107929150213,27.5710149973,29.7385898133,14.8902313928,14.9571899006,PG,6900
201952,Jeff,Teague,29.9,16,OKC@ATL,ATL,OKC,,,30.1,34.25,0,6.75468622113,0.445952764705,3.25592256128,5.11226838277,0.543287428263,1.80914759458,1.45034892659,2.95839553081,2.35243502284,5.85981811642,1.2215669006,13.4385657348,4.37239588328,17.3135990167,31.0,0.138096623052,2.41619467932e-05,31.1027582276,33.5175786149,13.1063424053,13.2505710558,PG,6800
203468,C.J.,McCollum,29.6,17,POR@LAC,POR,LAC,,,29.8,34.0,0,3.3791596758,0.339796577482,5.59981262208,3.13650998922,0.533618839245,2.56970889285,1.12317386699,2.26598105803,3.10332773209,7.62015297024,2.16437162769,17.0764432687,2.62916656673,20.0338441349,37.0,0.00389449443187,3.56161296386e-06,29.486536758,31.862731914,15.953037367,16.5921065937,SG,6700
1717,Dirk,Nowitzki,29.6,16,DAL@SAC,DAL,SAC,,,25.4,25.75,0,1.53366119591,0.537320292763,3.36268383574,3.02228473388,0.567942326863,4.96277713708,0.646082620329,0.907189242285,5.53071946394,6.1994364215,1.49435481835,12.478039826,2.70095651727,16.5941841786,29.0,0.0512820194118,2.54627406638e-07,26.9911559131,28.5453877096,12.4206009024,12.5935170366,PF,6500
202330,Gordon,Hayward,27.5,15,GS@UTA,UTA,GS,,,36.2,38.0,0,3.45091118644,0.256692395799,4.43581566206,6.01727287559,0.915303507371,3.50829223725,1.13982515381,2.61850680657,4.42359574463,6.77974757133,1.59600144936,15.8029067708,4.78895983316,19.9444564252,38.0,0.0179790226319,4.52061908341e-05,30.6036663911,32.9592044588,14.9938873286,15.3388626409,SF,6500
101114,Deron,Williams,27.4,16,DAL@SAC,DAL,SAC,,,25.9,27.5,0,6.45916933254,0.262461226423,4.09094760282,3.44471499995,0.205924433398,2.44165052639,1.4928043979,2.2226567835,2.64757495979,5.21497881888,1.52685366169,12.8065965781,3.14277085072,15.0995821502,35.0,0.106026354641,4.60206398706e-05,29.2533005659,31.4196121303,12.2073897453,12.6743444622,PG,6500
201586,Serge,Ibaka,27.6,17,OKC@ATL,OKC,ATL,,,34.5,34.75,0,1.08140761871,2.74076978095,1.80357389124,1.56457987739,2.25681676052,4.72273693967,0.432064237381,1.50690411844,6.97955370019,6.26594383334,0.630302213154,13.061507245,1.12453933113,14.286729211,35.0,0.14429146774,8.08096066786e-05,29.1230689975,30.7573294787,13.2392668314,12.9890769962,PF,6400
2585,Zaza,Pachulia,26.5,17,DAL@SAC,DAL,SAC,,,24.5,27.5,0,2.35907243899,0.514842332281,0.0547539044911,5.17109761057,2.99416405488,6.00292027656,1.00715458219,2.12929368336,8.99708433144,3.41475307859,0.0,7.24934065257,4.04569538433,10.8752015415,29.0,,,26.1250115433,,9.01568776369,,C,6400
202700,Donatas,Motiejunas,0.0,0,HOU@DET,HOU,DET,O,Back,0.0,0.0,0,0.0,0.0,0.0,0.0,0.0,0.0,0.0,0.0,0.0,0.0,0.0,0.0,0.0,0.0,0.0,,,0.0,,0.75313246111,,PF,6400
202702,Kenneth,Faried,26.0,14,DEN@MIL,DEN,MIL,,,18.9,20.25,0,0.91675279613,0.731211126359,0.0247116107902,2.65144171306,2.6650780799,4.33907091149,0.620872235301,1.4311807388,7.00414899139,4.52745302087,0.00301387426767,7.96214173506,1.68975117549,10.7476710915,23.0,0.114022147463,6.60251322486e-09,21.8007650599,23.039103057,9.71335422591,9.17939175078,PF,6300
202340,Avery,Bradley,23.9,15,BOS@MIA,BOS,MIA,,,37.9,40.5,0,2.59745306205,0.363437881999,6.90315812497,2.04813442963,0.673260212611,2.12869258385,1.96611300052,1.95647307824,2.80195279646,7.80787407951,2.79465729526,16.9820872397,1.5377673916,19.9481728459,39.0,0.00104044712001,2.7950856009e-07,29.9093244815,32.4265488173,16.216125127,17.302042507,SG,6200
201163,Wilson,Chandler,0.0,0,DEN@MIL,DEN,MIL,O,Hip,0.0,0.0,0,0.0,0.0,0.0,0.0,0.0,0.0,0.0,0.0,0.0,0.0,0.0,0.0,0.0,0.0,0.0,,,0.0,,0.647602079227,,SF,6200
203096,Jared,Sullinger,28.3,17,BOS@MIA,BOS,MIA,,,28.7,30.5,0,3.20087518485,1.11192262975,3.11253921734,2.39115561578,3.91930750066,6.91892300059,1.28057376838,1.76341822693,10.8382305012,6.24903780396,1.00181737217,13.7608967877,1.60080159781,15.1006945779,34.0,0.570331970693,0.00100459636447,35.929458526,38.7124995958,13.289583382,13.3025956081,PF,6100
203486,Mason,Plumlee,26.6,17,POR@LAC,POR,LAC,,,26.1,30.75,0,1.8598871303,0.893703873738,0.0467176264425,3.83804059212,2.29224747437,4.40253457344,0.968923995682,1.67794124246,6.6947820478,3.40311301214,0.000834582190913,6.05461690359,2.10292451993,8.90998512641,24.0,0.071268838787,1.82519682818e-06,21.7808687756,23.0619045241,7.96819670891,7.47788885189,C,6000
203487,Michael,Carter-Williams,20.6,12,DEN@MIL,MIL,DEN,,,42.7,44.0,0,5.52293406658,0.758088834767,1.57454451695,3.53332847895,0.793922165493,2.33586478957,1.38706621965,3.57900661041,3.12978695506,4.2964516422,0.442501832812,10.3154955949,2.52398596828,11.5593910855,30.0,0.0411408683859,6.0181574095e-05,24.3108400299,26.5399754465,10.5868780786,10.4097939223,PG,5900
202703,Nikola,Mirotic,23.1,14,SA@CHI,CHI,SA,,,15.0,17.25,0,1.44829960473,0.417958947482,4.7504086797,3.49871755034,1.01971802166,3.64547875064,0.746575297633,1.73190817616,4.6651967723,3.5699971018,1.54336930113,9.22550855681,2.83606553274,11.5194290375,24.0,0.0150489252119,4.55911698541e-08,19.8872748854,21.7807469872,9.7704004312,10.6252006609,SF,5900
202694,Marcus,Morris,25.8,17,HOU@DET,DET,HOU,,,22.8,24.5,0,1.83823090213,0.273445856805,3.93838734786,3.09761429664,1.2557685147,3.51379287607,1.2631243045,1.51914950394,4.76956139077,4.74106721735,1.12349339035,11.7804327994,2.30102088099,12.906648706,34.0,0.0192989385179,4.63250123368e-07,22.9414595468,24.5302088611,11.2041083426,11.5244355598,SF,5900
202691,Klay,Thompson,24.5,17,GS@UTA,GS,UTA,,,33.0,35.25,0,2.90223337929,0.91923881834,7.34152837533,2.54482844063,0.453465895316,2.72716934595,0.700844923123,1.94064949056,3.18063524127,7.47352313801,3.11803900553,16.3051841828,2.13048689843,20.19557218,36.0,0.0024690300967,1.40969487393e-06,29.6652025308,32.3572863151,16.0096775349,17.3422377309,SG,5900
2772,Trevor,Ariza,24.5,17,HOU@DET,HOU,DET,,,9.8,11.0,0,2.02840808418,0.265871433964,6.3050915768,2.28065984207,0.816995171108,4.22365113787,1.7994007468,1.81995516417,5.04064630898,4.07245310852,1.99203614558,10.9387669752,1.82334164915,11.9602840118,36.0,0.0242458756677,1.73140232844e-06,23.3622609062,25.5566628842,11.4815105857,12.7482810428,SF,5900
1626144,Emmanuel,Mudiay,25.4,17,DEN@MIL,DEN,MIL,,,14.2,17.25,0,5.48219499293,0.688009354796,3.35474434305,3.17672783708,0.737969897741,2.87139502491,0.992049078666,3.44877469827,3.60936492265,4.58665644552,0.860819212339,13.1828122207,2.24323200795,12.2773641113,29.0,0.0436117106723,0.000165612220866,24.7432366765,27.1444162807,11.9940880795,12.1657091129,PG,5800
202683,Enes,Kanter,23.0,17,OKC@ATL,OKC,ATL,,,18.0,18.5,0,0.546396073922,0.277413551778,0.124607770331,2.08115784109,2.35412089773,3.40210459737,0.110312092885,1.07649037211,5.7562254951,3.68339120629,0.0635543221852,6.66399323952,1.60604469788,9.03638143264,16.0,0.0354009899206,1.41153283323e-11,16.4624070548,17.3733421617,8.27662843658,7.79597519199,C,5800
202329,Al-Farouq,Aminu,24.8,17,POR@LAC,POR,LAC,,,16.4,18.25,0,1.88476545546,1.00651504483,4.27403593578,2.96137009385,1.71080838843,5.80308035633,0.790846933208,1.85573370708,7.51388874476,4.09875497284,1.3566360485,10.7499712664,2.13741137515,11.6915573693,34.0,0.162038606285,4.63444658403e-06,25.2743622952,27.499313423,10.440549572,11.0419399577,SF,5700
203114,Khris,Middleton,24.6,17,DEN@MIL,MIL,DEN,,,16.7,19.25,0,2.71798002614,0.152828307822,4.0902350946,2.64684251668,0.334461857331,2.15559889687,1.29620382937,1.31990403182,2.4900607542,4.5378946458,1.87574854038,10.9776852318,2.30412751793,13.2556653499,31.0,0.000639798318241,1.14495617281e-07,21.8988685367,23.6221579015,10.8471373157,11.5377609232,SF,5600
203093,Terrence,Jones,21.2,12,HOU@DET,HOU,DET,,,6.6,6.75,0,0.62490491924,0.714441848906,0.988345369051,1.7163401767,1.18605475922,1.74505600837,0.258371565549,0.623877013827,2.93111076758,2.43126158037,0.370581562576,5.22904278408,1.00465043376,6.23775515708,15.0,0.00022626567218,1.45175117121e-12,12.0141952721,12.6583194972,6.16512579215,5.99542044567,PF,5600
201609,Goran,Dragic,21.6,15,BOS@MIA,MIA,BOS,,,17.3,19.0,0,4.75961617401,0.256532443615,2.79689062824,2.84700010484,0.824333213467,2.49041634908,0.97811736261,2.37143603074,3.31474956254,5.01659822579,0.755907074801,11.2760652658,2.10011586062,12.889219387,34.0,0.0209614574675,4.33510880664e-05,24.1042067048,25.8651879751,11.0692600882,11.0200586929,PG,5600
2225,Tony,Parker,23.4,17,SA@CHI,SA,CHI,,,27.7,27.75,0,5.52445612101,0.148757905641,0.660208034418,2.98020745095,0.150970127377,1.72781580916,0.816370204469,2.09304550165,1.87878593654,6.20556645077,0.281336725297,11.3831697171,2.32880202856,15.0212716554,31.0,0.0493568531665,1.36887880288e-06,25.3997096793,26.754879476,12.5905362899,12.1141506598,PG,5500
202692,Alec,Burks,23.0,15,GS@UTA,UTA,GS,,,21.4,24.0,0,2.36393855739,0.139065430224,2.588486297,4.52016582045,0.64169277512,2.4859129927,0.723302184789,1.96006661646,3.12760576782,5.01803077633,1.012827848,11.9081467518,3.78331894004,14.8322083407,29.0,0.00148465120724,2.3717298769e-07,21.8959117117,23.5409669207,11.7738011792,11.8398244495,SG,5400
203935,Marcus,Smart,21.7,9,BOS@MIA,BOS,MIA,O,Leg,0.0,0.0,0,0.0,0.0,0.0,0.0,0.0,0.0,0.0,0.0,0.0,0.0,0.0,0.0,0.0,0.0,0.0,,,0.0,,0.859345677586,,PG,5300
203115,Will,Barton,25.2,17,DEN@MIL,DEN,MIL,,,16.7,19.0,0,2.20708372984,0.604997722281,3.23032956299,2.88359011491,0.82513838724,3.98370096748,1.31680986835,1.57882641985,4.80883935472,5.18606050049,1.27183773647,11.3823131871,2.45157980814,14.0955385456,30.0,0.0216920097229,2.26497845139e-06,25.4415601274,27.1398789828,11.2962473802,11.5040964846,SG,5300
202323,Evan,Turner,20.6,17,BOS@MIA,BOS,MIA,,,29.7,30.5,0,4.92394181972,0.476918722258,1.97918247205,2.0255060471,0.714306168902,3.84450022511,1.27255556668,2.46085490315,4.55880639401,4.62388293988,0.328756067521,11.0282299335,1.63884863111,11.2153705784,32.0,0.0335470528849,0.000377822237854,25.1099446555,26.7841445066,10.8614713282,10.6153110474,SF,5200
203084,Harrison,Barnes,23.5,17,GS@UTA,GS,UTA,O,Ankle,0.0,0.0,0,0.0,0.0,0.0,0.0,0.0,0.0,0.0,0.0,0.0,0.0,0.0,0.0,0.0,0.0,0.0,,,0.0,,0.722823339162,,SF,5200
203145,Kent,Bazemore,23.2,14,OKC@ATL,ATL,OKC,,,14.9,15.5,0,1.70834995765,0.469278112618,2.64226320662,1.43805825565,0.219886578855,2.248957608,1.12532962675,1.20755107056,2.46884418685,3.36161617256,1.06674829219,6.9917082444,1.14425715454,8.93423779185,22.0,0.000132723372734,1.61915178921e-09,16.4410401607,17.7018311414,7.73117805548,7.98935707521,SG,5100
203953,Jabari,Parker,15.4,11,DEN@MIL,MIL,DEN,,,30.3,30.5,0,1.26268299667,0.37016396776,0.277402689006,2.04111045391,1.28697385616,2.4672598307,0.811096622773,1.09030632636,3.75423368686,4.55536864843,0.0599601462141,9.26625501475,1.6592369162,10.8299343593,26.0,0.00361706927651,3.33577235921e-09,18.5012541332,19.2695246678,10.5482027364,10.124395712,PF,5100
203109,Jae,Crowder,23.4,17,BOS@MIA,BOS,MIA,,,26.5,28.25,0,1.96444344197,0.431827887025,4.07195719077,3.01939105209,1.45534776137,3.088934542,2.1888687308,1.58587079865,4.54428230338,4.14530959853,1.27739549269,9.85107394075,2.47041378477,12.0384284745,32.0,0.0136094738189,1.853023589e-06,24.0937548385,25.7730218692,9.9363785615,10.430841793,SF,5000
2736,Luol,Deng,19.0,13,BOS@MIA,MIA,BOS,GTD,Hamstring,0.0,0.0,0,0.0,0.0,0.0,0.0,0.0,0.0,0.0,0.0,0.0,0.0,0.0,0.0,0.0,0.0,0.0,,,0.0,,0.707122366662,,SF,5000
201954,Darren,Collison,20.8,13,DAL@SAC,SAC,DAL,,,24.5,25.75,0,3.97669667952,0.0718065226846,3.00696648723,3.08187808686,0.403621674381,1.09556557456,1.04419759572,1.86599949442,1.49918724894,4.5659159428,1.05167080597,10.5266852208,2.53903005318,12.7225327447,28.0,0.0061765558384,2.61955104617e-08,20.8526112051,22.3956706301,10.4615126422,10.6275715876,PG,5000
203471,Dennis,Schroder,20.9,19,OKC@ATL,ATL,OKC,,,10.2,11.25,0,3.44913998585,0.0120946857213,2.32717579928,1.46443510666,0.28905625139,1.27170851854,0.641442550511,1.47755144634,1.56076476993,2.93998423332,0.70353984428,7.53919170003,1.19257413071,7.77608244164,17.0,0.00118299067325,6.816717104e-09,14.6522331704,15.8225915607,7.63949184643,7.77630577172,PG,4900
203484,Kentavious,Caldwell-Pope,21.7,17,HOU@DET,DET,HOU,,,15.3,16.5,0,2.04029689015,0.229121158457,5.66747729103,2.98022493851,0.884640220733,2.27845959113,1.65981054604,1.31569307833,3.16309981186,5.71621169421,1.68154797194,14.8099052086,2.31942487104,15.4333962314,44.0,0.00150296917562,9.3746969554e-08,24.7517316715,26.4107619223,13.616591818,14.336227004,SG,4800
201951,Ty,Lawson,17.1,16,HOU@DET,HOU,DET,,,20.1,22.25,0,3.44443928965,0.103802232802,1.50317639655,1.81570252746,0.425126359047,1.01060702168,0.719490426329,1.46968063701,1.43573338073,1.93615873154,0.475100783435,5.2797175692,1.26420918977,5.61162743629,19.0,0.000557453267808,1.56324509829e-09,12.6780711089,13.7230846727,5.74787890089,5.81903033138,PG,4800
203918,Rodney,Hood,22.0,14,GS@UTA,UTA,GS,GTD,Back,17.5,19.0,0,3.30378629381,0.324695213797,5.2816811018,2.8339476065,0.419377977306,1.62478501674,1.29837405953,1.824134332,2.04416299404,5.21421772828,1.61293333165,12.4273939383,2.39124033519,14.4326091234,34.0,0.00194796684679,1.07874613293e-07,23.2632883716,25.0869526271,12.0206519585,12.7154012868,SG,4800
202083,Wesley,Matthews,17.3,15,DAL@SAC,DAL,SAC,,,19.0,21.25,0,2.27889277035,0.102284126512,7.84376688522,2.55514893478,0.569486865489,2.1600483917,1.02394288324,1.38954458937,2.72953525719,4.81750454072,2.59308536511,12.8885582246,2.16492795385,14.3930224004,36.0,0.0005720013315,6.14872230121e-08,21.9497132947,24.0783632212,13.6827539367,15.3607904938,SG,4700
203079,Dion,Waiters,19.4,17,OKC@ATL,OKC,ATL,,,16.7,17.0,0,2.29002027563,0.210374233559,3.21434068409,2.46472009874,0.696221766462,2.69792067634,1.32466364421,1.79200541809,3.3941424428,4.55121642043,1.09138063388,11.4786165992,1.9466701419,12.1404836166,31.0,0.00211608945589,2.82483598948e-07,20.9265552989,22.5411304287,10.9696586236,11.2067606739,SG,4700
2738,Andre,Iguodala,22.2,18,GS@UTA,GS,UTA,,,6.4,7.0,0,3.51092163853,0.279246477495,2.63705457016,1.09102776242,0.907157906627,2.56004495023,1.16955271694,1.16848608071,3.46720285685,3.30840740013,1.19859509309,6.19717640726,0.622580200383,8.43799009374,27.0,0.00297067455195,4.80445461831e-06,19.5941282879,20.9554994428,7.323539868,7.62376390618,SF,4700
1938,Manu,Ginobili,21.3,13,SA@CHI,SA,CHI,,,9.2,9.75,0,2.96642451453,0.15915325157,3.17595664235,1.96878921391,0.429555485835,1.56759468524,0.943320731628,1.64534513091,1.99715017107,3.24134558851,1.07143592617,7.33172689144,1.51070975661,9.0648368598,18.0,0.000545329509019,2.40089367232e-08,16.4706566724,17.9297227757,7.96583818081,8.34741154388,SG,4700
101161,Amir,Johnson,18.5,17,BOS@MIA,BOS,MIA,,,31.0,35.5,0,2.31963205469,1.42967301856,1.13571022116,2.20939686475,2.63539951361,4.75447546237,0.953618939589,2.11971206878,7.38987497598,4.66608808345,0.374821294733,8.4014858669,1.40330953741,11.1103069991,33.0,0.145953063304,2.28626988291e-05,26.1044768998,27.9402355134,9.36317493009,8.94069952977,C,4600
203939,Dwight,Powell,21.4,17,DAL@SAC,DAL,SAC,,,10.2,11.0,0,0.633721508653,0.40402425713,0.274660804564,1.62302958981,0.922713591407,2.35795274565,0.424405941565,0.57281688242,3.28066633705,1.88243716307,0.0571516688686,3.77695689749,1.14633001824,4.96835601325,12.0,0.000260740505601,4.37556516841e-13,10.9397813957,11.4191900989,5.14837525989,4.78801250996,PF,4600
202334,Ed,Davis,18.8,17,POR@LAC,POR,LAC,,,28.5,30.5,0,1.29771287136,0.976607434484,5.78078563095e-06,2.8791073401,2.93791043259,4.44781783138,0.701340995628,1.04902725994,7.38572826398,3.20415297534,7.15716316213e-07,5.24188335925,1.5195144975,7.9278211639,24.0,0.0857903176073,1.07095605476e-07,21.044133988,22.0666201867,7.15829849332,6.60214654557,PF,4600
101106,Andrew,Bogut,21.2,12,GS@UTA,GS,UTA,,,13.3,14.5,0,2.41405351938,1.74062889494,0.000128029910432,0.907723084247,1.91384405448,3.77569903937,0.553808381932,1.47292569012,5.68954309384,3.01297377143,8.41120369644e-05,4.93127423058,0.454716133562,6.48074778847,22.0,0.0161913694822,3.63891573155e-06,20.0452286438,21.0905086705,6.65566115275,6.07881866221,C,4600
200755,J.J.,Redick,17.8,14,POR@LAC,LAC,POR,,,19.5,22.0,0,1.68822228387,0.131712081719,5.23064720015,2.48467754248,0.232328408535,0.804383262093,0.609502651916,1.37316814402,1.03671167063,5.50285378294,2.3537665975,11.5339388612,2.15476636173,15.5142405251,30.0,1.0136908156e-05,1.55713954831e-12,19.3998892789,21.3152074386,11.9972891,12.9332496137,SG,4600
203991,Clint,Capela,21.1,17,HOU@DET,HOU,DET,,,24.5,25.75,0,0.6382496799,1.60167748318,0.0827080612813,3.25180943491,2.71134537629,4.20002587926,0.884583847504,1.06832329579,6.91137125555,3.75768396915,0.0227785466491,6.64119489951,1.41145547456,8.94960195951,22.0,0.0819429902406,5.93620388601e-07,22.1048213516,23.1188571018,8.41874195849,7.91310617788,C,4600
201585,Kosta,Koufos,21.0,18,DAL@SAC,SAC,DAL,,,6.5,7.25,0,0.205812923308,0.52264293711,2.27716675919e-05,0.827073207663,1.4262627029,1.69735480318,0.361468080059,0.456146662679,3.12361750608,1.86572879869,6.56192913473e-07,3.56309819242,0.52125723906,4.25271549263,12.0,0.000112260850787,3.0133098749e-14,9.62185125655,10.0062741826,5.0462533737,4.64332975488,C,4500
203504,Trey,Burke,16.5,15,GS@UTA,UTA,GS,GTD,Back,9.0,10.0,0,2.46067716185,0.0443799186721,3.37093856196,1.40052359997,0.315020582126,1.36545214493,0.806930519452,1.47444991997,1.68047272705,3.88369394916,1.33935325449,9.2682800913,0.988828404085,10.0955695569,22.0,0.000153191102733,1.59460470215e-09,16.0313235284,17.5224785434,9.3389309737,9.79695580548,PG,4500
203105,Festus,Ezeli,20.4,18,GS@UTA,GS,UTA,,,15.2,15.5,0,1.07787292708,1.85490574235,0.00293554449509,3.69570784416,2.77644079906,4.39835152759,0.356209905497,1.22927051286,7.17479232666,3.5220314961,0.000808473122277,6.35999392046,2.07369599542,9.11856746074,24.0,0.0994195599583,2.49981885271e-06,22.5380884262,23.6610043749,8.25983536045,7.78623580095,C,4500
201573,Jerryd,Bayless,22.6,17,DEN@MIL,MIL,DEN,,,13.2,15.25,0,3.95373014011,0.185425659839,4.54945703949,2.15419657113,0.364074605006,2.20653862588,1.37708220129,2.12567554404,2.57061323089,4.2360805796,1.97114369727,9.98331005215,1.72303963412,12.1663444906,33.0,0.00582199722268,1.92680593945e-06,22.181015756,24.3666948145,10.3984340631,11.2804642589,PG,4500
2594,Kyle,Korver,18.9,17,OKC@ATL,ATL,OKC,,,18.5,20.25,0,2.2346124795,0.32584987637,5.1238394,1.10291406176,0.146798189876,3.4014249193,0.753656181304,1.45975833139,3.54822310918,4.28956480304,2.35475619942,8.48808895269,0.919559321541,11.853445127,34.0,0.00267042907386,2.96079159393e-07,20.1624853613,22.251160314,10.23164782,11.3607627424,SG,4500
2037,Jamal,Crawford,17.1,17,POR@LAC,LAC,POR,,,19.0,19.0,0,1.97984759237,0.0857642856334,3.74532665437,3.34874136868,0.178262389402,1.10537690301,0.615424770172,1.29819921792,1.28363929241,3.74720329793,1.09563563664,10.1093267462,3.07122469538,11.6612669279,23.0,3.18328074969e-05,3.26094978078e-11,16.275584361,17.5367315022,9.73473214051,10.1639730815,SG,4500
202718,Chandler,Parsons,13.1,12,DAL@SAC,DAL,SAC,,,14.5,17.5,0,1.58912630881,0.374879250756,3.3405996995,1.81618649204,0.506083486258,2.08319703081,0.588575610653,1.41067903264,2.58928051706,4.21144611982,1.14310443415,8.92130615259,0.944386263246,10.510382937,24.0,0.000234779608383,1.55311012071e-09,16.5174397109,17.9241476442,9.22190996552,9.4944307551,SF,4500
203086,Meyers,Leonard,17.2,10,POR@LAC,POR,LAC,,,11.2,11.5,0,0.94341205465,0.356978621065,2.26231309787,0.739683484714,0.690868163462,2.16630521155,0.171889592369,0.639632671734,2.85717337502,2.34724067021,0.672382616388,5.18631425419,0.665826216595,6.0326901734,18.0,0.000179101443101,1.17292908817e-11,11.2945200605,12.0936550255,5.98270643396,6.13255158403,C,4400
201956,Omri,Casspi,20.8,18,DAL@SAC,SAC,DAL,,,21.5,23.25,0,1.85501291355,0.155118351401,3.59812757501,2.87515235892,1.19534471287,5.098629137,1.02145659525,2.01587153222,6.29397384987,5.15106574783,1.58947323739,10.2975604791,1.80338109113,13.6949858242,33.0,0.0871852584974,2.18566928725e-06,24.3675521754,26.6157076975,10.6725603877,11.0466514323,SF,4200
201959,Taj,Gibson,16.6,14,SA@CHI,CHI,SA,,,12.3,12.5,0,1.06675694185,0.798086451717,0.0842969431882,1.73248247708,1.63304348196,2.50000721709,0.389592282057,0.813851228102,4.13305069905,2.60303186836,2.88987470054e-07,5.24922260049,1.11207805178,6.31814207749,19.0,0.00242813307516,5.20216128381e-10,14.4394445686,15.0566650632,6.69842358449,6.29454707322,PF,4200
201149,Joakim,Noah,17.7,13,SA@CHI,CHI,SA,,,31.7,32.25,0,3.54953814558,0.902191659692,0.00829082843101,1.55166963931,2.62260039996,4.80741233988,0.582076104965,1.80189977438,7.43001273984,1.83754769887,0.0,4.6132694713,0.730247279749,4.40534267749,23.0,,,19.8123009386,,5.75354727577,,C,4200
2399,Mike,Dunleavy,0.0,0,SA@CHI,CHI,SA,O,Back,0.0,0.0,0,0.0,0.0,0.0,0.0,0.0,0.0,0.0,0.0,0.0,0.0,0.0,0.0,0.0,0.0,0.0,,,0.0,,0.594152155376,,SF,4200
101141,Ersan,Ilyasova,16.3,17,HOU@DET,DET,HOU,,,18.6,19.25,0,1.06516959185,0.348844099352,3.46471356874,1.84439896627,1.49345937879,1.83019923569,0.534014809596,0.92148777258,3.32365861448,3.70355625503,1.38602812943,8.49268304686,1.43957617661,10.2327168161,25.0,0.00140832027389,2.78635626422e-10,16.6630915866,17.9851449495,8.9197047115,9.44183828943,PF,4200
203500,Steven,Adams,17.5,17,OKC@ATL,OKC,ATL,,,2.4,2.5,0,0.52332024094,0.874733064505,0.00443235221088,1.29986729093,1.31264985818,1.85916355725,0.229431179967,0.549224568338,3.17181341544,1.45479848481,0.000433329057844,2.55675475803,0.701771786583,3.61180208526,14.0,7.08532236316e-05,2.33704316137e-12,9.8620624658,10.2955883651,4.17254830482,3.75435162143,C,4200
200757,Thabo,Sefolosha,18.8,15,OKC@ATL,ATL,OKC,,,25.6,26.5,0,2.43721853763,0.96856301482,2.89827383663,2.0768031451,1.42786639942,5.22469580586,2.32102008393,1.69837258505,6.65256220528,4.60349690486,1.12108072078,9.2187333197,1.34302409718,11.6710986277,39.0,0.0980298749128,3.73891686223e-05,28.1907946929,30.080306436,9.60491356742,9.74093009649,SF,4200
201980,Danny,Green,17.3,17,SA@CHI,SA,CHI,,,20.3,21.5,0,2.46542784676,0.872831445906,5.89209907516,1.04809398189,0.710137083674,3.3242330683,0.96714314947,1.62293560343,4.03437015198,3.54910950638,2.04534899702,9.83517695126,0.848601826833,9.99216983662,33.0,0.00515927395542,1.24802357687e-06,20.5885693765,22.6321728393,10.6693710129,11.9895537501,SG,4100
101135,David,Lee,14.4,17,BOS@MIA,BOS,MIA,,,8.0,9.25,0,1.37564226816,0.263997051341,0.0105837114937,1.76813816445,1.24328291289,1.94847735522,0.389570964366,1.03959691103,3.19176026811,2.46777751421,6.1321255855e-08,4.73086424713,1.28616560296,6.2217206927,14.0,0.000401266071241,7.72897749884e-10,12.3828355371,13.0628239381,6.32320300691,5.89876148321,PF,4100
203914,Gary,Harris,16.9,16,DEN@MIL,DEN,MIL,GTD,Concussion,0.0,0.0,0,0.0,0.0,0.0,0.0,0.0,0.0,0.0,0.0,0.0,0.0,0.0,0.0,0.0,0.0,0.0,,,0.0,,0.729614526622,,SG,4000
2746,Josh,Smith,14.6,17,POR@LAC,LAC,POR,,,16.6,17.75,0,1.46851753594,0.988978020336,1.52711220202,1.39650258851,0.966998009697,2.21266279396,0.416863860041,1.31438383043,3.17966080365,2.07226161643,0.477305751182,5.07288947255,0.730289856385,5.35211884044,14.0,0.000288759568681,1.01151579572e-09,12.867788039,13.9230490124,5.72506557094,5.74842772125,PF,4000
201166,Aaron,Brooks,15.0,10,SA@CHI,CHI,SA,O,Hamstring,0.0,0.0,0,0.0,0.0,0.0,0.0,0.0,0.0,0.0,0.0,0.0,0.0,0.0,0.0,0.0,0.0,0.0,,,0.0,,0.826692454597,,PG,4000
202344,Trevor,Booker,14.7,14,GS@UTA,UTA,GS,,,15.6,15.75,0,0.901517748399,0.573079819197,0.640956712335,0.798572445231,1.94793554452,2.62500115132,0.77940808174,0.8781710562,4.57293669584,2.06983617976,0.15074998203,5.28563432122,0.548416768934,4.83883911049,19.0,0.00230468969815,1.26890644259e-10,13.5054445138,14.2520089026,5.93821274509,5.72894071403,PF,4000
203994,Jusuf,Nurkic,0.0,0,DEN@MIL,DEN,MIL,O,Knee,0.0,0.0,0,0.0,0.0,0.0,0.0,0.0,0.0,0.0,0.0,0.0,0.0,0.0,0.0,0.0,0.0,0.0,,,0.0,,0.959889227623,,C,4000
203999,Nikola,Jokic,16.3,16,DEN@MIL,DEN,MIL,,,21.2,22.0,0,1.2733814225,0.65750848712,0.617669019908,3.05072638641,2.70321740407,4.28291354923,1.03325336326,1.55736578193,6.9861309533,4.1138137208,0.184610751167,8.08136684438,2.16926747216,10.5815056649,25.0,0.110636922049,1.24873894756e-07,22.6990928615,24.0853434334,9.319550503,8.92461491319,C,4000
201977,Marcus,Thornton,18.2,15,HOU@DET,HOU,DET,,,28.7,32.0,0,1.2810500708,0.103231910449,4.81171772992,0.926169264012,0.810549936593,1.58636149765,0.882913528062,0.695715866183,2.39691143424,4.11981602043,1.68433146048,10.0676920894,0.751565079707,10.675528581,22.0,0.000127994515845,1.35659284121e-10,16.7499724192,18.0600336464,10.2801624399,11.1243481593,SG,3900
201581,J.J.,Hickson,16.3,14,DEN@MIL,DEN,MIL,,,0.0,0.0,0,0.0,0.0,0.0,0.0,0.0,0.0,0.0,0.0,0.0,0.0,0.0,0.0,0.0,0.0,0.0,,,0.0,,0.867180631801,,PF,3900
201589,Darrell,Arthur,14.2,16,DEN@MIL,DEN,MIL,,,9.6,10.75,0,1.00848307219,0.686063644077,1.21277450565,0.741589556181,1.38552291056,2.11206453378,0.773228218411,0.86562623433,3.49758744435,2.92009043181,0.340725049688,7.21473813093,0.531613316803,6.71251923012,21.0,0.000953558164502,1.27950258898e-10,14.4753062623,15.2547916141,7.55744315617,7.39902951632,PF,3900
2749,Jameer,Nelson,15.3,15,DEN@MIL,DEN,MIL,,,15.2,16.25,0,4.36891522627,0.0310982088408,3.95258820337,0.808809205234,0.353699175228,1.53932223486,0.704544601353,1.86831845203,1.89302141009,3.15879348763,1.12135019262,8.52106572461,0.607747598712,8.04668476659,25.0,0.00601496918121,1.77256015884e-07,16.4746504665,18.0731588448,8.51479924906,9.0992516232,PG,3900
204020,Tyler,Johnson,15.2,14,BOS@MIA,MIA,BOS,,,15.2,16.75,0,1.5854078162,0.359255223863,1.56469479154,1.72674896037,0.71988498206,1.1867250599,0.776577366635,1.0259762728,1.90661004196,2.81458109125,0.700657961281,5.77233129621,1.30102061406,7.63084075785,20.0,1.44149164625e-05,7.87469859573e-11,13.5425734407,14.5012426824,6.6791551813,6.67689051566,PG,3800
203463,Ben,McLemore,12.4,18,DAL@SAC,SAC,DAL,,,6.4,6.5,0,1.06370151542,0.103750630744,2.25076421604,1.17473357106,0.295825613702,1.02352190018,0.710418927239,1.29288243634,1.31934751388,2.42518303947,0.866736488463,5.72763127881,0.950075960523,6.66717852792,18.0,4.46875869549e-07,7.79472964403e-14,10.1814044973,11.3271820057,6.42173607487,6.71678254407,SG,3800
201988,Patrick,Mills,15.6,17,SA@CHI,SA,CHI,,,5.5,5.5,0,1.71226350041,0.0776478492676,3.35786009907,0.338504156309,0.261507339367,1.01917337404,0.868546439347,0.818138586893,1.2806807134,2.71068885388,1.28609255057,6.33083418749,0.262728139961,6.97019839829,17.0,4.46434180117e-06,4.36988261782e-12,12.1496604953,13.2658167963,7.32774863506,7.98610391709,PG,3800
1626159,Justise,Winslow,15.8,15,BOS@MIA,MIA,BOS,,,13.2,15.5,0,1.61913591207,0.227809551528,1.67216447288,1.82985554078,1.08704747001,4.2866813709,0.670514598311,1.68104368217,5.37372884092,2.77167925669,0.45281182199,6.33792593793,1.22802643809,7.22419677345,29.0,0.0160933394174,1.27273060876e-07,16.2169798682,17.5767344532,6.87312529471,6.77575913431,SF,3800
200826,Jose Juan,Barea,16.1,16,DAL@SAC,DAL,SAC,O,Ankle,0.0,0.0,0,0.0,0.0,0.0,0.0,0.0,0.0,0.0,0.0,0.0,0.0,0.0,0.0,0.0,0.0,0.0,,,0.0,,0.851534784102,,PG,3800
203482,Kelly,Olynyk,16.1,16,BOS@MIA,BOS,MIA,,,9.4,10.5,0,0.778505034855,0.335794989828,1.51944248901,0.756623813432,0.681477828192,1.22669514443,0.568479395808,0.708423569788,1.90817297262,1.54961908834,0.52021414716,3.77709789919,0.564971640292,4.18442396413,10.0,2.91194562259e-06,3.40923325074e-14,8.74211428504,9.45184616006,4.68706200145,4.84163294031,C,3800
2405,Amar'e,Stoudemire,8.7,2,BOS@MIA,MIA,BOS,GTD,Illness,0.0,0.0,0,0.0,0.0,0.0,0.0,0.0,0.0,0.0,0.0,0.0,0.0,0.0,0.0,0.0,0.0,0.0,,,0.0,,0.765011587943,,PF,3800
2571,Leandro,Barbosa,13.3,15,GS@UTA,GS,UTA,,,6.1,6.75,0,1.18679820883,0.0961411816878,1.41459108163,0.635047344848,0.295145879831,0.482360295485,0.645217366805,0.574627689974,0.777506175316,2.0467873495,0.601004126399,4.46615358846,0.469934473544,5.16451329895,11.0,8.65905782909e-08,1.09478865612e-15,8.78580742959,9.41249877643,5.36965301613,5.44105753176,SG,3800
201158,Marco,Belinelli,17.9,18,DAL@SAC,SAC,DAL,,,3.0,4.0,0,1.26099932867,0.0302643858561,2.69630927929,1.57056537433,0.130396545866,0.589214663023,0.344956389033,0.861342676533,0.719611208889,2.10667036636,0.969613439684,5.3068471831,1.33452905947,6.51748323189,15.0,2.4936286872e-07,1.32599074225e-15,9.1616145488,10.1130735414,6.252264315,6.75759254883,SG,3800
101123,Gerald,Green,14.1,9,BOS@MIA,MIA,BOS,,,16.1,16.75,0,1.38512477454,0.411786377688,8.57377262187,3.35369868708,0.794211350004,2.4234462284,0.529069529758,1.88378605434,3.21765757841,6.40463685483,2.77231807524,16.6399821984,2.86254524464,18.4441370295,36.0,0.00174354361283,3.56714782503e-09,24.380939046,26.8724893158,16.1194296268,17.7355644132,SG,3700
101109,Raymond,Felton,15.3,17,DAL@SAC,DAL,SAC,,,26.5,29.25,0,3.14055193024,0.159806095526,2.62050250715,1.66447299239,0.427239393411,1.66993380587,0.91217260716,1.62521394114,2.09717319928,3.4454745319,0.792648601644,8.70247437896,1.32465059851,9.00824826395,26.0,0.000821429676858,5.3917335554e-08,16.7544274627,18.0694497003,8.61342211635,8.7642638539,PG,3700
2550,Kirk,Hinrich,13.6,7,SA@CHI,CHI,SA,GTD,Hip,0.0,0.0,0,0.0,0.0,0.0,0.0,0.0,0.0,0.0,0.0,0.0,0.0,0.0,0.0,0.0,0.0,0.0,,,0.0,,0.693922500448,,SG,3700
203488,Mike,Muscala,9.3,13,OKC@ATL,ATL,OKC,,,16.2,17.0,0,0.811275078531,0.78254770248,1.17625314954,1.14480520796,1.07050914639,2.02246980095,0.512941323992,0.888993806815,3.09297894734,2.39093614264,0.427750062567,4.85595235311,0.957750714074,6.16737306193,17.0,0.000328768604675,9.27507348789e-12,12.7978446627,13.6113586977,5.84092030563,5.6869432205,PF,3700
2549,Chris,Kaman,7.5,3,POR@LAC,POR,LAC,O,Ankle,0.0,0.0,0,0.0,0.0,0.0,0.0,0.0,0.0,0.0,0.0,0.0,0.0,0.0,0.0,0.0,0.0,0.0,,,0.0,,0.808058892286,,C,3700
2734,Devin,Harris,15.8,16,DAL@SAC,DAL,SAC,,,17.2,17.75,0,2.80038373035,0.338664427431,3.09536143899,2.90274572184,0.384896881615,1.72978569004,1.27613906642,1.19176287585,2.11468257165,3.12692387039,0.79317029587,7.5416556167,2.01577842842,9.06279646507,25.0,0.000379690355652,2.53947776109e-08,17.8388352584,18.9376055846,7.87475228908,8.09937409216,SG,3700
2581,Steve,Blake,10.2,13,HOU@DET,DET,HOU,,,1.0,1.5,0,2.38219629985,0.0846426234732,1.89836793482,0.147668312833,0.122382171605,0.61497253702,0.381123109645,0.995145768244,0.737354708625,0.999826427575,0.539754349454,2.92140068859,0.105388460785,2.64479566539,12.0,5.81416864982e-06,3.90850454426e-14,7.03930146351,7.84362797905,4.00558631429,4.39317036764,PG,3700
203530,Joffrey,Lauvergne,16.8,4,DEN@MIL,DEN,MIL,,,15.7,16.0,0,1.19386384252,0.524308708744,1.16756096415,1.84464973655,1.88082061551,2.68394172217,0.498223000622,1.21197250258,4.56476233767,2.84839227451,0.37225486885,6.35306616793,1.31891982688,7.38795924475,19.0,0.00660280497558,3.63691170247e-09,15.4895607299,16.5198167509,7.08961689273,6.90662676537,PF,3700
1626161,Willie,Cauley-Stein,14.5,18,DAL@SAC,SAC,DAL,,,6.0,6.75,0,0.258173474468,0.647632813109,0.0538675624961,0.984803040101,1.11455001485,2.05177766802,0.394483162118,0.496363600474,3.16632768287,1.16176056902,0.0148356129521,2.19381893771,0.548845570513,2.8872023215,12.0,3.16223213824e-05,6.34387269767e-14,8.66192410262,9.07588752696,3.65324195077,3.30739012721,C,3600
203118,Mike,Scott,8.8,17,OKC@ATL,ATL,OKC,,,8.9,9.0,0,0.780157553021,0.0853248154178,1.22335876551,0.738150982038,0.39026674169,0.706780523829,0.140489493166,0.374252896067,1.09704726552,1.51320927849,0.404528322452,3.34802023584,0.601958654808,4.03290553423,9.0,2.14955234573e-08,2.33679237384e-16,6.59697430349,7.04121730827,4.36724088308,4.37420595344,SF,3600
203090,Maurice,Harkless,13.0,17,POR@LAC,POR,LAC,,,24.3,26.5,0,1.27866161369,0.518050365791,2.28510038905,1.8819878467,1.74265788298,2.50062728459,0.847471694168,1.40045192273,4.24328516758,2.99252687795,0.676107849628,6.63801927742,1.15783245171,7.81899405723,26.0,0.00473162841955,4.90873890785e-09,16.159520876,17.417062478,7.17966002105,7.2346265945,SF,3600
201973,Jonas,Jerebko,8.3,17,BOS@MIA,BOS,MIA,,,5.6,5.75,0,0.628400897008,0.149631205298,0.733053597691,0.60749876865,0.677774627575,1.14652998985,0.264852584525,0.530312380454,1.82430461742,1.02415276868,0.245224536383,2.57418422449,0.520598567637,2.81412864137,10.0,5.4010672521e-07,8.08476215213e-16,6.24455072699,6.72353522644,3.49511379282,3.47361469354,PF,3600
201975,Jodie,Meeks,1.7,2,HOU@DET,DET,HOU,O,Foot,0.0,0.0,0,0.0,0.0,0.0,0.0,0.0,0.0,0.0,0.0,0.0,0.0,0.0,0.0,0.0,0.0,0.0,,,0.0,,0.592046369819,,SG,3600
202362,Lance,Stephenson,11.1,16,POR@LAC,LAC,POR,,,16.5,18.0,0,1.94111682879,0.0993136056309,1.18061250347,1.08170478541,0.574598387801,1.67219983276,0.457915100031,1.25105411275,2.24679822056,1.87832640901,0.360599899094,4.78572604441,0.719890472394,4.83714318951,17.0,2.00613073767e-05,5.58972647098e-10,10.3083795959,11.2265766065,5.37010258262,5.32693152715,SG,3600
201575,Brandon,Rush,7.8,10,GS@UTA,GS,UTA,,,4.4,5.5,0,0.575238124209,0.327233001563,1.52628728211,0.540206261313,0.245113179176,0.811345630025,0.232423254054,0.59192269165,1.0564588092,0.989252148437,0.522746554363,2.89010524167,0.313237786861,2.8144886381,12.0,6.28219836043e-09,4.08019307415e-18,5.47248621504,6.08264378793,3.80258549099,4.14717073146,SG,3600
202349,Greivis,Vasquez,15.6,16,DEN@MIL,MIL,DEN,GTD,Ankle,0.0,0.0,0,0.0,0.0,0.0,0.0,0.0,0.0,0.0,0.0,0.0,0.0,0.0,0.0,0.0,0.0,0.0,,,0.0,,0.829123378637,,PG,3600
203085,Austin,Rivers,13.7,17,POR@LAC,LAC,POR,,,10.2,10.75,0,1.50259855091,0.22911289829,2.63652606612,2.10472157971,0.499720688572,1.04606822049,0.929602248733,0.889149257475,1.54578890907,3.35020792481,0.637264007863,7.94976254909,1.32018109114,8.65786094862,25.0,4.56527290097e-06,1.08453886028e-11,14.1949865024,15.0354894285,8.03825472593,8.07869527196,PG,3600
201564,O.J.,Mayo,16.3,6,DEN@MIL,MIL,DEN,,,17.3,19.5,0,3.08615535047,0.153987784642,5.85862430014,1.71395231959,0.436288384688,1.94706686028,1.1879565717,1.72126048336,2.38335524497,4.41084013256,1.83601904356,10.928231211,1.33502330581,11.9927226145,31.0,0.00112655467702,1.88948545947e-07,20.4446101635,22.344108088,11.2527068244,12.3017468112,SG,3600
201578,Marreese,Speights,10.7,14,GS@UTA,GS,UTA,,,2.2,2.75,0,0.199354818237,0.127102914756,0.0870623774425,0.598739147635,0.36652342808,0.64596670966,0.0729118550715,0.326008156927,1.01249013774,0.888585097974,0.00992669242189,2.08691757503,0.458515780449,2.24561266882,4.0,8.8937041144e-10,2.05152310934e-23,3.83365444419,4.05224637709,3.22127534621,2.97271813884,PF,3600
201976,Patrick,Beverley,12.5,10,HOU@DET,HOU,DET,,,19.5,21.0,0,2.65976807693,0.589996434478,4.39420433309,0.649977874876,0.749789550306,2.26104743389,1.27687568695,1.565821872,3.01083698419,3.0444834319,1.49066388315,8.20528066884,0.545186398304,8.12481714526,28.0,0.000675945913676,2.1711447353e-07,17.8953960125,19.5751953095,8.74311775758,9.63286756043,PG,3600
203143,Pablo,Prigioni,5.4,5,POR@LAC,LAC,POR,,,0.0,0.0,0,0.0,0.0,0.0,0.0,0.0,0.0,0.0,0.0,0.0,0.0,0.0,0.0,0.0,0.0,0.0,,,0.0,,0.856594469044,,PG,3600
204060,Joe,Ingles,7.4,15,GS@UTA,UTA,GS,,,5.2,5.25,0,0.926839073081,0.0620472602532,1.39257489258,0.185177185261,0.0978821523678,0.859773345908,0.421627588467,0.56391834859,0.957655498275,1.10618075465,0.579131962117,2.40439161047,0.152373207273,2.94386667868,11.0,5.29075034701e-09,1.69301550569e-16,5.88674323508,6.50615117329,3.79207013782,4.08253481253,SF,3500
203948,Johnny,O'Bryant,9.8,15,DEN@MIL,MIL,DEN,,,1.0,1.5,0,0.198352147735,0.056204228134,0.00663359557921,0.295746375316,0.285131249067,0.429847146204,0.061918345533,0.182945323306,0.714978395271,0.418130120546,0.00182695221805,1.01133882661,0.190536896316,1.02862408963,4.0,1.22044166301e-12,2.64773461644e-26,2.23742620958,2.36556126711,2.02359655247,1.84350653438,C,3500
1626169,Stanley,Johnson,14.2,17,HOU@DET,DET,HOU,,,37.5,42.0,0,1.58596454203,0.296455061378,3.81306421145,2.31732148871,1.42397744941,4.25022050797,1.04222242247,1.932278232,5.67419795738,4.86961311223,1.14276862192,12.059878804,1.65433503109,12.5363298775,30.0,0.0489001799428,3.31751134806e-07,22.4693909751,24.363975565,11.4087315087,11.7103926031,SF,3500
201202,Joel,Anthony,5.7,2,HOU@DET,DET,HOU,,,0.0,0.0,0,0.0,0.0,0.0,0.0,0.0,0.0,0.0,0.0,0.0,0.0,0.0,0.0,0.0,0.0,0.0,,,0.0,,0.897750024864,,C,3500
201177,Josh,McRoberts,8.9,15,BOS@MIA,MIA,BOS,,,12.4,13.0,0,2.81721961764,0.252401999908,1.84388399832,1.21917788566,1.02147963954,2.06246120647,0.745296645091,1.38845225907,3.08394084601,1.76514894245,0.51973660172,4.36768675507,0.805884063276,4.8559185499,24.0,0.000273800010598,1.24767117916e-07,13.3894220225,14.4981245695,5.14705323078,5.28513649605,PF,3500
201580,JaVale,McGee,12.1,3,DAL@SAC,DAL,SAC,,,7.4,8.0,0,0.13665541817,0.78139480807,0.00185918973091,1.1407249996,1.01423302953,1.13295032839,0.113552887743,0.75153815181,2.14718335792,1.99278941942,0.00181919089597,3.69388936352,0.675080403414,4.66247843314,10.0,8.46013972566e-06,9.74312777587e-14,8.48243882972,8.96648935918,5.25208637344,4.8234495029,C,3500
2406,Caron,Butler,5.7,7,DAL@SAC,SAC,DAL,O,Knee,0.0,0.0,0,0.0,0.0,0.0,0.0,0.0,0.0,0.0,0.0,0.0,0.0,0.0,0.0,0.0,0.0,0.0,,,0.0,,0.59814332223,,SF,3500
2034,Mike,Miller,4.6,12,DEN@MIL,DEN,MIL,,,1.5,1.5,0,0.0728900790325,0.00359066108249,0.155891359327,0.00724458378919,0.00555184192162,0.0537808540468,0.03178050012,0.0389958868073,0.0593326959684,0.0753743421205,0.063579510564,0.184174740389,0.00570474643968,0.220032941245,1.0,5.07081193271e-23,6.35188078526e-42,0.432313730553,0.486568064037,1.0622174093,1.14558299717,SF,3500
200751,Randy,Foye,8.9,17,DEN@MIL,DEN,MIL,,,13.9,16.25,0,2.23184842117,0.22634233906,4.69070076497,0.941599689375,0.445073927354,1.14407748768,0.619025668764,1.37624056919,1.58915141504,2.54355745544,1.24126815432,7.92868824705,0.772599175382,7.10098224058,24.0,4.01790620284e-05,2.55558199038e-10,12.6702320168,14.0585042187,8.27647461484,9.18257600258,SG,3500
203501,Tim,Hardaway Jr.,5.0,4,OKC@ATL,ATL,OKC,,,0.0,0.0,0,0.0,0.0,0.0,0.0,0.0,0.0,0.0,0.0,0.0,0.0,0.0,0.0,0.0,0.0,0.0,,,0.0,,0.573187568624,,SG,3500
203382,Aron,Baynes,9.8,17,HOU@DET,DET,HOU,,,19.8,20.5,0,0.864950200666,0.497320285618,0.0869894664698,1.70944077859,2.18852465119,3.04096648769,0.338443086562,1.19765221489,5.22949113888,3.19398956514,0.0104470247511,6.19160572227,1.32877775319,7.72720390823,21.0,0.0158017222526,4.68772611828e-10,15.7738931054,16.6631198669,7.69257850107,7.25218594681,C,3500
1626257,Salah,Mejri,2.2,5,DAL@SAC,DAL,SAC,,,0.0,0.0,0,0.0,0.0,0.0,0.0,0.0,0.0,0.0,0.0,0.0,0.0,0.0,0.0,0.0,0.0,0.0,,,0.0,,0.871664190769,,C,3500
203098,John,Jenkins,6.8,6,DAL@SAC,DAL,SAC,,,4.0,4.0,0,0.178291866428,0.011230211805,0.448914403198,0.176798174426,0.0491818799974,0.101492218815,0.0637698817806,0.154843344519,0.150674098812,0.455085879504,0.147491923919,1.02285363052,0.155601284724,1.21326496765,3.0,1.57804759976e-17,1.92149163019e-32,1.65666852852,1.81536986768,2.11224573743,2.09605769786,SG,3500
203200,Justin,Holiday,7.5,14,OKC@ATL,ATL,OKC,,,0.0,0.0,0,0.0,0.0,0.0,0.0,0.0,0.0,0.0,0.0,0.0,0.0,0.0,0.0,0.0,0.0,0.0,,,0.0,,0.749383624788,,SG,3500
1626183,Branden,Dawson,0.0,0,POR@LAC,LAC,POR,,,0.0,0.0,0,0.0,0.0,0.0,0.0,0.0,0.0,0.0,0.0,0.0,0.0,0.0,0.0,0.0,0.0,0.0,,,0.0,,0.845620626624,,PF,3500
1626199,Darrun,Hilliard,4.9,2,HOU@DET,DET,HOU,,,0.0,0.0,0,0.0,0.0,0.0,0.0,0.0,0.0,0.0,0.0,0.0,0.0,0.0,0.0,0.0,0.0,0.0,,,0.0,,0.807594211164,,SG,3500
201601,Luc Richard,Mbah a Moute,3.9,15,POR@LAC,LAC,POR,,,11.5,11.75,0,1.04224414025,0.51505956914,1.86037231197,1.56656945417,1.60854316233,1.43189963083,0.950158361545,0.823283138101,3.04044279317,2.72916879639,0.69935138186,6.58994927222,0.986176742954,7.1438657176,24.0,0.000406334313699,9.44008081256e-11,14.462916003,15.3768649044,7.01733152875,7.11764177975,SF,3500
203475,Erick,Green,0.9,3,DEN@MIL,DEN,MIL,,,0.0,0.0,0,0.0,0.0,0.0,0.0,0.0,0.0,0.0,0.0,0.0,0.0,0.0,0.0,0.0,0.0,0.0,,,0.0,,0.673447419146,,SG,3500
200779,Steve,Novak,4.2,1,OKC@ATL,OKC,ATL,,,0.0,0.0,0,0.0,0.0,0.0,0.0,0.0,0.0,0.0,0.0,0.0,0.0,0.0,0.0,0.0,0.0,0.0,,,0.0,,0.46938023534,,SF,3500
203912,C.J.,Wilcox,0.0,0,POR@LAC,LAC,POR,,,0.0,0.0,0,0.0,0.0,0.0,0.0,0.0,0.0,0.0,0.0,0.0,0.0,0.0,0.0,0.0,0.0,0.0,,,0.0,,0.729975285981,,SG,3500
203503,Tony,Snell,11.4,14,SA@CHI,CHI,SA,,,19.7,21.5,0,1.09083651988,0.308978710225,3.2619250756,0.69903714471,0.26958682485,2.30798272642,0.379137197393,0.907203264495,2.57756955127,2.26606078115,1.38161072036,6.15272972587,0.634625131195,6.54835741385,23.0,0.000102013593178,2.4968985007e-11,11.7467242059,13.0201626964,6.97396946205,7.77634315365,SG,3500
203962,Josh,Huestis,0.0,0,OKC@ATL,OKC,ATL,,,0.0,0.0,0,0.0,0.0,0.0,0.0,0.0,0.0,0.0,0.0,0.0,0.0,0.0,0.0,0.0,0.0,0.0,,,0.0,,0.845620626624,,SF,3500
1626173,Rashad,Vaughn,4.0,10,DEN@MIL,MIL,DEN,,,3.2,3.25,0,0.211145238427,0.213223754018,1.16587829502,0.326277624238,0.218041660994,0.66301222158,0.181628131109,0.406711225016,0.881053882574,0.986362369275,0.363646013189,2.49174128865,0.252610435998,2.58898118774,7.0,8.24291674352e-10,7.69035288511e-23,4.34595624971,4.77518756417,3.48060715109,3.61200141763,SG,3500
203946,Cameron,Bairstow,2.8,2,SA@CHI,CHI,SA,,,0.0,0.0,0,0.0,0.0,0.0,0.0,0.0,0.0,0.0,0.0,0.0,0.0,0.0,0.0,0.0,0.0,0.0,,,0.0,,0.764119583146,,PF,3500
1626251,Duje,Dukan,0.0,0,DAL@SAC,SAC,DAL,,,0.0,0.0,0,0.0,0.0,0.0,0.0,0.0,0.0,0.0,0.0,0.0,0.0,0.0,0.0,0.0,0.0,0.0,,,0.0,,0.845620626624,,PF,3500
203950,Jarnell,Stokes,1.2,2,BOS@MIA,MIA,BOS,,,0.0,0.0,0,0.0,0.0,0.0,0.0,0.0,0.0,0.0,0.0,0.0,0.0,0.0,0.0,0.0,0.0,0.0,,,0.0,,0.875565325727,,PF,3500
203481,Jeff,Withey,6.5,8,GS@UTA,UTA,GS,,,0.0,0.0,0,0.0,0.0,0.0,0.0,0.0,0.0,0.0,0.0,0.0,0.0,0.0,0.0,0.0,0.0,0.0,,,0.0,,0.894709039921,,C,3500
1626146,Cliff,Alexander,3.6,5,POR@LAC,POR,LAC,,,4.0,4.0,0,0.080469620562,0.0755098783586,0.0700722760426,0.105214509438,0.110421846181,0.265790909789,0.0638243131009,0.103334546962,0.37621275597,0.298682891843,0.0192985373363,0.650553811961,0.0775163020219,0.694180623044,2.0,1.0317825599e-15,4.90945901225e-33,1.44167419701,1.52180137696,1.71633298822,1.56784190631,PF,3500
1626196,Josh,Richardson,3.8,6,BOS@MIA,MIA,BOS,,,0.0,0.0,0,0.0,0.0,0.0,0.0,0.0,0.0,0.0,0.0,0.0,0.0,0.0,0.0,0.0,0.0,0.0,,,0.0,,0.731262628635,,SG,3500
201229,Anthony,Tolliver,10.2,16,HOU@DET,DET,HOU,,,5.6,5.75,0,0.442166313875,0.138775626195,2.23108422273,0.396934279921,0.396457765652,1.10395273341,0.230525177487,0.205014196937,1.50041049906,0.980625183205,0.740848088947,2.88406994373,0.262880217436,2.96497867279,12.0,2.02936099374e-07,1.07141393926e-17,5.96230815291,6.51026012521,4.36037230577,4.96578759492,PF,3500
1718,Paul,Pierce,11.0,16,POR@LAC,LAC,POR,,,4.2,4.75,0,0.855634810425,0.142512703581,2.26657364219,1.02254889901,0.216324425346,1.42600030927,0.340888577066,0.538568915049,1.64232473462,1.43294418643,0.673176977501,3.87663350778,0.827318103801,4.36638345416,14.0,9.46513384181e-07,2.51965294361e-14,8.04885899758,8.73684960036,4.92356145079,5.33542666404,SF,3500
203187,Chris,Johnson,3.1,12,GS@UTA,UTA,GS,,,0.0,0.0,0,0.0,0.0,0.0,0.0,0.0,0.0,0.0,0.0,0.0,0.0,0.0,0.0,0.0,0.0,0.0,,,0.0,,0.668607456581,,SG,3500
2564,Boris,Diaw,13.4,17,SA@CHI,SA,CHI,,,11.2,12.5,0,2.49532194663,0.254612780909,1.04436991351,0.682280689125,0.710429377622,1.81186771168,0.367083145793,1.03735973581,2.5222970893,2.30566909821,0.380055849777,4.85460440019,0.5085159051,5.4999099513,18.0,0.000104171582004,1.48220781979e-08,12.475681496,13.3106604451,5.75417000866,5.58996598739,PF,3500
201945,Gerald,Henderson,8.0,9,POR@LAC,POR,LAC,,,13.1,13.25,0,0.892201263896,0.133096218246,1.31527141385,1.6305959806,0.128250064546,1.22156827846,0.391195443037,0.863196449193,1.34981834301,2.37361554183,0.420279500835,6.0188040516,1.13920044293,6.30671102743,16.0,4.18112697827e-07,1.60326688676e-14,9.45018180826,10.1594113276,6.46878637867,6.41550014249,SG,3500
201571,D.J.,Augustin,11.6,17,OKC@ATL,OKC,ATL,,,2.7,2.75,0,2.37774878813,0.0418573525808,2.00725361737,1.34303414765,0.222256483497,0.825446308372,0.471915138565,1.13500127522,1.04770279187,1.89511589323,0.810193401931,4.58772750193,1.03378760474,5.63421279314,16.0,3.73647486444e-05,6.35340397917e-12,10.3506230326,11.375661558,5.53682214178,5.87978610375,PG,3500
1891,Jason,Terry,8.9,15,HOU@DET,HOU,DET,,,0.0,0.0,0,0.0,0.0,0.0,0.0,0.0,0.0,0.0,0.0,0.0,0.0,0.0,0.0,0.0,0.0,0.0,,,0.0,,0.703343825128,,PG,3500
202379,Jeremy,Evans,4.9,13,DAL@SAC,DAL,SAC,,,0.0,0.0,0,0.0343781053813,0.0423370259023,0.0191371562206,0.0899274933217,0.0796479437081,0.120246618487,0.0296529261952,0.0309526214048,0.199894562195,0.117397346653,0.00843976929339,0.205630554824,0.0696311693087,0.312865631909,1.0,6.49060615532e-20,3.67554151248e-40,0.717333547405,0.747024470864,1.24746947192,1.1534922181,PF,3500
203915,Spencer,Dinwiddie,10.8,6,HOU@DET,DET,HOU,GTD,Knee,0.0,0.0,0,0.0,0.0,0.0,0.0,0.0,0.0,0.0,0.0,0.0,0.0,0.0,0.0,0.0,0.0,0.0,,,0.0,,0.843549742537,,PG,3500
203460,Andre,Roberson,11.8,16,OKC@ATL,OKC,ATL,,,10.2,10.75,0,0.605471662256,0.342644565689,1.28943592918,0.525955415606,0.597261715813,1.46798470904,0.579194237579,0.445213518436,2.06524642485,1.30334461457,0.363284403542,2.88733695207,0.29402771923,3.26400135191,16.0,2.72565202084e-06,4.77108857704e-15,8.04896864322,8.55648401393,3.95414417462,3.96133531685,SG,3500
1626166,Cameron,Payne,2.5,8,OKC@ATL,OKC,ATL,,,0.0,0.0,0,0.0,0.0,0.0,0.0,0.0,0.0,0.0,0.0,0.0,0.0,0.0,0.0,0.0,0.0,0.0,,,0.0,,0.895035667233,,PG,3500
203909,K.J.,McDaniels,3.9,6,HOU@DET,HOU,DET,,,0.0,0.0,0,0.0486176438502,0.0512797891901,0.120713174674,0.100032729467,0.0543930022765,0.0670849250371,0.0314606533593,0.0767997031259,0.121477927314,0.120724678344,0.0308663964769,0.337664266105,0.0700929282953,0.34240868146,1.0,2.2447914465e-21,1.18450318839e-40,0.649789841985,0.709696788152,1.27319072609,1.24046453796,SF,3500
201627,Anthony,Morrow,8.4,16,OKC@ATL,OKC,ATL,,,13.6,15.25,0,0.695553836471,0.103821948096,4.30470944641,0.577313777233,0.339613109671,1.10916170066,0.814221449307,0.597584999723,1.44877481033,3.1311022179,1.77284281027,7.50437599455,0.527561600669,8.56260884674,23.0,1.42197318977e-06,2.93523811397e-14,12.5829711689,13.8406259474,8.65996519628,9.6450297223,SG,3500
202332,Cole,Aldrich,1.8,5,POR@LAC,LAC,POR,,,0.0,0.0,0,0.0,0.0,0.0,0.0,0.0,0.0,0.0,0.0,0.0,0.0,0.0,0.0,0.0,0.0,0.0,,,0.0,,0.941299552813,,C,3500
202734,E'Twaun,Moore,10.1,14,SA@CHI,CHI,SA,,,8.9,9.5,0,1.06768053822,0.157530729795,1.14032735488,0.710703889644,0.207654824759,1.020642605,0.627182385072,0.560822370102,1.22829742975,2.04018696045,0.400025110873,4.5557783491,0.381101980859,4.86150101263,17.0,1.23142227805e-07,1.94935445114e-14,8.9455825953,9.48742139199,5.34728098528,5.26208280466,PG,3500
202353,Tibor,Pleiss,1.6,4,GS@UTA,UTA,GS,,,0.0,0.0,0,0.0,0.0,0.0,0.0,0.0,0.0,0.0,0.0,0.0,0.0,0.0,0.0,0.0,0.0,0.0,,,0.0,,0.810870479905,,C,3500
203123,Kostas,Papanikolaou,3.5,13,DEN@MIL,DEN,MIL,,,2.9,3.5,0,0.793748705426,0.146028382559,1.24442940273,0.326755621922,0.472518716788,0.784381966211,0.347928857866,0.633315362561,1.256900683,0.926585547098,0.326455199052,2.48533025895,0.240862735067,2.42048902832,10.0,1.65979506383e-08,2.17912629465e-16,5.47399202434,6.0167223642,3.40835778659,3.52969981884,SF,3500
203961,Eric,Moreland,4.2,4,DAL@SAC,SAC,DAL,,,0.0,0.0,0,0.0,0.0,0.0,0.0,0.0,0.0,0.0,0.0,0.0,0.0,0.0,0.0,0.0,0.0,0.0,,,0.0,,0.896954657026,,PF,3500
1626175,Jordan,Mickey,6.1,2,BOS@MIA,BOS,MIA,,,0.0,0.0,0,0.0,0.0,0.0,0.0,0.0,0.0,0.0,0.0,0.0,0.0,0.0,0.0,0.0,0.0,0.0,,,0.0,,0.940961584844,,PF,3500
101111,Charlie,Villanueva,11.0,15,DAL@SAC,DAL,SAC,,,10.4,11.5,0,0.32341269975,0.259798440592,2.59071178199,0.346537052575,0.353368448548,1.11167820912,0.153656393079,0.363641529991,1.46504665767,1.87606745057,0.820138735036,4.56120885727,0.2149267037,4.78720033988,9.0,4.70839332492e-07,1.35539773786e-18,7.49364351605,8.15878668771,5.61986425982,6.05755564934,PF,3500
202341,James,Anderson,4.4,11,DAL@SAC,SAC,DAL,,,0.0,0.0,0,0.0,0.0,0.0,0.0,0.0,0.0,0.0,0.0,0.0,0.0,0.0,0.0,0.0,0.0,0.0,,,0.0,,0.684436929311,,SG,3500
2365,Chris,Andersen,3.8,3,BOS@MIA,MIA,BOS,GTD,Illness,0.0,0.0,0,0.0,0.0,0.0,0.0,0.0,0.0,0.0,0.0,0.0,0.0,0.0,0.0,0.0,0.0,0.0,,,0.0,,0.800648230412,,C,3500
1626246,Boban,Marjanovic,4.0,9,SA@CHI,SA,CHI,,,0.0,0.0,0,0.0,0.0,0.0,0.0,0.0,0.0,0.0,0.0,0.0,0.0,0.0,0.0,0.0,0.0,0.0,,,0.0,,0.925695020442,,C,3500
202713,Kyle,Singler,5.2,14,OKC@ATL,OKC,ATL,,,0.0,0.0,0,0.0,0.0,0.0,0.0,0.0,0.0,0.0,0.0,0.0,0.0,0.0,0.0,0.0,0.0,0.0,,,0.0,,0.655629229898,,SF,3500
202714,Shelvin,Mack,9.1,8,OKC@ATL,ATL,OKC,,,0.0,0.0,0,0.0,0.0,0.0,0.0,0.0,0.0,0.0,0.0,0.0,0.0,0.0,0.0,0.0,0.0,0.0,,,0.0,,0.877559467951,,PG,3500
203459,Allen,Crabbe,13.1,17,POR@LAC,POR,LAC,,,5.0,5.5,0,0.823915022296,0.165056968749,1.89615750276,0.58364357193,0.177349686203,1.0121376041,0.463396212175,0.545427858699,1.1894872903,2.17563967619,0.723463858657,4.81578164454,0.483170766216,5.55791397725,17.0,1.07735249008e-07,1.96786230144e-15,8.9326497622,9.626570147,5.68243767054,5.87316011439,SG,3500
203492,Ray,McCallum,2.2,10,SA@CHI,SA,CHI,,,0.0,0.0,0,0.0,0.0,0.0,0.0,0.0,0.0,0.0,0.0,0.0,0.0,0.0,0.0,0.0,0.0,0.0,,,0.0,,0.780659142819,,PG,3500
2446,Rasual,Butler,6.1,16,SA@CHI,SA,CHI,,,0.0,0.0,0,0.0,0.0,0.0,0.0,0.0,0.0,0.0,0.0,0.0,0.0,0.0,0.0,0.0,0.0,0.0,,,0.0,,0.73346206689,,SF,3500
203934,Lamar,Patterson,9.1,13,OKC@ATL,ATL,OKC,,,1.5,1.5,0,0.213421274236,0.0161116019546,0.280006573352,0.171453652851,0.0395822219535,0.243780215586,0.0564877281857,0.110545103528,0.283362437539,0.149063436969,0.0698071620333,0.444513818442,0.117319048587,0.485253084558,2.0,6.50075738988e-17,2.72282503805e-30,1.18007347771,1.28441773237,1.4231565435,1.45708671168,SG,3500
203101,Miles,Plumlee,4.6,13,DEN@MIL,MIL,DEN,,,0.0,0.0,0,0.120361485454,0.236523110274,0.000252579737408,0.142000636139,0.375362495856,0.422629405092,0.103562201998,0.241706390064,0.797991900948,0.496709469407,6.9562600898e-05,0.926995388647,0.0862622759594,1.07975077737,4.0,4.15256938936e-12,5.06612974761e-25,2.65634752117,2.81713509256,2.18008429657,1.9150765685,C,3500
204025,Tim,Frazier,1.7,9,POR@LAC,POR,LAC,,,6.8,8.5,0,2.05436584854,0.0266198748384,0.582036633195,0.661496058988,0.252022167728,0.57385759372,0.318989117113,0.859471029615,0.825879761448,0.852096735406,0.157655841118,2.17447663759,0.377839014277,2.23968832621,9.0,6.35163689813e-07,1.22231995916e-14,6.14403976704,6.69389814323,3.14395341317,3.05655777077,PG,3500
101236,Chuck,Hayes,6.8,2,HOU@DET,HOU,DET,,,0.0,0.0,0,0.0,0.0,0.0,0.0,0.0,0.0,0.0,0.0,0.0,0.0,0.0,0.0,0.0,0.0,0.0,,,0.0,,0.809432383888,,C,3500
202407,Elijah,Millsap,3.9,8,GS@UTA,UTA,GS,,,0.0,0.0,0,0.0,0.0,0.0,0.0,0.0,0.0,0.0,0.0,0.0,0.0,0.0,0.0,0.0,0.0,0.0,,,0.0,,0.785439249454,,SF,3500
202325,Wesley,Johnson,8.3,17,POR@LAC,LAC,POR,,,3.0,3.5,0,0.168024217771,0.101364665192,0.637674857716,0.167856993958,0.106689662947,0.361041370906,0.137434230171,0.160566716469,0.467731033853,0.647788191924,0.249142226633,1.37366616957,0.124875400312,1.66959401079,5.0,5.50991841574e-13,2.675699123e-27,2.79993865233,3.02817967557,2.58329232156,2.63085294421,SF,3500
203552,Seth,Curry,5.3,8,DAL@SAC,SAC,DAL,,,10.7,11.75,0,2.16330297914,0.149202679543,2.9826461173,0.895714062356,0.276156187529,1.37439391804,0.580400917592,0.942958482295,1.65055010557,3.221909689,1.62503069063,6.43223951804,0.693479120274,8.76232918891,20.0,4.71035388405e-05,3.96889713275e-10,14.5041924963,15.8707852445,7.5530415538,8.15584371178,SG,3500
1626245,Cristiano,Felicio,1.8,2,SA@CHI,CHI,SA,,,0.0,0.0,0,0.0,0.0,0.0,0.0,0.0,0.0,0.0,0.0,0.0,0.0,0.0,0.0,0.0,0.0,0.0,,,0.0,,0.864548022858,,C,3500
1626242,Luis,Montero,1.6,2,POR@LAC,POR,LAC,,,0.0,0.0,0,0.0,0.0,0.0,0.0,0.0,0.0,0.0,0.0,0.0,0.0,0.0,0.0,0.0,0.0,0.0,,,0.0,,0.817576197931,,SF,3500
2617,Udonis,Haslem,5.5,5,BOS@MIA,MIA,BOS,,,0.0,0.0,0,0.0,0.0,0.0,0.0,0.0,0.0,0.0,0.0,0.0,0.0,0.0,0.0,0.0,0.0,0.0,,,0.0,,0.728282181647,,PF,3500
203923,James,Young,2.0,3,BOS@MIA,BOS,MIA,,,0.0,0.0,0,0.0,0.0,0.0,0.0,0.0,0.0,0.0,0.0,0.0,0.0,0.0,0.0,0.0,0.0,0.0,,,0.0,,0.603512070258,,SF,3500
203956,Mitch,McGary,3.3,6,OKC@ATL,OKC,ATL,,,0.0,0.0,0,0.0,0.0,0.0,0.0,0.0,0.0,0.0,0.0,0.0,0.0,0.0,0.0,0.0,0.0,0.0,,,0.0,,0.849850121896,,PF,3500
203943,Noah,Vonleh,7.4,17,POR@LAC,POR,LAC,,,3.2,3.25,0,0.295186048995,0.350730137605,0.604940265621,0.879528531055,0.913604907042,1.87178004476,0.197385284537,0.659726493289,2.7853849518,1.26660034546,0.161484119865,3.1894254716,0.634739912639,3.32942472343,13.0,2.44024753862e-05,1.64097740483e-16,7.55117009008,8.10108124796,4.03944748775,3.89522296162,PF,3500
203546,Ian,Clark,6.6,14,GS@UTA,GS,UTA,,,15.2,17.25,0,0.579743444385,0.110995711692,1.05636147215,0.370619525148,0.142983648989,0.322389833384,0.248618454415,0.403368503687,0.465373482374,0.888083963247,0.412991986925,2.17154677173,0.314973774164,2.50413368758,6.0,1.76987625996e-11,1.35939429301e-21,4.24805686154,4.67950578099,3.31711133012,3.51546324051,SG,3500
203613,Jonathon,Simmons,6.8,5,SA@CHI,SA,CHI,,,0.0,0.0,0,0.0,0.0,0.0,0.0,0.0,0.0,0.0,0.0,0.0,0.0,0.0,0.0,0.0,0.0,0.0,,,0.0,,0.786116167498,,SG,3500
2561,David,West,11.9,17,SA@CHI,SA,CHI,,,9.1,9.25,0,1.66814942959,0.347943359271,0.125168086089,1.02732486963,0.689645884611,2.02332547004,0.38005911602,1.13471206591,2.71297135465,2.28819851032,0.0457183310071,4.62006558872,0.733231798749,5.3553471504,15.0,8.30362378947e-05,8.30351996817e-10,11.434429805,12.1604181281,5.98518552785,5.61011562772,PF,3500
1626149,Montrezl,Harrell,7.1,13,HOU@DET,HOU,DET,,,6.4,6.5,0,0.202848905916,0.250864254542,0.0843319275673,0.994905531642,0.522723681786,0.940830037555,0.218059013636,0.450088694403,1.46355371934,1.04163490746,0.0232257740823,1.91184218667,0.604882790739,2.71137837974,8.0,5.01666487649e-08,1.49793988139e-20,5.25967404378,5.56950903924,3.36356042287,3.01724232986,PF,3500
201147,Corey,Brewer,12.3,17,HOU@DET,HOU,DET,,,12.6,12.75,0,1.0073743795,0.133119826405,1.86075776838,1.60591255945,0.444841732789,1.21457479412,0.735751180828,0.76612242117,1.65941652691,1.93515688005,0.438117227156,5.51992101917,1.2076321349,5.51606312217,16.0,1.77071129091e-06,2.19887350491e-13,9.990044117,10.6751374236,5.76042541434,5.84456753395,SF,3500
1626179,Terry,Rozier,3.9,11,BOS@MIA,BOS,MIA,,,-1.0,-0.5,0,0.452680260028,0.0373006698859,0.555547829546,0.184766460137,0.310361750133,0.455858746588,0.109787217669,0.331383725493,0.766220496721,0.779341436347,0.130725842452,2.11353684528,0.139853081148,1.82926179629,5.0,5.79302582711e-11,3.79899791989e-21,3.39053883202,3.65990464091,2.90941952219,2.82117339012,PG,3500
2555,Nick,Collison,9.6,14,OKC@ATL,OKC,ATL,,,4.1,5.75,0,1.06853247323,0.340290860068,0.359201352197,0.56400993531,1.14407878909,1.62699879729,0.423753718119,0.872349220897,2.77107758638,1.19651809954,0.0770598832514,2.60270707709,0.455290326335,2.92538640867,13.0,1.42244526967e-05,2.89069259727e-12,8.50921815764,9.12249792572,3.73276753897,3.46354423212,PF,3500
1626171,Bobby,Portis,7.0,3,SA@CHI,CHI,SA,,,0.0,0.0,0,0.0,0.0,0.0,0.0,0.0,0.0,0.0,0.0,0.0,0.0,0.0,0.0,0.0,0.0,0.0,,,0.0,,0.834058311717,,PF,3500
203142,Chris,Copeland,4.5,13,DEN@MIL,MIL,DEN,,,0.0,0.0,0,0.231638039153,0.038658868339,0.853982986881,0.212062720442,0.0857316802875,0.165577196063,0.0611750763165,0.211118161831,0.25130887635,0.569197431418,0.274543236758,1.50119397532,0.160002731111,1.5729408307,4.0,1.79323079153e-15,1.22760419626e-28,2.21051826854,2.46591441165,2.5641891947,2.7232097789,SF,3500
203926,Doug,McDermott,12.1,14,SA@CHI,CHI,SA,GTD,Illness,15.6,16.25,0,0.85089611691,0.125725400461,4.46599987688,1.09307866165,0.563281109753,1.85775085942,0.382107433136,1.15448317019,2.42103196918,4.70248300799,1.85523440091,10.6779081041,0.837594320436,12.0977947373,30.0,0.000158024437067,4.0093560033e-12,16.1405597727,17.7667071934,10.7961299204,11.5364106413,SF,3500
1626147,Justin,Anderson,4.8,13,DAL@SAC,DAL,SAC,,,0.0,0.0,0,0.0441294239475,0.0211279510406,0.159071191992,0.0876606062336,0.0208457871438,0.15887766761,0.0284179322154,0.0644280948592,0.179723454753,0.1369199737,0.0412025895545,0.347790174774,0.056302953998,0.371345490953,1.0,2.02179383363e-19,1.51873762811e-39,0.687871444231,0.749672959175,1.30612842826,1.27873722922,SF,3500
2733,Shaun,Livingston,11.1,16,GS@UTA,GS,UTA,,,10.6,12.25,0,2.55415407923,0.173265801535,0.130829152306,1.07987319733,0.520193188992,1.08301507008,0.513227062166,1.05724365715,1.60320825907,2.21868488111,0.0405226126164,4.52360983307,0.922155028648,5.40004740348,19.0,5.3447360362e-05,3.79909970432e-10,11.4708705035,12.0999942235,5.86663348757,5.49631992178,PG,3500
203092,Tyler,Zeller,7.2,12,BOS@MIA,BOS,MIA,,,0.0,0.0,0,0.0,0.0,0.0,0.0,0.0,0.0,0.0,0.0,0.0,0.0,0.0,0.0,0.0,0.0,0.0,,,0.0,,0.790075116323,,C,3500
204002,Walter,Tavares,1.3,3,OKC@ATL,ATL,OKC,,,0.0,0.0,0,0.0,0.0,0.0,0.0,0.0,0.0,0.0,0.0,0.0,0.0,0.0,0.0,0.0,0.0,0.0,,,0.0,,0.886898970594,,C,3500
203996,Damien,Inglis,4.3,5,DEN@MIL,MIL,DEN,,,0.0,0.0,0,0.0,0.0,0.0,0.0,0.0,0.0,0.0,0.0,0.0,0.0,0.0,0.0,0.0,0.0,0.0,,,0.0,,0.829738069957,,SF,3500
2757,Beno,Udrih,9.2,12,BOS@MIA,MIA,BOS,,,0.0,0.0,0,0.0,0.0,0.0,0.0,0.0,0.0,0.0,0.0,0.0,0.0,0.0,0.0,0.0,0.0,0.0,,,0.0,,0.820344130402,,PG,3500
203949,James Michael,McAdoo,4.3,12,GS@UTA,GS,UTA,,,0.0,0.0,0,0.123919665672,0.121212718955,0.0234331277504,0.574648444167,0.28961003858,0.357890893816,0.100597864583,0.148628026801,0.647500932396,0.461253880898,0.00645369490384,0.910608907881,0.307022635515,1.23598409222,3.0,1.06869731563e-12,4.33831555461e-28,2.49385784988,2.60377375735,2.17615719364,1.95286497575,PF,3500
203089,John,Henson,13.5,13,DEN@MIL,MIL,DEN,,,26.4,27.25,0,1.09705961339,2.07115256837,0.00108786321557,3.14472933211,2.62921395664,2.80888123801,0.529005656474,1.84076425257,5.43809519464,3.79764905704,0.00015239660411,6.8155019514,1.8826355506,9.47808606129,23.0,0.0285582414275,1.77274463236e-06,21.0089419121,22.2441476768,8.64418922682,8.14179908895,PF,3500
1626154,RJ,Hunter,5.9,12,BOS@MIA,BOS,MIA,,,0.0,0.0,0,0.0,0.0,0.0,0.0,0.0,0.0,0.0,0.0,0.0,0.0,0.0,0.0,0.0,0.0,0.0,,,0.0,,0.744156203257,,SG,3500
203112,Quincy,Acy,6.2,9,DAL@SAC,SAC,DAL,,,0.0,0.0,0,0.0,0.0,0.0,0.0,0.0,0.0,0.0,0.0,0.0,0.0,0.0,0.0,0.0,0.0,0.0,,,0.0,,0.733371709517,,PF,3500
203493,Reggie,Bullock,1.4,10,HOU@DET,DET,HOU,,,0.0,0.0,0,0.0,0.0,0.0,0.0,0.0,0.0,0.0,0.0,0.0,0.0,0.0,0.0,0.0,0.0,0.0,,,0.0,,0.529679417499,,SF,3500
203937,Kyle,Anderson,8.1,17,SA@CHI,SA,CHI,,,0.0,0.0,0,0.389504860963,0.141599579427,0.16081712772,0.323587013997,0.0807876872089,0.55690823221,0.197967281802,0.177799902007,0.637695919419,0.458083489086,0.0592081676561,1.193987152,0.210338065392,1.18571321122,5.0,1.57743607897e-12,2.43483925279e-23,3.03653942642,3.18692825722,2.17044176428,2.07262529516,SF,3500
1626168,Trey,Lyles,5.0,13,GS@UTA,UTA,GS,,,1.2,1.25,0,0.037800302141,0.0185364267833,0.0586031786963,0.0567302381761,0.0779464876355,0.157765303863,0.0233453213312,0.0546940298628,0.235711791498,0.129377094091,0.0135573158216,0.31983906162,0.0361935013997,0.308505005403,1.0,5.80169985483e-19,9.28353615793e-40,0.677129074778,0.723040337195,1.2438606391,1.17289949048,PF,3500
1626192,Pat,Connaughton,1.0,5,POR@LAC,POR,LAC,,,0.0,0.0,0,0.118141874159,0.032953202989,0.178061644882,0.21710639848,0.110170263459,0.210931312168,0.0597357586655,0.117204071755,0.321101575627,0.287164610592,0.0621977600836,0.669782437163,0.168087965291,0.804614946557,2.0,6.13277594665e-16,8.04983796013e-32,1.4353235001,1.5410794948,1.72065583284,1.65838429446,SG,3500
203898,Tyler,Ennis,7.2,7,DEN@MIL,MIL,DEN,,,6.1,6.25,0,0.586603548201,0.0332446554558,0.321620928604,0.183125135486,0.0953895592972,0.210554620498,0.136547420928,0.342083530915,0.305944179795,0.507918767564,0.102047050584,1.28043562538,0.135517278645,1.25340186436,4.0,1.23133911139e-12,1.84379736821e-24,2.49794082427,2.73530332401,2.27285840826,2.19735254893,PG,3500
1626155,Sam,Dekker,1.1,3,HOU@DET,HOU,DET,O,Back,0.0,0.0,0,0.0,0.0,0.0,0.0,0.0,0.0,0.0,0.0,0.0,0.0,0.0,0.0,0.0,0.0,0.0,,,0.0,,0.824869165214,,SF,3500
201168,Tiago,Splitter,11.7,14,OKC@ATL,ATL,OKC,O,Hip,0.0,0.0,0,0.0,0.0,0.0,0.0,0.0,0.0,0.0,0.0,0.0,0.0,0.0,0.0,0.0,0.0,0.0,,,0.0,,0.827119822022,,C,3500
203526,Raul,Neto,11.3,15,GS@UTA,UTA,GS,,,3.2,3.75,0,2.0228761216,0.0900052315319,1.60658881801,0.490639042685,0.264396574011,0.997346747419,0.751827267428,0.874793525764,1.26174332143,1.62403197026,0.501489581814,4.26540374661,0.331671535441,4.08122505778,15.0,4.56864536728e-06,4.07721350506e-12,9.43850269804,10.1897382709,4.88640555299,5.03773535294,PG,3500
201574,Jason,Thompson,5.8,9,GS@UTA,GS,UTA,,,0.0,0.0,0,0.0,0.0,0.0,0.0,0.0,0.0,0.0,0.0,0.0,0.0,0.0,0.0,0.0,0.0,0.0,,,0.0,,0.81471649875,,PF,3500
2588,Matt,Bonner,1.4,4,SA@CHI,SA,CHI,,,0.0,0.0,0,0.0,0.0,0.0,0.0,0.0,0.0,0.0,0.0,0.0,0.0,0.0,0.0,0.0,0.0,0.0,,,0.0,,0.584408501232,,C,3500
