NBA_ID,First Name,Last Name,FPPG,Played,Game,Team,Opp,Status,Injury Details,Actual_FD,Actual_DK,Actual_MIN,AST,BLK,FG3A,FTA,OREB,DREB,STL,TOV,REB,FGM,FG3M,FGA,FTM,PTS,MIN,DD,TD,FD,DK,FD_std,DK_std,fd_Pos,fd_Salary
201935.0,James,Harden,45.6,13,NY@HOU,HOU,NY,,,54.4,59.25,24,6.47181630049,0.924634281883,8.55846349996,10.7791646498,0.862237117713,4.26772683154,1.95068953455,4.53659772816,5.12996394925,7.73819661491,2.48546512186,19.7022146999,9.49551126732,27.457369619,38.0,0.147753406952,0.00415922672493,44.5351007135,48.5367381266,18.3191637604,19.5721645031,SG,10300
2544.0,LeBron,James,45.8,12,ATL@CLE,CLE,ATL,,,45.2,49.25,24,6.02403217389,0.669395944195,3.80215123518,7.09838785985,1.13069252823,3.91074619179,1.44306497358,3.34925758574,5.04143872003,8.95423842626,1.31191255034,17.5900342712,4.83662215844,24.0570115613,33.0,0.118361321024,0.00284082337844,40.018450536,42.7871719917,17.1275450128,17.0731707826,SF,10100
203083.0,Andre,Drummond,46.1,12,WAS@DET,DET,WAS,,,29.1,30.75,24,0.767602325298,1.58494925946,0.00793481180848,6.17904183551,5.66773393718,10.9134367162,1.65130885053,2.50631460496,16.5811706534,7.80150965278,8.59633769754e-05,14.164970229,2.47035039262,18.0734556616,37.0,0.930966398956,1.48478767482e-05,43.0884655486,46.5672185075,16.1082522631,15.5701184043,C,10100
2546.0,Carmelo,Anthony,38.2,13,NY@HOU,NY,HOU,,,18.2,20.5,24,2.33233742,0.390308940587,3.45594469056,4.22331394602,0.983714037504,3.58231272168,0.609533474183,1.52971825096,4.56602675918,5.92252453783,1.2152259868,14.0682684237,3.58345102426,16.6437260867,25.0,0.0175663035554,2.80075008601e-06,26.0914309063,27.7185622207,13.4306516604,13.595766294,SF,9600
202331.0,Paul,George,42.5,12,MIL@IND,IND,MIL,,,39.9,43.25,24,3.43182886913,0.173735664567,5.40545960475,5.10573688949,1.15930596939,3.92053388814,1.38878915954,2.85102828128,5.07983985753,6.30095464082,2.18746427671,14.8459527324,4.27726530953,19.0666388679,29.0,0.036406282729,9.72486029735e-05,30.5842113675,33.4123508093,14.2466605457,15.0270500043,SF,9500
202322.0,John,Wall,37.3,9,WAS@DET,WAS,DET,,,22.9,24.0,24,7.12599511016,0.91934944544,3.02622373809,3.97136960202,0.446577961902,1.61719941467,1.54410734529,3.22635492638,2.06377737657,4.9070454211,0.820665294406,11.5565330771,2.94906584538,13.583821982,27.0,0.15289178251,1.00011056254e-05,28.4499061542,30.8059728105,11.2978993055,11.3390175227,PG,9100
202695.0,Kawhi,Leonard,38.0,11,MEM@SA,SA,MEM,,,33.9,35.75,24,2.41835013765,1.31350896997,4.48185887028,3.79093517955,1.30660375085,5.83611022029,2.20461582804,1.43943123714,7.14271397114,9.28008647941,1.90786011536,18.6540815114,3.10466713582,23.57270021,40.0,0.183148876842,5.81410103881e-05,41.3683005407,43.6739796538,17.6843890672,17.8854854837,SF,8600
202355.0,Hassan,Whiteside,37.3,11,PHI@MIA,MIA,PHI,,,38.8,40.75,24,0.230497937389,4.2759861472,0.012521966565,3.96495155466,3.05777767973,6.84502987564,0.743671871207,1.99196038724,9.90280755537,6.14190689233,0.00344866230457,10.007178456,2.10666768437,14.3939301313,29.0,0.476665877043,0.00579312306947,34.6704017534,36.8956248407,11.9013463307,11.2772538304,C,8500
200794.0,Paul,Millsap,38.1,14,ATL@CLE,ATL,CLE,,,43.7,47.25,24,3.24195069194,1.04856133354,2.92438331521,5.07283827547,2.10005776216,5.19993043973,1.97029360452,2.38110035627,7.29998820189,5.55842240753,1.02326850366,11.7501058906,3.88276567147,16.0228789902,31.0,0.187290303894,0.000366403250569,33.3024003902,35.6516188959,11.8978021383,11.9248082573,PF,8500
2730.0,Dwight,Howard,34.9,9,NY@HOU,HOU,NY,,,0.0,0.0,24,0.0,0.0,0.0,0.0,0.0,0.0,0.0,0.0,0.0,0.0,0.0,0.0,0.0,0.0,0.0,,,0.0,,0.998522037866,,C,8100
2547.0,Chris,Bosh,35.3,11,PHI@MIA,MIA,PHI,,,33.7,37.75,24,1.86138137901,1.12143965683,4.41648561301,5.39188297175,1.25616314589,6.64690798097,0.841924710533,1.37365900543,7.90307112685,6.89737843975,1.66108875613,15.0788490994,4.23797141121,19.6938170468,35.0,0.264427404327,6.87453943888e-06,34.5226441969,36.8318333641,14.5210329955,14.8756110756,PF,8100
201567.0,Kevin,Love,36.0,12,ATL@CLE,CLE,ATL,,,42.2,46.75,24,2.11611748235,0.456539312078,5.68155015432,3.6373049982,2.50116556146,6.50821814169,0.66185315606,2.10590805019,9.00938370316,5.61259935827,1.90385844142,12.8998184464,3.08878260286,16.2178397608,31.0,0.378403340127,2.7886579416e-05,30.3341533142,33.3571944151,12.7260632664,13.5796460338,PF,7900
202704.0,Reggie,Jackson,32.9,12,WAS@DET,DET,WAS,,,33.1,36.75,24,6.089341056,0.156140700428,4.13997865452,4.26696468933,0.703356180568,2.71198571257,0.91524281931,3.66673141142,3.41534189314,7.29117966572,1.30789660408,16.7229248144,3.52636867401,19.4166246095,32.0,0.0904067161625,0.000245120059647,31.1250820934,33.9195086302,15.6633382227,15.8228645818,PG,7800
202328.0,Greg,Monroe,34.8,12,MIL@IND,MIL,IND,,,34.3,37.5,24,2.03824925123,0.598081359225,0.000196833214774,3.20321299277,2.46594619565,4.2296112516,0.896283752986,1.52397404722,6.69555744725,4.83021584277,1.22841615212e-07,9.39483345565,2.32492495076,11.9853567591,24.0,0.10683014429,5.80394097946e-06,24.5421557499,25.7991833355,11.0776991456,10.6293445315,C,7700
200746.0,LaMarcus,Aldridge,30.5,12,MEM@SA,SA,MEM,GTD,Ankle,0.0,0.0,24,0.0,0.0,0.0,0.0,0.0,0.0,0.0,0.0,0.0,0.0,0.0,0.0,0.0,0.0,0.0,,,0.0,,0.84362183849,,PF,7700
201188.0,Marc,Gasol,30.7,13,MEM@SA,MEM,SA,,,27.6,30.5,24,5.03059773201,1.05957109241,0.254244608827,6.2089332997,1.76868922406,5.01173168225,0.837706607876,2.7550165797,6.78042090631,6.9369657154,0.138373690482,14.7538372676,5.23794717388,19.2502522952,40.0,0.177160963788,0.00477160880065,35.9721928016,38.0379652541,16.1823486497,15.8100959628,C,7500
201143.0,Al,Horford,33.6,14,ATL@CLE,ATL,CLE,,,27.5,30.5,24,3.2649473131,1.65937010023,2.8611276775,1.67468618588,2.35052851454,4.40827506582,0.763116976986,1.62437561746,6.75880358035,7.52715724424,1.0430143324,14.7013226387,1.47906650998,17.5763953309,34.0,0.139776174621,0.000281727768428,33.8049791339,35.6871237331,14.4262102822,14.2732655294,C,7500
203078.0,Brad,Beal,31.6,6,WAS@DET,WAS,DET,GTD,Shoulder,10.2,10.25,24,2.17034740729,0.236690404078,3.79288099655,2.50697729454,0.934809759964,1.77846175303,0.894419447256,2.1314632153,2.71327151299,5.83122404618,1.69797945965,12.6975668271,1.89244978141,15.2528773334,28.0,0.000540101157918,4.16355056284e-08,21.8950807473,23.9462759371,12.4095094111,12.781114669,SG,7300
201952.0,Jeff,Teague,31.1,11,ATL@CLE,ATL,CLE,GTD,Ankle,23.2,24.75,24,5.72624007498,0.48235639428,2.41582001244,4.10773368772,0.429652712531,1.43021741637,1.30543606665,2.35731200593,1.8598701289,4.81098418356,0.84733313883,11.3232321111,3.57077102866,14.0400725346,26.0,0.0570828110137,1.52389021628e-06,26.0795497177,27.8604945847,11.2840902436,11.287635765,PG,7200
203507.0,Giannis,Antetokounmpo,31.9,11,MIL@IND,MIL,IND,,,23.0,24.75,24,2.13163754806,0.908848119594,1.19958639658,3.79532545613,1.10595554731,3.49018872011,0.92323515305,2.12428027239,4.59614426742,5.08552907729,0.377692951306,10.0320133894,3.06955180424,13.6183029101,29.0,0.0165177083341,1.28819893747e-06,23.871018626,25.3765928783,10.897262341,10.5332953877,SG,7200
1495.0,Tim,Duncan,27.6,12,MEM@SA,SA,MEM,,,37.0,40.5,24,3.89599139827,2.37504656924,0.104951262613,4.38337583048,2.53978023122,6.60300725854,1.0837118973,2.49645628321,9.14278748976,5.99140542249,0.00949744289817,11.2683868773,3.34070054793,15.3330088358,36.0,0.400703058755,0.00277125046613,36.5694015708,38.8888861479,12.9888939017,12.5087123933,C,7100
2548.0,Dwyane,Wade,29.4,10,PHI@MIA,MIA,PHI,,,48.4,49.25,24,5.52999051603,0.645161269842,2.05008648728,6.51648134805,1.0131287006,2.25848112472,1.47310247544,2.93010635334,3.27160982532,8.61397838048,0.605750019567,19.3197407674,5.12259896358,22.9563057441,36.0,0.0570503561273,0.000113703419967,36.4836444457,38.5010697679,19.2338145467,18.9728677215,SG,7000
2216.0,Zach,Randolph,27.1,12,MEM@SA,MEM,SA,GTD,Knee,0.0,0.0,24,0.0,0.0,0.0,0.0,0.0,0.0,0.0,0.0,0.0,0.0,0.0,0.0,0.0,0.0,0.0,,,0.0,,0.839487742541,,PF,6900
101145.0,Monta,Ellis,26.4,12,MIL@IND,IND,MIL,,,28.5,30.75,24,4.54069718043,0.433189866243,2.63303752072,2.36021571634,0.512212922385,1.94621063978,1.62046423044,2.44662647266,2.45842356216,5.28239553675,0.701992239881,12.4454313721,1.72347945117,12.9902627646,30.0,0.0147171090572,3.64934665758e-06,24.4120985305,26.1314156765,12.0368417818,11.9583322499,SG,6700
201144.0,Mike,Conley,29.1,13,MEM@SA,MEM,SA,,,32.1,32.75,24,6.30828036165,0.105992155196,4.17724059329,3.65064612919,0.536249884712,1.8061569134,1.3490711809,1.86155560218,2.34240679811,5.31808400753,1.57005029569,12.7489003804,3.09074480811,15.2969631189,32.0,0.0954129434858,1.60058784918e-05,28.6188428891,30.5949336108,12.2656241109,12.7458246818,PG,6700
203457.0,Nerlens,Noel,25.5,11,PHI@MIA,PHI,MIA,,,24.6,26.0,24,1.3902634753,1.20641654125,0.00623762617386,2.96061135661,2.27767977372,5.07020922685,1.50554282992,2.63641268915,7.34788900057,4.26311361685,0.0017179023496,9.77255831409,1.77843190018,10.3063770362,30.0,0.131332533312,9.12727077293e-07,23.9967451031,25.880206387,11.0959753192,10.7661260202,PF,6700
1626143.0,Jahlil,Okafor,29.7,13,PHI@MIA,PHI,MIA,,,33.7,37.25,24,1.39674274133,1.57964677056,0.118337679017,3.7315474826,2.27310677662,5.4402185906,0.523853686882,2.81986598025,7.71332536721,7.77745418656,0.0325912649877,16.5916460162,2.43979599878,18.0272956369,34.0,0.238877916069,2.05506563251e-06,30.7655351242,32.9357530545,17.9612409266,17.5650505107,C,6500
202700.0,Donatas,Motiejunas,22.7,71,NY@HOU,HOU,NY,O,Back,0.0,0.0,24,0.0,0.0,0.0,0.0,0.0,0.0,0.0,0.0,0.0,0.0,0.0,0.0,0.0,0.0,0.0,,,0.0,,0.75313246111,,PF,6400
203487.0,Michael,Carter-Williams,25.6,7,MIL@IND,MIL,IND,,,10.1,12.75,24,4.64592648301,0.536191572628,1.72125621556,3.36028251073,0.641555458289,1.80788761082,1.12025637447,3.08843218082,2.44944306911,4.03158431401,0.501908865244,9.62883221111,2.34495780076,10.910035294,26.0,0.0142415796356,3.33410813727e-06,21.0427204148,22.9817354631,9.89411269314,9.75528726435,PG,6400
201588.0,George,Hill,25.8,10,MIL@IND,IND,MIL,GTD,Illness,0.0,0.0,24,0.0,0.0,0.0,0.0,0.0,0.0,0.0,0.0,0.0,0.0,0.0,0.0,0.0,0.0,0.0,,,0.0,,0.801609163427,,PG,6300
2590.0,Mo,Williams,26.9,11,ATL@CLE,CLE,ATL,O,Ankle,0.0,0.0,24,0.0,0.0,0.0,0.0,0.0,0.0,0.0,0.0,0.0,0.0,0.0,0.0,0.0,0.0,0.0,,,0.0,,0.834602454108,,PG,6200
204001.0,Kristaps,Porzingis,25.6,13,NY@HOU,NY,HOU,,,54.8,59.5,24,1.21739050978,1.90553987887,3.81258247328,4.48970224612,3.81288838576,7.69369834769,1.03853621271,2.27597985382,11.5065867334,6.5171281872,1.15043096234,15.2187068061,3.64025369027,17.824941027,36.0,0.679339791758,2.17377147931e-05,37.0711032012,40.3787128467,14.3802247408,14.5211917463,PF,6000
202694.0,Marcus,Morris,27.6,12,WAS@DET,DET,WAS,,,33.8,35.75,24,2.01525288916,0.380715575826,4.39518449175,3.76868148504,1.50657381568,3.80402291178,1.45634661046,1.63145572548,5.31059672745,5.33137263698,1.26195258871,13.1371979999,2.78050401242,14.7052018751,37.0,0.0390193847086,2.05250533179e-06,26.1434659289,27.9142351569,12.3675984894,12.7436619952,SF,6000
2772.0,Trevor,Ariza,24.9,13,NY@HOU,HOU,NY,,,19.5,20.75,24,2.17364758999,0.280221567973,7.0837887076,2.5502514232,0.751585910234,4.10420029321,1.99698265473,1.79574362429,4.85578620345,4.36711814756,2.29801075643,11.7646012277,1.9705085932,13.0027556448,37.0,0.0211405238782,2.89503339156e-06,24.848835295,27.1702212664,12.5276228964,14.018572275,SF,6000
101162.0,Marcin,Gortat,23.7,9,WAS@DET,WAS,DET,,,22.1,24.0,24,1.27882777796,1.02486306369,0.0112086121594,2.95593711084,1.89434453617,4.16176042404,0.426695312482,1.64575245237,6.0561049602,4.1479366131,0.000206036496651,8.02432446984,2.27305268362,10.5691319463,26.0,0.0580573159832,6.69587424604e-08,21.0120638655,22.2249345328,9.68859337349,9.24044745055,C,5900
203093.0,Terrence,Jones,22.8,8,NY@HOU,HOU,NY,,,29.8,31.25,24,1.58106738274,1.84478802858,2.13216503984,4.53633657111,3.06088345693,3.9284999358,0.760765164211,1.49153359314,6.98938339273,6.6412902095,0.831828763929,13.4119933089,2.61313057223,16.7275397552,37.0,0.157427461953,4.76530573681e-06,31.205973693,32.95327953,13.7067810977,13.5062157741,PF,5700
203490.0,Otto,Porter,26.4,9,WAS@DET,WAS,DET,,,27.5,29.25,24,1.96177829085,0.450898986638,2.93805849428,2.24802813847,1.15002971932,2.97168354858,1.43170342937,1.20429057369,4.1217132679,4.5549661939,0.867354226309,9.29506515567,1.84419510272,11.8214817168,31.0,0.00727918118054,3.07424282506e-07,22.2711193329,23.5239470903,9.47928243695,9.48470817038,SF,5700
203114.0,Khris,Middleton,22.9,12,MIL@IND,MIL,IND,,,16.9,18.0,24,1.91333809703,0.171368186855,3.27056811779,2.42345319885,0.284288389883,1.87261482249,1.0904828608,1.11704579901,2.15690321238,3.86330081528,1.33194525339,9.76847211542,2.12990649544,11.1884533794,28.0,8.1238561488e-05,1.92191494397e-09,18.0534006761,19.3858632265,9.62806531837,10.0725173709,SF,5600
201951.0,Ty,Lawson,20.3,13,NY@HOU,HOU,NY,,,1.4,3.5,24,3.1065966208,0.0986515385118,1.34512404607,1.72560688722,0.348388583453,0.932638987056,0.628146228274,1.28546890898,1.28102757051,1.67315734407,0.368061818031,4.71170067331,1.20147879498,4.91585530115,17.0,0.000184848558505,1.90447503715e-10,11.2811099416,12.172203957,5.21080512265,5.23895430068,PG,5600
201609.0,Goran,Dragic,21.0,11,PHI@MIA,MIA,PHI,,,19.4,21.25,24,3.7627363869,0.193371800022,2.30043737249,2.10162885919,0.582641252813,1.7151555854,0.678840458282,1.79959082144,2.29779683821,3.85805388925,0.665647561584,8.64533278835,1.64147351349,10.0232288536,26.0,0.00335786165,4.67341611193e-07,18.3695233349,19.7220705629,8.84807184495,8.80510237599,PG,5600
203953.0,Jabari,Parker,13.9,6,MIL@IND,MIL,IND,,,20.3,21.5,24,0.986181478499,0.208855837026,0.237648528375,1.37952856983,1.14352970807,1.84496991929,0.68628057366,1.05037296173,2.98849962736,3.52390089779,0.0615556658799,7.04245628208,1.03501778493,8.14437524638,21.0,0.000458291227712,4.65557245683e-11,13.9497468766,14.6558236088,8.35232661777,7.93290043742,PF,5500
203496.0,Robert,Covington,14.8,4,PHI@MIA,PHI,MIA,,,33.2,35.5,24,1.65762255661,0.747280770623,6.91093164087,4.28554716778,0.844485330201,2.85169614757,1.78758916495,2.88467584708,3.69618147777,4.41007405302,1.88617081728,12.5627804467,3.68842947164,14.394748395,32.0,0.00416124709775,1.15843699809e-07,23.5016640273,26.0781386515,12.4513756271,13.6900114913,SF,5500
2736.0,Luol,Deng,19.5,11,PHI@MIA,MIA,PHI,GTD,Illness,18.4,20.0,24,1.37187104555,0.370477211667,3.02445516264,2.13755361187,0.941905750236,2.09199146612,0.765453599257,0.810363146365,3.03389721636,3.57711907621,1.00466397761,7.88279495471,1.43919006284,9.59809219286,25.0,0.000673510849613,1.27225597431e-09,16.7580738963,17.8182925892,8.33793010564,8.5979566837,SF,5300
202684.0,Tristan,Thompson,21.2,12,ATL@CLE,CLE,ATL,,,37.7,39.5,24,1.26388986809,1.20885880859,0.000399772747426,4.08079251006,4.29197008333,8.76577887154,0.633251279308,1.27665376469,13.0577489549,5.12875393258,4.80476514527e-06,8.7384099412,2.34901207269,12.6065247426,40.0,0.669633615169,1.02494997952e-06,32.5792247017,34.8748949318,10.6665139139,10.1117325272,PF,5300
2225.0,Tony,Parker,21.1,12,MEM@SA,SA,MEM,,,25.7,26.75,24,5.08153456368,0.0738231455416,0.686889306843,3.37833553184,0.199011365663,1.42173168721,0.831608894564,2.20886370212,1.62074305287,6.10165770881,0.309726795562,11.8264132846,2.82532200528,15.3383642185,32.0,0.0316623175188,2.53081205319e-07,24.5075581055,25.8953847425,12.9593325789,12.5422512629,PG,5200
203145.0,Kent,Bazemore,23.5,12,ATL@CLE,ATL,CLE,O,Ankle,0.0,0.0,24,0.0,0.0,0.0,0.0,0.0,0.0,0.0,0.0,0.0,0.0,0.0,0.0,0.0,0.0,0.0,,,0.0,,0.824415476507,,SG,5100
204456.0,T.J.,McConnell,23.7,13,PHI@MIA,PHI,MIA,,,18.5,21.25,24,6.43081400486,0.463982650038,1.68323573335,0.250834899261,0.796473233709,4.47266972438,1.16054582647,2.61499461017,5.26914295808,3.2689708498,0.514995172673,6.94956426739,0.184801449084,7.23773832135,30.0,0.0577195544357,0.00170122758141,23.8409932212,25.7611282749,7.4657955281,7.32804887473,PG,5100
203471.0,Dennis,Schroder,22.5,14,ATL@CLE,ATL,CLE,,,14.4,16.0,24,3.22872574236,0.013325560624,2.1512672617,1.32774177725,0.223209191428,1.05190989193,0.485302249409,1.34237490279,1.27511908336,2.95276071987,0.711571896106,7.16367818466,1.0284389475,7.64553228334,16.0,0.000718253927315,7.09551966347e-10,13.6736445142,14.7654512508,7.45347253276,7.55886068472,PG,5100
2747.0,J.R.,Smith,16.3,9,ATL@CLE,CLE,ATL,,,24.9,28.0,24,2.88665144862,0.582887252487,7.06305283434,0.949594740268,0.901727638925,2.03600466687,0.892157830892,1.78916984395,2.93773230579,5.02571129112,2.58512265994,12.9992106901,0.467072507313,13.1036177495,38.0,0.00137647271585,6.07729878671e-07,22.1197940122,24.4558934117,13.2863901723,14.7822655729,SG,5000
203484.0,Kentavious,Caldwell-Pope,21.4,12,WAS@DET,DET,WAS,,,20.7,22.75,24,1.48916274801,0.248711875822,4.88240753543,2.20717298271,0.53702543247,1.86865896144,1.37852194576,1.12586916713,2.40568439391,4.99505005844,1.46256414238,12.2671001178,1.73170773344,13.1843719927,37.0,0.000169379331577,9.63415261641e-10,20.4335358634,21.8482908098,11.6809607862,12.2751890053,SG,5000
1938.0,Manu,Ginobili,22.8,9,MEM@SA,SA,MEM,O,Hip,23.8,25.5,24,4.03712838158,0.249620360052,4.05801744247,2.10311328748,0.61217731608,1.84316500229,1.2333327793,1.84201218232,2.45534231837,4.52987157938,1.55737096119,9.52970286716,1.56929695454,12.1864110745,23.0,0.00661342421806,1.5550892569e-06,22.3124085253,24.1447920145,10.0212020575,10.5665228375,SG,4900
201941.0,Jordan,Hill,21.0,11,MIL@IND,IND,MIL,,,40.7,42.75,24,1.59758239456,0.543184281492,0.0556112707848,2.55219127296,3.58673687299,4.76711112399,0.806553843794,1.68801411406,8.35384799698,4.85246802806,0.0149027219055,10.9246751146,1.86611861532,11.5859573933,28.0,0.240568202141,1.6998638692e-06,25.0184107181,26.6484189387,12.1971630487,11.8579617756,C,4800
2594.0,Kyle,Korver,19.1,12,ATL@CLE,ATL,CLE,,,12.7,16.25,24,2.15653062033,0.307720685453,4.33871971263,0.954471339592,0.109007372018,2.48107796592,0.620772222191,1.24267921061,2.59008533794,3.68238707933,1.96640312423,7.15591496019,0.80489315035,10.1360704332,29.0,0.000267896927035,1.86259082807e-08,17.0932753739,18.8277227095,8.9262319211,9.85027713294,SG,4800
101133.0,Ian,Mahinmi,20.7,11,MIL@IND,IND,MIL,,,16.9,17.75,24,0.894077692487,1.25311768711,0.000940283351212,1.76320046321,1.89114492708,3.22650980271,0.793993878819,0.897061357033,5.11765472979,2.62503863372,7.4533235667e-06,4.97720677894,0.46176521593,5.7118499367,22.0,0.00659631530635,5.93906043737e-09,16.391313926,17.1056255584,6.5291264639,6.0912439056,C,4800
101139.0,C.J.,Miles,19.8,9,MIL@IND,IND,MIL,,,28.7,30.75,24,1.13726467004,0.30532753434,5.98144911548,2.47560681605,0.328097580382,0.958402342728,1.29088139776,1.40903953477,1.28649992311,4.37561279909,2.27722478794,10.3885292413,1.97802676003,13.0064771461,25.0,1.97761269122e-06,1.52708111672e-12,18.0395523884,19.9470125123,11.473091906,12.7442237995,SF,4800
201155.0,Rodney,Stuckey,18.1,7,MIL@IND,IND,MIL,GTD,Ankle,19.9,20.5,24,2.50199474177,0.251030361718,1.3554526854,2.41282986862,0.333277921832,1.63131660397,0.767686556605,1.31457971887,1.9645945258,3.95542182925,0.361195358984,8.94419187414,1.86522784743,10.1372668649,22.0,0.000197035543193,6.91642239368e-09,16.9706265263,17.9070393656,9.41349303817,9.17126852357,SG,4700
204038.0,Langston,Galloway,20.8,13,NY@HOU,NY,HOU,,,22.6,23.75,24,2.10021135392,0.152881302458,3.00734048312,1.85334162317,0.733558074531,2.26530339735,1.02314672404,0.721353483264,2.99886147188,3.2939892885,1.48651985142,7.33681170439,1.41005095537,9.4845493838,24.0,0.000639877114542,4.18100606084e-08,17.8642027507,19.1190424327,8.05265327922,8.60230540393,SG,4700
201167.0,Arron,Afflalo,18.0,5,NY@HOU,NY,HOU,,,26.7,29.5,24,2.10455952448,0.0441134345343,4.4907406266,1.64128726762,0.380901560932,2.31652346902,0.263985107692,1.27368434607,2.69742502995,5.82878460487,1.68539927591,13.6290932367,1.22509277348,14.5680612591,35.0,0.000487237256988,3.00888077832e-08,20.3043233202,21.9194673288,12.9091790739,13.4148999637,SG,4600
101141.0,Ersan,Ilyasova,16.1,12,WAS@DET,DET,WAS,,,26.0,27.25,24,1.43200851539,0.443419855681,4.60601471655,2.52598870161,1.86748800754,2.43167461337,0.753661817812,1.26180192353,4.29916262091,5.14722737192,1.96958696283,11.2669804962,1.8477333999,14.1117751066,33.0,0.0108064861822,2.96812360383e-08,22.5511444482,24.3980068407,11.4489779646,12.1780192621,PF,4500
201596.0,Mario,Chalmers,18.6,10,MEM@SA,MEM,SA,,,15.4,16.0,24,2.99611204176,0.149937144206,2.37035904217,3.63308808051,0.205230354371,1.25741539936,1.28974267391,1.47917995177,1.46264575374,2.44243327491,0.722509444567,6.56984127852,3.24582362176,8.85319961616,21.0,0.000546136772851,2.38753989751e-09,16.5027222677,17.6775184659,7.0173054453,7.25254780132,PG,4400
203924.0,Jerami,Grant,21.1,13,PHI@MIA,PHI,MIA,,,18.7,19.5,24,1.40337177761,1.71541692964,2.38538534606,4.30387056767,1.43853278938,3.09518576421,0.711257158711,1.49562390244,4.53371855359,3.55758010487,0.533049566928,8.77171303338,2.91551765534,10.563727432,30.0,0.0117147647177,1.78227313322e-07,21.466971637,22.7255669811,8.93547171516,8.89166127824,PF,4400
201577.0,Robin,Lopez,19.3,13,NY@HOU,NY,HOU,,,17.2,18.0,24,1.54623327538,1.2140434452,0.00461487460997,1.66746105904,2.5831670383,3.29800873261,0.31499964601,1.77141161277,5.88117577091,3.26194996888,4.76546324863e-08,6.80016536139,1.48127194895,8.00517193437,25.0,0.0315523981569,1.88173775397e-07,18.6686073422,19.8957011227,8.24421673466,7.85801701172,C,4400
101181.0,Jose,Calderon,15.8,13,NY@HOU,NY,HOU,,,23.5,25.0,24,4.75787364563,0.00524231456856,3.97486471628,0.711740525834,0.471111313372,1.73333115773,1.21113326326,1.62018034333,2.2044424711,3.78591229891,1.66688443401,8.61777462116,0.684103591232,9.92281262307,33.0,0.0139074456188,1.42848994418e-06,20.5175248692,22.2921448353,9.20237192084,9.93669677611,PG,4400
201573.0,Jerryd,Bayless,21.5,12,MIL@IND,MIL,IND,,,8.4,10.0,24,2.27933568043,0.140413035267,2.39015533904,1.32499551485,0.173606589583,1.05836788065,0.668469400916,1.26936877041,1.23197447023,2.49314471382,1.01623287348,5.8583682696,1.10059102346,7.10311332459,19.0,4.47305299696e-05,3.25155061445e-11,12.3488823115,13.5533489528,6.62173400471,7.0092838864,PG,4300
201145.0,Jeff,Green,16.6,13,MEM@SA,MEM,SA,,,16.9,17.75,24,1.60701060405,0.338307240396,2.60919323132,2.96594162027,0.709556584342,2.60630345617,0.727912975411,1.36329570174,3.31586004051,3.79541912161,0.833136380249,9.59181099589,2.57695140671,11.0009260302,28.0,0.00155257694706,1.14836192648e-08,18.1596187147,19.4259566576,9.45563220318,9.58542291594,SF,4300
203991.0,Clint,Capela,18.4,13,NY@HOU,HOU,NY,,,34.3,37.5,24,0.922737922634,2.23218516422,0.141436184107,4.54860892402,3.55537402253,5.91143037319,0.907413245222,1.41908437188,9.46680439572,4.6424998994,0.0389528017902,8.1170513362,1.91983558863,11.2437881892,30.0,0.336224900933,3.81365805935e-05,28.848172795,30.5549833628,9.97394027697,9.46023292442,C,4300
201977.0,Marcus,Thornton,20.7,11,NY@HOU,HOU,NY,,,13.4,15.0,24,1.14060371184,0.101098040673,4.1044365214,0.527137300195,0.717817860716,1.32563791995,0.750696908339,0.529380003532,2.04345578067,3.46482563434,1.42158278009,8.64394660585,0.432119784411,8.78335383319,19.0,2.71333553353e-05,1.00754388662e-11,14.1206162322,15.1983111131,8.9634372089,9.67843941084,SG,4300
201980.0,Danny,Green,17.2,12,MEM@SA,SA,MEM,,,13.6,16.25,24,2.20393176968,0.790044544541,4.87340011893,1.03291082506,0.50826170318,2.71592970477,0.787323477115,1.34170341796,3.22419140795,2.96010095511,1.64267653012,8.10359142541,0.816299334381,8.37917777473,28.0,0.000884600133199,8.58238586999e-08,17.3671377441,19.0218644462,9.03633321859,10.1031085321,SG,4200
2754.0,Tony,Allen,16.0,13,MEM@SA,MEM,SA,,,8.4,9.5,24,0.583484471581,0.177485017102,0.335136710769,0.685509709746,0.848387923298,1.10295143781,0.911651742449,0.531428269371,1.95133936111,1.550584806,0.102627840917,3.44646549443,0.384971373805,3.58876882673,12.0,1.83934846841e-06,8.9266848405e-14,8.45244801717,8.86704579939,4.52892674366,4.26773539299,SG,4200
203521.0,Matthew,Dellavedova,18.7,12,ATL@CLE,CLE,ATL,,,20.9,21.5,24,5.31093124532,0.0165133627452,2.87247130359,0.94241282052,0.528352137832,1.54167670222,0.732892623579,1.42733338166,2.07002884005,2.67786582448,1.07343232288,6.52776622092,0.76693093351,7.19609490534,28.0,0.0152691865552,9.39607627797e-07,17.7180049724,19.0947958653,7.14356822202,7.61466677124,PG,4100
2403.0,Nene,Hilario,16.7,8,WAS@DET,WAS,DET,,,31.4,32.75,24,2.01180776491,0.224143801492,0.0985771184623,3.07527226345,0.999665066969,3.25484241826,0.890922471281,1.46491664462,4.25450748523,3.97663159919,0.00643395465449,7.34502541086,1.74301238046,9.7027095335,22.0,0.00706890788758,3.43833752151e-07,18.5910460641,19.5500511313,9.02734698869,8.53255991739,PF,4100
2743.0,Kris,Humphries,16.9,9,WAS@DET,WAS,DET,,,5.0,5.75,24,0.638330883273,0.430128272682,1.56219113445,1.2118572236,1.1627352384,2.37452334519,0.233134118625,0.628419488823,3.53725858359,2.44875025877,0.628334573894,5.51298641237,1.0449987138,6.57083380523,17.0,0.000993844439461,1.76460594342e-12,12.4711457242,13.2778764514,6.23554646458,6.28298944399,PF,4000
202349.0,Greivis,Vasquez,17.0,12,MIL@IND,MIL,IND,,,5.7,7.75,24,2.72800992839,0.0249723536476,2.35741154875,0.910190485207,0.152168699905,0.912755561705,0.338779385116,1.10529294249,1.06492426161,1.75053089863,0.689270175624,4.88715671955,0.773914642127,4.964246615,15.0,7.94558342378e-05,1.56577489e-11,9.95638115656,10.9070281125,5.51115291415,5.8755889567,PG,4000
203477.0,Isaiah,Canaan,15.3,13,PHI@MIA,PHI,MIA,,,25.0,28.5,24,2.19194683293,0.210781759549,7.05652075408,2.49182809535,0.35808326353,1.65909763473,0.881562433256,1.60692150069,2.01718089826,3.71490857977,2.53117869345,10.5751737441,2.02902561772,11.9900214707,28.0,0.000106734986775,3.5304639726e-09,18.2763256829,20.446394938,12.1126185725,13.8036930498,PG,4000
203917.0,Nik,Stauskas,17.1,12,PHI@MIA,PHI,MIA,,,14.2,15.25,24,1.84909978425,0.307633786527,5.09395429725,1.39838202002,0.274613551059,1.65077314494,0.532558380866,1.14440009817,1.925386696,2.8694860028,1.47577257162,8.35678169131,1.09100199341,8.30574657063,25.0,2.58822335561e-05,3.66583126045e-10,13.9258445188,15.332239013,9.0331909823,10.0668967934,SG,4000
204020.0,Tyler,Johnson,16.6,10,PHI@MIA,MIA,PHI,,,4.5,5.0,24,1.37320821142,0.326737404458,1.39635892768,1.34362082129,0.523573864006,1.13632537718,0.668959919145,0.882807701952,1.65989924119,2.37977842333,0.593271277603,4.94908064712,0.952251218423,6.30507934269,17.0,2.96773046124e-06,4.72503355799e-12,11.4653576945,12.286396598,5.90947109044,5.89729060541,PG,4000
202389.0,Timofey,Mozgov,15.7,12,ATL@CLE,CLE,ATL,O,Shoulder,0.0,0.0,24,0.0,0.0,0.0,0.0,0.0,0.0,0.0,0.0,0.0,0.0,0.0,0.0,0.0,0.0,0.0,,,0.0,,0.80772022743,,C,4000
203501.0,Tim,Hardaway Jr.,16.7,70,ATL@CLE,ATL,CLE,,,0.0,0.0,24,0.0,0.0,0.0,0.0,0.0,0.0,0.0,0.0,0.0,0.0,0.0,0.0,0.0,0.0,0.0,,,0.0,,0.561033765165,,SG,3900
2561.0,David,West,12.4,12,MEM@SA,SA,MEM,,,14.5,16.25,24,3.15610498625,0.632500544465,0.183394321885,1.72634850898,1.18348017655,3.3206088828,0.421486109059,2.01177652502,4.50408905935,4.13034109724,0.0232267284174,7.86613886702,1.2024080361,9.486316959,25.0,0.0105111895526,1.53255331696e-05,19.7215780916,20.9800969322,9.31775404676,8.8380367559,PF,3900
201196.0,Ramon,Sessions,15.6,9,WAS@DET,WAS,DET,,,34.3,35.5,24,3.41351349904,0.0647099681291,1.1793895539,4.22001342375,0.373851453279,1.33011724356,0.903951713723,1.44789057558,1.70396869684,2.62096280272,0.521712258104,6.35657692161,3.21773266154,8.98137052508,21.0,0.00143396690785,1.74977814801e-08,16.635835998,17.7079868525,7.25324609509,7.2095010734,PG,3900
201584.0,Courtney,Lee,16.9,13,MEM@SA,MEM,SA,,,17.2,19.25,24,1.67993172659,0.364504202155,3.59491471725,2.45462764902,0.585485608837,2.18945689509,1.48845197346,1.13236109748,2.77494250393,3.94041651454,0.931895782702,10.0030500282,2.25636822296,11.0690970347,35.0,0.000431697391166,6.20904387377e-09,19.4924768831,20.6640000131,9.61702183256,9.89534004301,SG,3900
203088.0,Kendall,Marshall,10.3,28,PHI@MIA,PHI,MIA,O,Knee,0.0,0.0,24,0.0,0.0,0.0,0.0,0.0,0.0,0.0,0.0,0.0,0.0,0.0,0.0,0.0,0.0,0.0,,,0.0,,0.899244200232,,PG,3900
201988.0,Patrick,Mills,16.9,12,MEM@SA,SA,MEM,,,5.9,7.0,24,2.29280017947,0.111895164746,3.96547639128,0.487805464937,0.376848518811,1.20666941007,0.945948384904,1.00430322539,1.58351792888,3.20756293457,1.54764584405,7.55099067197,0.378607529854,8.34137924305,20.0,6.55883041005e-05,4.13804261451e-10,14.7921849008,16.1474337157,8.43557020299,9.23300389559,PG,3900
2564.0,Boris,Diaw,15.5,12,MEM@SA,SA,MEM,,,5.4,6.5,24,1.81686408204,0.203336196103,0.716761222306,0.544875867997,0.450073124207,1.03648589916,0.263835463834,0.681842188758,1.48655902337,1.57744359156,0.244874950261,3.31984125572,0.406105653579,3.80586778697,12.0,1.5979051895e-06,5.12890416053e-12,8.56753586918,9.10522478673,4.38965032594,4.20527181198,PF,3900
1626169.0,Stanley,Johnson,14.5,12,WAS@DET,DET,WAS,,,3.5,4.5,24,0.863453745373,0.0567916929229,2.04145030267,1.07468691281,0.739023858312,2.20265386665,0.523944543526,0.97121977518,2.94167772497,2.47524976193,0.48337315617,6.18185839361,0.710277958057,6.14415063809,16.0,0.000228304523207,6.6889798296e-12,11.1595972238,12.0343200326,6.45047996608,6.4631122624,SF,3800
202730.0,Lavoy,Allen,13.9,11,MIL@IND,IND,MIL,,,26.1,27.0,24,2.13437638013,0.916769865298,0.0174009011918,1.25536134943,2.94880985118,4.2903914988,0.512095798165,1.11384194809,7.23920134998,3.14530572683,0.00268928081116,7.37053862805,0.696145917052,6.98944665152,29.0,0.0595358175753,4.70483888144e-06,20.6219422205,21.6314857434,8.52887195869,8.21619744199,PF,3800
202338.0,Kevin,Seraphin,8.0,9,NY@HOU,NY,HOU,,,7.1,7.25,24,0.446535524284,0.375224156086,0.00643870471825,0.296533098156,0.544589790295,0.59754524415,0.116031536335,0.571136333999,1.14213503444,1.31120024108,5.33473209033e-06,2.71843043089,0.213874117139,2.83627993403,7.0,6.50456086377e-09,4.47190260573e-19,5.28802031263,5.63069790848,4.01245445869,3.67734335641,PF,3800
203124.0,Kyle,O'Quinn,14.1,12,NY@HOU,NY,HOU,,,0.0,0.0,24,0.0,0.0,0.0,0.0,0.0,0.0,0.0,0.0,0.0,0.0,0.0,0.0,0.0,0.0,0.0,,,0.0,,0.972135251077,,C,3800
203138.0,Hollis,Thompson,16.3,13,PHI@MIA,PHI,MIA,,,7.3,8.0,24,1.13544847122,0.240220265902,3.53232353482,0.995808894166,0.650014427011,1.94932085187,0.542918037136,1.22300556817,2.59933527888,2.22458643502,1.38278642047,5.86861728017,0.753025244609,6.58498453513,21.0,0.000109958058708,3.86303316594e-11,11.7506306145,13.18365831,7.08887116859,7.9476267716,SF,3800
200757.0,Thabo,Sefolosha,17.2,11,ATL@CLE,ATL,CLE,,,22.5,23.25,24,1.77706507688,0.676147014301,2.37620187134,1.84588271409,1.34456941296,3.47524316545,1.73288797138,1.32866038227,4.81981257841,3.56960893039,0.898376073619,7.57699120358,1.1894339917,9.22702792609,30.0,0.0136592787557,4.29755239323e-07,21.1658102246,22.5408092889,8.12007424851,8.22793711583,SF,3800
2405.0,Amar'e,Stoudemire,8.7,2,PHI@MIA,MIA,PHI,,,0.0,0.0,24,0.0,0.0,0.0,0.0,0.0,0.0,0.0,0.0,0.0,0.0,0.0,0.0,0.0,0.0,0.0,,,0.0,,0.765011587943,,PF,3800
201564.0,O.J.,Mayo,9.7,1,MIL@IND,MIL,IND,,,11.9,14.0,24,2.27057173539,0.189817149192,3.71628100447,1.45546619463,0.318708232477,0.647349651854,0.807083509233,1.57402193563,0.96605788433,3.68438547834,1.38684071755,8.54135433906,1.20746352033,9.96307519456,22.0,7.64045975334e-05,7.39830195148e-12,14.9479816401,16.4768304678,8.96696639752,9.53880866766,SG,3700
203210.0,JaMychal,Green,13.7,13,MEM@SA,MEM,SA,,,17.5,17.75,24,0.571389965113,0.580225185453,0.794672054834,1.82377229748,1.94919998053,3.27345278569,0.618058778407,1.42012940378,5.22265276622,2.89911630969,0.254917436644,6.0749534569,1.4394939706,7.49264402664,21.0,0.0147777073862,3.83124942395e-11,15.5933508177,16.7141734374,7.07072102157,6.78135183631,PF,3700
201147.0,Corey,Brewer,13.3,13,NY@HOU,HOU,NY,,,11.9,13.0,24,1.36737040903,0.191975316299,2.34188967054,1.88898273015,0.556128494671,1.45270785421,0.932961779462,0.891372368174,2.00883634888,2.53457093676,0.546430922708,7.27730331676,1.3573071687,6.97287996493,20.0,1.57494319847e-05,2.86499715273e-11,12.7930410205,13.6124081076,7.14067040106,7.26147380837,SF,3700
1626158.0,Richaun,Holmes,10.3,7,PHI@MIA,PHI,MIA,O,Hamstring,0.0,0.0,24,0.0,0.0,0.0,0.0,0.0,0.0,0.0,0.0,0.0,0.0,0.0,0.0,0.0,0.0,0.0,,,0.0,,0.826541042835,,PF,3700
203089.0,John,Henson,14.2,8,MIL@IND,MIL,IND,,,10.1,10.75,24,0.620795677727,1.15840065771,0.00073588330212,1.52073270793,1.29331208039,1.29356197968,0.276973236491,0.840902964414,2.58687406006,2.04323244596,0.000103088434887,3.63988137638,0.909597563917,4.99616554428,12.0,4.53680061453e-05,1.91074304321e-11,11.0614527569,11.6113675384,5.31470249562,4.86128027898,PF,3700
1626174.0,Christian,Wood,8.8,11,PHI@MIA,PHI,MIA,,,0.0,0.0,24,0.0,0.0,0.0,0.0,0.0,0.0,0.0,0.0,0.0,0.0,0.0,0.0,0.0,0.0,0.0,,,0.0,,0.884380700576,,PF,3700
201162.0,Jared,Dudley,13.2,8,WAS@DET,WAS,DET,,,11.2,12.75,24,1.52682453923,0.304586842945,2.98685900843,1.15949987494,0.621779359013,2.65619204967,0.952868420731,0.972016689719,3.27797140869,2.78573237357,1.21626375644,5.85783560955,0.870784163534,7.65851266711,27.0,0.000807704723101,3.9063922756e-09,15.425209004,16.6844593663,7.06080741415,7.57393878249,SF,3700
201148.0,Brandan,Wright,14.1,7,MEM@SA,MEM,SA,O,Knee,0.0,0.0,24,0.0,0.0,0.0,0.0,0.0,0.0,0.0,0.0,0.0,0.0,0.0,0.0,0.0,0.0,0.0,,,0.0,,0.863752431736,,C,3700
201978.0,Chase,Budinger,11.0,12,MIL@IND,IND,MIL,,,18.7,21.25,24,2.01044843933,0.459524845502,3.60756293891,1.81105397976,0.764323588672,2.08424294271,0.93058261274,1.13463721897,2.84856653138,3.50083600634,1.41441659955,8.21813843421,1.30679976404,9.72288837626,30.0,0.00045401495881,2.07199246685e-08,17.8024185704,19.2200548909,8.73570419386,9.33801801349,SF,3700
1626159.0,Justise,Winslow,15.2,11,PHI@MIA,MIA,PHI,,,15.5,17.75,24,1.15307761771,0.179140392387,1.52959268659,1.50132573453,0.901855739965,3.12047337048,0.612175142558,1.44261127824,4.02232911045,2.39455622958,0.368681101209,5.47825092182,0.993817782212,6.15161134258,23.0,0.00198714557828,8.03760341069e-10,12.8480424933,13.9577858594,6.0889784014,5.95702959228,SF,3600
202714.0,Shelvin,Mack,9.8,5,ATL@CLE,ATL,CLE,,,7.0,7.0,24,1.08465931905,0.00976838829853,0.84414897696,0.246678039148,0.0453437558816,0.240793288624,0.279258690567,0.383723857412,0.286137044505,0.862954201259,0.255333368421,2.16700878452,0.214188821974,2.19543059291,6.0,3.02424491855e-09,4.2299796414e-21,4.36011432522,4.6939497949,3.1447644636,3.17009365956,PG,3600
203934.0,Lamar,Patterson,7.4,8,ATL@CLE,ATL,CLE,,,8.3,9.0,24,2.17354897347,0.133848130616,2.53415536734,1.76333151884,0.668083830841,2.42991702466,0.645469835187,1.0865866671,3.0980008555,1.59030500598,0.602841061628,4.61902489448,1.24629272264,5.02974379623,22.0,0.000215239914173,1.84779014751e-08,12.4797175475,13.47965437,5.34472776991,5.69378187307,SG,3600
202066.0,Garrett,Temple,9.8,7,WAS@DET,WAS,DET,,,16.5,17.75,24,1.98229013004,0.209318612549,3.17102139268,2.43684313712,0.675649042315,1.50813171373,1.21944452429,1.04121497245,2.18378075604,2.67886935219,1.18660231667,6.62830042065,1.90221158139,8.44655260245,26.0,6.34639036384e-05,1.91847272826e-09,15.856836006,17.08002889,7.45776107725,8.03314699387,PG,3600
203515.0,Phil (Flip),Pressey,11.1,9,PHI@MIA,PHI,MIA,,,0.0,0.0,24,0.0,0.0,0.0,0.0,0.0,0.0,0.0,0.0,0.0,0.0,0.0,0.0,0.0,0.0,0.0,,,0.0,,0.963264893144,,PG,3600
201975.0,Jodie,Meeks,1.7,2,WAS@DET,DET,WAS,O,Foot,0.0,0.0,24,0.0,0.0,0.0,0.0,0.0,0.0,0.0,0.0,0.0,0.0,0.0,0.0,0.0,0.0,0.0,,,0.0,,0.592046369819,,SG,3600
1626170.0,Jerian,Grant,14.1,13,NY@HOU,NY,HOU,,,7.0,7.5,24,1.97194855254,0.0412718024105,0.837193543117,1.77607631174,0.198227483847,1.43547574647,0.394789664766,0.819996020944,1.63370323031,1.42522977774,0.143561868982,3.64669800361,1.45696639493,4.4509878194,13.0,4.34447474137e-06,3.07421459081e-11,9.421481438,9.98495206129,4.4864020994,4.30666601677,PG,3600
1891.0,Jason,Terry,7.5,11,NY@HOU,HOU,NY,,,14.5,16.0,24,2.53587811679,0.315971657003,6.10709155756,0.67172565906,0.294517425812,0.967343323422,0.964482551808,1.64880191371,1.26186074923,3.36704484266,2.16003714986,8.29594163546,0.589830131836,9.48395696702,31.0,0.000168649463637,1.64964896706e-10,15.7141135452,17.6818790891,10.4643367585,11.8968229024,PG,3500
203893.0,Russ,Smith,3.3,7,MEM@SA,MEM,SA,,,0.0,0.0,24,0.0,0.0,0.0,0.0,0.0,0.0,0.0,0.0,0.0,0.0,0.0,0.0,0.0,0.0,0.0,,,0.0,,0.806712361607,,PG,3500
2400.0,Drew,Gooden,10.7,6,WAS@DET,WAS,DET,,,0.0,0.0,24,0.0,0.0,0.0,0.0,0.0,0.0,0.0,0.0,0.0,0.0,0.0,0.0,0.0,0.0,0.0,,,0.0,,0.827079292319,,PF,3500
203915.0,Spencer,Dinwiddie,11.1,4,WAS@DET,DET,WAS,,,10.2,10.25,24,2.92444727001,0.148746269655,1.8798921754,1.79128367555,0.123161785679,0.606479627396,0.55595435922,1.00692427013,0.729641413075,2.06929962244,0.356661405184,5.83038739128,1.3136297594,5.80889040946,16.0,0.000184215806037,1.20696461798e-12,11.4736079978,12.1921592298,5.99229201527,5.98508822432,PG,3500
2760.0,Anderson,Varejao,6.1,10,ATL@CLE,CLE,ATL,,,11.1,11.75,24,1.12199436855,0.385154918344,0.112069164957,1.28266037859,1.7642138836,2.38409707861,0.549037846668,1.09017555752,4.14831096221,2.96986341784,4.82131077587e-07,5.72996456131,0.954414663475,6.89414198128,19.0,0.00307308413164,9.71167079079e-10,14.3333166613,15.0904298583,7.18231414003,6.73024894422,C,3500
203948.0,Johnny,O'Bryant,10.8,12,MIL@IND,MIL,IND,,,7.4,8.0,24,0.770522737517,0.24101207522,0.0285100883965,1.26902823504,1.1834993886,1.64426177,0.263199055942,0.669820435088,2.82776115861,1.71390192474,0.00785193619521,4.14020212464,0.81758128391,4.25323706959,16.0,5.36732147752e-05,5.42711496414e-13,9.14093639343,9.62124114682,5.27843695455,5.00467523537,C,3500
2592.0,James,Jones,5.0,12,ATL@CLE,CLE,ATL,,,9.2,10.25,24,0.19570037734,0.0658887667664,1.2299366391,0.331509591515,0.070492436478,0.211790205494,0.0939745862275,0.110752880448,0.282282641972,0.591572103614,0.50232102781,1.48993362424,0.245536634263,1.9310018693,5.0,1.15593669875e-14,2.13951049488e-28,2.77226543122,3.09291651744,2.98946845411,3.40955722945,SF,3500
203963.0,Shayne,Whittington,-2.0,1,MIL@IND,IND,MIL,,,0.0,0.0,24,0.0,0.0,0.0,0.0,0.0,0.0,0.0,0.0,0.0,0.0,0.0,0.0,0.0,0.0,0.0,,,0.0,,0.827925034471,,C,3500
201202.0,Joel,Anthony,6.5,49,WAS@DET,DET,WAS,,,0.0,0.0,24,0.0,0.0,0.0,0.0,0.0,0.0,0.0,0.0,0.0,0.0,0.0,0.0,0.0,0.0,0.0,,,0.0,,0.883784498561,,C,3500
203909.0,K.J.,McDaniels,4.4,5,NY@HOU,HOU,NY,,,0.0,0.0,24,0.0,0.0,0.0,0.0,0.0,0.0,0.0,0.0,0.0,0.0,0.0,0.0,0.0,0.0,0.0,,,0.0,,0.840363948821,,SF,3500
201177.0,Josh,McRoberts,8.3,11,PHI@MIA,MIA,PHI,,,10.9,11.0,24,1.69155281943,0.141738549099,1.04602628526,0.678761685424,0.575250084223,1.02556889618,0.520812499216,0.866330017044,1.6008189804,1.09492568586,0.328551732828,2.60181921595,0.424592134037,2.94299523858,14.0,5.91040997445e-07,2.60892056943e-12,7.8600793238,8.53756203432,3.64612365249,3.68587560099,PF,3500
203099.0,Jared,Cunningham,5.3,10,ATL@CLE,CLE,ATL,,,14.8,16.5,24,1.69959694968,0.109899181952,2.00408855195,3.05112188511,0.265483739904,1.10703197517,0.630825477957,1.08423406245,1.37251571507,2.47805673352,0.61023693386,6.21419117469,2.07494591045,7.64129631135,20.0,5.23454478774e-06,8.55011321849e-12,12.2349258513,13.1507949871,6.78424392717,6.88670695601,SG,3500
2365.0,Chris,Andersen,2.9,2,PHI@MIA,MIA,PHI,GTD,Personal,0.0,0.0,24,0.0,0.0,0.0,0.0,0.0,0.0,0.0,0.0,0.0,0.0,0.0,0.0,0.0,0.0,0.0,,,0.0,,0.79683328697,,C,3500
203488.0,Mike,Muscala,5.8,8,ATL@CLE,ATL,CLE,,,11.4,12.0,24,1.01410320954,0.710316226993,0.831314733489,1.44470563065,1.268933807,1.90565505154,0.510263867922,0.813068581299,3.17458885854,2.65350244218,0.426335082764,5.20702925142,1.22961159127,6.9629515584,19.0,0.000520425094522,6.84286878249e-11,13.9217046115,14.7009165243,6.33476163897,6.12626355601,PF,3500
1626246.0,Boban,Marjanovic,3.3,6,MEM@SA,SA,MEM,,,0.0,0.0,24,0.0,0.0,0.0,0.0,0.0,0.0,0.0,0.0,0.0,0.0,0.0,0.0,0.0,0.0,0.0,,,0.0,,0.888520892184,,C,3500
203492.0,Ray,McCallum,2.8,7,MEM@SA,SA,MEM,,,0.0,0.0,24,0.0,0.0,0.0,0.0,0.0,0.0,0.0,0.0,0.0,0.0,0.0,0.0,0.0,0.0,0.0,,,0.0,,0.782437800747,,PG,3500
202498.0,Lance,Thomas,8.7,13,NY@HOU,NY,HOU,,,15.6,16.25,24,0.869428114681,0.0560366631616,1.17411466448,1.77550363849,0.832424009338,1.38659312436,0.390169874337,1.05754581474,2.2190171337,2.99168245431,0.481267664108,6.78050170024,1.42403849457,7.88867106729,24.0,4.37361430213e-05,1.35339100613e-12,11.69050106,12.5709242603,7.43080216978,7.30387447919,SF,3500
2756.0,Sasha,Vujacic,10.8,11,NY@HOU,NY,HOU,,,0.0,0.0,24,0.0,0.0,0.0,0.0,0.0,0.0,0.0,0.0,0.0,0.0,0.0,0.0,0.0,0.0,0.0,,,0.0,,0.758326016009,,SG,3500
101187.0,Alan,Anderson,13.2,74,WAS@DET,WAS,DET,O,Ankle,0.0,0.0,24,0.0,0.0,0.0,0.0,0.0,0.0,0.0,0.0,0.0,0.0,0.0,0.0,0.0,0.0,0.0,,,0.0,,0.577654934554,,SG,3500
203382.0,Aron,Baynes,9.3,12,WAS@DET,DET,WAS,,,7.8,8.5,24,0.393879083322,0.256851448358,0.0223293436304,0.982475384163,1.05405715365,1.50925110523,0.221083127249,0.68092602085,2.56330825888,1.64136908072,0.00555669646667,3.05531209366,0.767436699732,4.05573155765,11.0,2.16925670263e-05,3.83035293916e-16,7.99746322365,8.46890253411,4.5661214625,4.16184474178,C,3500
2446.0,Rasual,Butler,8.1,11,MEM@SA,SA,MEM,,,1.0,1.5,24,0.350907106134,0.196233860957,0.918875645725,0.232863385319,0.0615649912283,0.407155692643,0.188530461262,0.192516951647,0.468720683871,0.76144653181,0.294292552891,1.85325886102,0.177604997485,1.994790614,6.0,1.04348229011e-12,5.60862333207e-24,3.66062778663,3.9274685731,2.94939705032,3.05025394726,SF,3500
101123.0,Gerald,Green,10.6,5,PHI@MIA,MIA,PHI,,,9.2,9.25,24,1.08602901199,0.208132774962,5.69211754541,2.1268327152,0.471420852108,1.20615993989,0.395553152823,1.29088036957,1.677580792,4.06223040481,1.92901079859,11.0080795323,1.76547771555,11.8189493238,23.0,7.84592499237e-06,1.80695053363e-12,15.3775812781,17.0714176707,11.1616998123,12.2876992674,SG,3500
203101.0,Miles,Plumlee,4.7,10,MIL@IND,MIL,IND,,,10.3,10.5,24,0.374209492412,0.735337857687,0.000785291030672,0.441478096045,1.16700234781,1.31393862327,0.321905964116,0.75137916877,2.48094097108,1.49604205514,0.000216275807062,2.83360363484,0.268188272861,3.26048865895,12.0,7.77220852358e-06,5.09350562243e-14,8.16204053769,8.66189696685,4.27104696537,3.88091969121,C,3500
203200.0,Justin,Holiday,8.0,11,ATL@CLE,ATL,CLE,,,10.2,11.25,24,1.04294314358,0.35876614569,2.62823528004,0.646570684467,0.265749087126,0.825278067819,0.759156794269,0.792399425784,1.09102715495,1.94785794196,0.788172861622,5.18418353573,0.492814429166,5.1767031747,16.0,6.95531602588e-08,7.27280662307e-15,9.49379693014,10.3386345359,5.87442960352,6.29685941467,SG,3500
101236.0,Chuck,Hayes,6.8,2,NY@HOU,HOU,NY,,,0.0,0.0,24,0.0,0.0,0.0,0.0,0.0,0.0,0.0,0.0,0.0,0.0,0.0,0.0,0.0,0.0,0.0,,,0.0,,0.809432383888,,C,3500
202682.0,Derrick,Williams,12.7,13,NY@HOU,NY,HOU,,,10.8,11.0,24,0.531059638656,0.146996909185,1.24449524276,2.34587344222,0.41105388901,0.985330990815,0.412575409448,0.525490535072,1.39638487983,1.73180888607,0.360536863908,4.35414568828,1.67440346232,5.49855809836,11.0,3.76590507819e-07,1.24548098457e-16,8.56446351432,9.07729702269,5.18589857352,5.16352680541,PF,3500
1626199.0,Darrun,Hilliard,0.0,0,WAS@DET,DET,WAS,,,0.0,0.0,24,0.0,0.0,0.0,0.0,0.0,0.0,0.0,0.0,0.0,0.0,0.0,0.0,0.0,0.0,0.0,,,0.0,,0.845620626624,,SG,3500
203925.0,Joe,Harris,2.4,4,ATL@CLE,CLE,ATL,,,0.0,0.0,24,0.0,0.0,0.0,0.0,0.0,0.0,0.0,0.0,0.0,0.0,0.0,0.0,0.0,0.0,0.0,,,0.0,,0.60152111977,,SG,3500
2617.0,Udonis,Haslem,5.2,3,PHI@MIA,MIA,PHI,,,0.0,0.0,24,0.0,0.0,0.0,0.0,0.0,0.0,0.0,0.0,0.0,0.0,0.0,0.0,0.0,0.0,0.0,,,0.0,,0.721661096248,,PF,3500
203118.0,Mike,Scott,7.9,12,ATL@CLE,ATL,CLE,,,6.7,6.75,24,0.244227328524,0.0146992815199,0.392476424307,0.22741262343,0.127057046008,0.234318000942,0.0562238722373,0.110932477759,0.36137504695,0.469647878451,0.123036365296,1.07768919434,0.192336053525,1.25466817572,3.0,1.27401758562e-14,2.07742495961e-27,2.0855730546,2.22062622848,2.15642429243,2.10795410969,SF,3500
1626167.0,Myles,Turner,11.5,8,MIL@IND,IND,MIL,O,Finger,0.0,0.0,24,0.0,0.0,0.0,0.0,0.0,0.0,0.0,0.0,0.0,0.0,0.0,0.0,0.0,0.0,0.0,,,0.0,,0.811034325937,,PF,3500
203524.0,Solomon,Hill,5.6,3,MIL@IND,IND,MIL,,,2.0,3.0,24,0.344372652144,0.0327421643464,0.474387087146,0.32817760257,0.152593684808,0.261087515517,0.141672058494,0.283251283606,0.413681200325,0.566924055813,0.146125331198,1.38360491284,0.269499351163,1.54947279399,5.0,1.0869061709e-13,4.39292447863e-25,2.62802637467,2.86339874209,2.40556488008,2.36773837045,SG,3500
1626202.0,Joseph,Young,4.2,4,MIL@IND,IND,MIL,,,0.0,0.0,24,0.0,0.0,0.0,0.0,0.0,0.0,0.0,0.0,0.0,0.0,0.0,0.0,0.0,0.0,0.0,,,0.0,,0.781670011468,,SG,3500
203613.0,Jonathon,Simmons,5.3,2,MEM@SA,SA,MEM,,,0.0,0.0,24,0.0,0.0,0.0,0.0,0.0,0.0,0.0,0.0,0.0,0.0,0.0,0.0,0.0,0.0,0.0,,,0.0,,0.886572270712,,SG,3500
203922.0,Glenn,Robinson III,9.8,8,MIL@IND,IND,MIL,,,20.0,22.5,24,0.781703034171,0.204462754766,1.63376143445,2.16190897925,0.830035069174,1.76598470586,0.668645633075,0.872964717696,2.59601977504,2.5449487476,0.600573724523,5.69694478449,1.50739756137,7.1978687811,21.0,0.000124802278714,1.77776659708e-12,12.3588991204,13.2256565337,6.47546898357,6.49327709174,SF,3500
1626149.0,Montrezl,Harrell,7.0,12,NY@HOU,HOU,NY,,,8.2,8.25,24,0.292824098672,0.359931249832,0.122051341009,1.43064852254,0.752308760498,1.22913574184,0.307095776772,0.638203506436,1.98144450233,1.40422453776,0.0336140410219,2.62316641608,0.869805869362,3.7118689859,11.0,2.04995039003e-06,2.00643016334e-17,7.22468908348,7.65967315725,4.12207648285,3.75294569697,PF,3500
203516.0,James,Ennis,0.7,4,MEM@SA,MEM,SA,,,0.0,0.0,24,0.0,0.0,0.0,0.0,0.0,0.0,0.0,0.0,0.0,0.0,0.0,0.0,0.0,0.0,0.0,,,0.0,,0.676743356546,,SF,3500
1713.0,Vince,Carter,10.4,2,MEM@SA,MEM,SA,,,10.8,12.5,24,1.16834083839,0.382074769779,3.98188555331,0.976660924234,0.482008928647,1.01229443074,0.848700469533,0.982724473808,1.49430335938,2.49970328317,1.24867617539,7.15124043899,0.795846029731,7.04392877145,20.0,1.46582317864e-06,6.29584098529e-13,12.0684300651,13.2588477564,7.74642328049,8.55302439943,SF,3500
2440.0,Matt,Barnes,14.6,13,MEM@SA,MEM,SA,,,20.6,20.75,24,1.40168886991,0.822108264706,5.10642686232,1.56926447351,0.774077894185,2.88104851209,1.43367070861,1.00499897682,3.65512640628,3.33986436245,1.48616998297,9.05075105155,1.33645383328,9.50235254116,31.0,0.00245224210344,1.23916685527e-08,19.4975965034,20.9296157039,9.51010022729,10.4531830853,SF,3500
203142.0,Chris,Copeland,5.5,9,MIL@IND,MIL,IND,,,3.0,3.0,24,0.57855374201,0.102363024322,2.19175582167,0.561529265883,0.227014948656,0.368836405712,0.161901522473,0.558871309269,0.595851354368,1.47281243686,0.726985471558,3.87076995486,0.423677560831,4.09628790612,10.0,1.50502813115e-10,5.87009718737e-20,5.64879792869,6.32151888705,4.90701702741,5.34251986987,SF,3500
1626173.0,Rashad,Vaughn,3.3,7,MIL@IND,MIL,IND,,,9.7,10.25,24,0.173173549701,0.0856573632115,0.736004580685,0.26307880058,0.176447830709,0.400556088592,0.117683134925,0.285600885839,0.577003919301,0.735899846343,0.275928941729,1.71699004276,0.203680686568,1.95140932098,5.0,6.42342967114e-12,3.75303303638e-26,3.02465445913,3.33426956889,2.82254448141,2.89563598544,SG,3500
1626185.0,Jarell,Martin,0.0,0,MEM@SA,MEM,SA,O,Foot,0.0,0.0,24,0.0,0.0,0.0,0.0,0.0,0.0,0.0,0.0,0.0,0.0,0.0,0.0,0.0,0.0,0.0,,,0.0,,0.845620626624,,PF,3500
203960.0,Jakarr,Sampson,9.8,13,PHI@MIA,PHI,MIA,,,5.4,6.0,24,0.449335307847,0.123675173695,0.684130118236,1.13591146766,0.348816957239,1.03899566173,0.252922398884,0.815089122952,1.38781261897,1.37150193781,0.169196829869,2.91280921517,0.805355599361,3.71755630485,10.0,1.12025526224e-07,6.91521999499e-18,5.9950404316,6.55657420699,4.03128635475,3.80075727716,SF,3500
203950.0,Jarnell,Stokes,1.2,2,PHI@MIA,MIA,PHI,,,0.0,0.0,24,0.0,0.0,0.0,0.0,0.0,0.0,0.0,0.0,0.0,0.0,0.0,0.0,0.0,0.0,0.0,,,0.0,,0.875565325727,,PF,3500
,Martell,Webster,5.6,32,WAS@DET,WAS,DET,O,Hip,0.0,0.0,24,0.0,0.0,0.0,0.0,0.0,0.0,0.0,0.0,0.0,0.0,0.0,0.0,0.0,0.0,0.0,,,0.0,,0.875565325727,,SF,3500
201971.0,DeJuan,Blair,5.5,4,WAS@DET,WAS,DET,,,0.0,0.0,24,0.0,0.0,0.0,0.0,0.0,0.0,0.0,0.0,0.0,0.0,0.0,0.0,0.0,0.0,0.0,,,0.0,,0.839627041879,,C,3500
1626176.0,Rakeem,Christmas,0.0,0,MIL@IND,IND,MIL,,,0.0,0.0,24,0.0,0.0,0.0,0.0,0.0,0.0,0.0,0.0,0.0,0.0,0.0,0.0,0.0,0.0,0.0,,,0.0,,0.845620626624,,PF,3500
204002.0,Walter,Tavares,1.1,2,ATL@CLE,ATL,CLE,,,0.0,0.0,24,0.0,0.0,0.0,0.0,0.0,0.0,0.0,0.0,0.0,0.0,0.0,0.0,0.0,0.0,0.0,,,0.0,,0.849452254747,,C,3500
203996.0,Damien,Inglis,4.3,5,MIL@IND,MIL,IND,,,0.0,0.0,24,0.0,0.0,0.0,0.0,0.0,0.0,0.0,0.0,0.0,0.0,0.0,0.0,0.0,0.0,0.0,,,0.0,,0.829738069957,,SF,3500
2581.0,Steve,Blake,9.2,9,WAS@DET,DET,WAS,,,0.0,0.0,24,0.0,0.0,0.0,0.0,0.0,0.0,0.0,0.0,0.0,0.0,0.0,0.0,0.0,0.0,0.0,,,0.0,,0.863258918542,,PG,3500
2757.0,Beno,Udrih,11.1,9,PHI@MIA,MIA,PHI,,,2.2,2.75,24,1.00839508889,0.0365051003831,0.421493189016,0.272419812936,0.0830514595116,0.255592219366,0.158489615508,0.447046571406,0.338643678878,0.940866843593,0.136916997673,2.03444472088,0.24032638807,2.25897707293,6.0,1.38643614773e-09,5.57548705283e-21,4.1208849813,4.42979895186,3.14883139992,2.97235928053,PG,3500
203493.0,Reggie,Bullock,1.3,7,WAS@DET,DET,WAS,,,2.2,2.25,24,0.149564353066,0.0448612931225,0.886081591046,0.152171143344,0.119353293173,0.113434483008,0.156080402442,0.180867536207,0.232787776181,0.448513118788,0.247198234343,1.46381474798,0.112923589485,1.2571480614,6.0,3.43641496093e-16,1.14005033559e-30,1.98185577734,2.20752805143,2.32992500053,2.53904831891,SF,3500
203937.0,Kyle,Anderson,7.3,12,MEM@SA,SA,MEM,,,18.2,18.5,24,1.46773314262,0.619398685595,0.646937486838,1.05667431666,0.354527027324,1.83967293153,0.691602651492,0.548732830752,2.19419995886,1.82106144277,0.207661692736,4.70015711443,0.631616345023,4.4814009233,18.0,1.02060641144e-05,3.35330076288e-11,11.3893104313,11.8772330002,5.38878015234,5.23770286359,SF,3500
1626162.0,Kelly,Oubre,6.6,6,WAS@DET,WAS,DET,,,0.0,0.0,24,0.0,0.0,0.0,0.0,0.0,0.0,0.0,0.0,0.0,0.0,0.0,0.0,0.0,0.0,0.0,,,0.0,,0.728014821539,,SF,3500
201976.0,Patrick,Beverley,10.5,7,NY@HOU,HOU,NY,O,Ankle,0.0,0.0,24,0.0,0.0,0.0,0.0,0.0,0.0,0.0,0.0,0.0,0.0,0.0,0.0,0.0,0.0,0.0,,,0.0,,0.812171695498,,PG,3500
203919.0,Jordan,Adams,9.0,2,MEM@SA,MEM,SA,O,Knee,0.0,0.0,24,0.0,0.0,0.0,0.0,0.0,0.0,0.0,0.0,0.0,0.0,0.0,0.0,0.0,0.0,0.0,,,0.0,,0.836764843022,,SG,3500
200811.0,Louis,Amundson,8.1,5,NY@HOU,NY,HOU,GTD,Head,0.5,1.0,24,0.471804804067,0.417492860206,0.00480568294592,0.809365236797,0.820931632807,0.910672018526,0.235159824727,0.457764468094,1.73160365133,0.81965591987,3.04536969342e-06,1.82334025162,0.342416891609,1.98173177672,8.0,5.85566338648e-08,7.53168552719e-18,5.61490426619,5.93036829332,3.05966725857,2.80489437168,PF,3500
1626196.0,Josh,Richardson,5.5,3,PHI@MIA,MIA,PHI,,,-1.0,-0.5,24,0.23260865534,0.0421390343983,0.349001914166,0.260873576096,0.0814336090759,0.392325677988,0.118725149167,0.209546685898,0.473759287064,0.389499363477,0.120602151235,0.926892413253,0.183405858099,1.08300673629,4.0,1.07559735012e-13,1.11308403109e-26,2.11261254501,2.30137492793,1.9884688289,1.97742931024,SG,3500
201229.0,Anthony,Tolliver,9.1,11,WAS@DET,DET,WAS,,,1.2,1.25,24,0.582101202989,0.143574239793,2.68352275,0.548172106183,0.399582943138,1.21271623461,0.28736826746,0.284346880616,1.61229917775,1.13031344515,0.828445211709,3.48514785834,0.338076579397,3.4271486814,15.0,5.28633914407e-07,3.84168504587e-16,6.81259763307,7.44960943107,4.93337282973,5.6186799806,PF,3500
203921.0,Cleanthony,Early,2.6,5,NY@HOU,NY,HOU,,,0.0,0.0,24,0.0,0.0,0.0,0.0,0.0,0.0,0.0,0.0,0.0,0.0,0.0,0.0,0.0,0.0,0.0,,,0.0,,0.715401255468,,SF,3500
203898.0,Tyler,Ennis,8.4,6,MIL@IND,MIL,IND,,,0.0,0.0,24,0.0,0.0,0.0,0.0,0.0,0.0,0.0,0.0,0.0,0.0,0.0,0.0,0.0,0.0,0.0,,,0.0,,0.830909737434,,PG,3500
1626155.0,Sam,Dekker,1.1,3,NY@HOU,HOU,NY,O,Back,0.0,0.0,24,0.0,0.0,0.0,0.0,0.0,0.0,0.0,0.0,0.0,0.0,0.0,0.0,0.0,0.0,0.0,,,0.0,,0.824869165214,,SF,3500
201168.0,Tiago,Splitter,12.3,13,ATL@CLE,ATL,CLE,,,4.0,4.0,24,0.519877595624,0.202954742233,0.0237407638193,0.852414544024,0.688428489931,1.07127414106,0.28558215706,0.49930082388,1.75970263099,1.30993586959,1.93627548813e-06,2.51914581982,0.663844509226,3.28371818469,9.0,4.84310975842e-07,1.20479538209e-16,6.65295071002,6.99058794812,3.95916662325,3.59260525317,C,3500
201619.0,Sasha,Kaun,2.9,2,ATL@CLE,CLE,ATL,,,0.0,0.0,24,0.184559502512,0.0684944202399,0.1241717893,0.149694071051,0.117306433865,0.222308800802,0.0703566224318,0.119885912245,0.339615234667,0.21096497456,0.0341980316217,0.493633274331,0.11028641282,0.566414393562,2.0,2.36646785532e-16,2.52243576225e-30,1.40860810203,1.50263083569,1.55612127061,1.47655284523,C,3500
202390.0,Gary,Neal,11.8,9,WAS@DET,WAS,DET,,,8.3,8.5,24,1.01036283453,0.0054082506317,1.88282833371,1.12162312261,0.123231148422,0.707067420168,0.344239388919,0.683496859285,0.83029856859,2.43463111459,0.609347196414,5.97867000144,1.0186111579,6.49722058349,15.0,3.8744717468e-08,6.72562913344e-16,9.02492153741,9.71285855181,6.41047194989,6.50502945462,SG,3500
2588.0,Matt,Bonner,1.1,2,MEM@SA,SA,MEM,,,0.0,0.0,24,0.0,0.0,0.0,0.0,0.0,0.0,0.0,0.0,0.0,0.0,0.0,0.0,0.0,0.0,0.0,,,0.0,,0.564840659394,,C,3500
2210.0,Richard,Jefferson,11.0,12,ATL@CLE,CLE,ATL,,,14.7,15.25,24,1.05157196385,0.228772987561,2.88780898331,1.70283529788,0.265482672136,0.983990315338,0.5823604526,1.03094222372,1.24947298747,2.6642064222,1.12922007848,5.99120433736,1.10161684235,7.55924976523,24.0,3.75893276801e-07,5.47297515712e-14,11.2272999526,12.3698553169,6.99699321966,7.48459023568,SF,3500
