NBA_ID,First Name,Last Name,FPPG,Played,Game,Team,Opp,Status,Injury Details,Actual_FD,Actual_DK,Actual_MIN,AST,BLK,FG3A,FTA,OREB,DREB,STL,TOV,REB,FGM,FG3M,FGA,FTM,PTS,MIN,DD,TD,FD,DK,FD_std,DK_std,fd_Pos,fd_Salary
203076.0,Anthony,Davis,44.9,16,CLE@NO,NO,CLE,,,55.9,59.5,14,2.17557871152,3.46466896138,1.93957755691,9.76351514953,2.672975406,10.1112925526,1.92046688115,2.53682768043,12.7842679586,11.6793970229,0.760765629529,22.5810309518,7.43984698887,31.5594066641,46.0,0.814673545254,0.00260961248523,58.3973402863,61.9151894946,23.067124227,22.6877229796,PF,11100
201935.0,James,Harden,48.3,19,HOU@DAL,HOU,DAL,,,50.1,53.0,14,6.23728201219,0.804026645963,7.78405402711,10.3777000441,0.912435537464,4.53154980449,1.7176264161,4.11150354173,5.44398534196,7.70121204787,2.32308912395,18.9520423056,9.0158845019,26.7413977216,36.0,0.145784787443,0.00493313240024,43.5619057326,47.2848779109,17.7145990383,18.7745870876,SG,10800
2544.0,LeBron,James,44.8,18,CLE@NO,CLE,NO,,,56.4,59.75,14,8.25998561943,0.766229617988,5.15118324477,9.75118662761,1.76481135415,6.13102127834,1.63481296599,4.54289313872,7.89583263249,11.6274541679,1.56065229008,23.8701469375,7.03985464169,31.8554152676,45.0,0.583553222807,0.0849962794762,53.979584885,58.5564679036,22.4032596104,22.4661329994,SF,10000
203083.0,Andre,Drummond,44.3,19,MIL@DET,DET,MIL,,,54.1,57.75,14,0.755857931016,1.67668881983,0.0489185955932,7.07064536288,5.75793295986,10.5692720856,1.80997198139,2.23713712738,16.3272050455,7.90681136696,6.16057482323e-05,14.976931707,2.55863515126,18.3723194909,36.0,0.930395449943,2.88088213404e-05,43.8349369171,47.1655761373,16.9024756213,16.4041854801,C,9400
202322.0,John,Wall,36.7,16,PHO@WAS,WAS,PHO,,,34.7,39.5,14,9.07316525816,0.832087666266,4.35347473005,5.56208013159,0.757360017287,2.72502075125,2.30569647753,4.73642139132,3.48238076854,7.01437857492,1.44910997609,16.4635103217,4.18273474489,19.6606018708,37.0,0.414847073067,0.00137843674758,38.9883535766,42.8816442185,15.4987821222,15.7747933022,PG,9000
202339.0,Eric,Bledsoe,37.8,18,PHO@WAS,PHO,WAS,,,39.3,41.0,14,6.39398727088,0.573055260376,4.29751347182,5.97721371176,0.680487887451,2.75676217188,1.87560737217,3.62635410095,3.43725005933,7.36166877483,1.65332101902,15.9132830061,4.78902472824,21.1656832969,35.0,0.114902326885,0.000330524074099,36.1523354386,39.1373805641,15.3160466267,15.5919109466,SG,8800
200794.0,Paul,Millsap,38.8,21,LAL@ATL,ATL,LAL,,,33.6,35.0,14,3.48345867088,1.20048511618,2.87412117278,6.09998973914,2.75586770104,5.85024403529,1.98505025229,2.47394291182,8.60611173634,6.2184916026,0.905845808792,13.2232804489,4.82423517204,18.167064186,34.0,0.350873124722,0.00113095067693,37.6167141011,40.2666165873,13.2441966855,13.1809566558,PF,8500
2546.0,Carmelo,Anthony,35.7,18,BKN@NY,NY,BKN,,,42.9,46.75,14,2.79354913555,0.460787322847,4.2820975154,5.26701871293,1.23618398531,4.63573326053,0.905872127592,2.00309541098,5.87191724584,7.09326279292,1.5405812317,16.9108077544,4.48406557818,20.2111723957,31.0,0.0744495799592,4.78885195716e-05,32.178020284,34.3552725031,15.8028028008,16.0880817747,SF,8300
201572.0,Brook,Lopez,36.2,18,BKN@NY,BKN,NY,,,31.3,32.5,14,1.57894556343,2.21091574631,0.159376551361,5.18296045381,3.00206268183,4.92256857535,0.652760242002,2.05588778145,7.92463125718,8.1737253431,0.00304263529965,16.8842184522,4.1498246334,20.5003179549,35.0,0.270245919459,3.0082685062e-05,36.0497580038,37.8809139023,18.3713113051,17.9437318766,C,8300
201567.0,Kevin,Love,36.3,18,CLE@NO,CLE,NO,,,31.5,34.0,14,2.34165699692,0.4976864143,6.8668480714,4.44538355703,2.72863978924,8.16777717269,0.726302945774,2.38037306001,10.8964169619,6.90151805744,2.58403827363,15.3262778977,3.72351441194,20.1105888005,37.0,0.630653954698,0.000104647543219,36.7663803103,40.7397016999,15.0880275148,16.2392424388,PF,8200
202688.0,Brandon,Knight,35.8,19,PHO@WAS,PHO,WAS,,,31.5,36.25,14,5.73045970595,0.423014978445,6.94927144011,4.26410897944,0.83114193691,3.15830607002,1.50626286644,3.31067122506,3.98944800693,8.05009750038,2.74657909436,18.426340419,3.47243306248,22.3192071576,38.0,0.0736018183383,0.000525539626423,36.2501187895,39.590195696,17.2508493939,18.2848496636,PG,8000
202704.0,Reggie,Jackson,34.1,19,MIL@DET,DET,MIL,,,31.7,33.25,14,6.919328972,0.114964448124,4.48360985479,4.40311922207,0.691859350726,2.91023353497,1.02185305918,3.30873226065,3.6020928857,7.49974709749,1.5284459402,17.1410223919,3.68383990999,20.2117800452,33.0,0.161822385425,0.000637810031898,33.87818772,36.7215284729,16.014379672,16.281534413,PG,7900
2730.0,Dwight,Howard,32.8,14,HOU@DAL,HOU,DAL,O,Rest,0.0,0.0,14,0.0,0.0,0.0,0.0,0.0,0.0,0.0,0.0,0.0,0.0,0.0,0.0,0.0,0.0,0.0,,,0.0,,0.983153226242,,C,7800
202328.0,Greg,Monroe,33.5,19,MIL@DET,MIL,DET,,,38.1,40.75,14,2.52507310838,0.997508033053,0.000202996841056,4.02261522688,3.21996186284,6.35014867201,1.26274850219,1.86779448031,9.57011053485,6.88496097811,1.2668827193e-07,13.7498056464,2.94762522252,16.7175473054,33.0,0.45975947681,0.000138171754405,34.6420082,36.7444647607,15.4083713475,14.9726688568,C,7500
201936.0,Tyreke,Evans,36.1,2,CLE@NO,NO,CLE,,,33.4,37.25,14,7.97769414524,0.56591331652,2.86982907518,4.70774868934,1.07551174281,2.70962346292,0.945623367155,3.05885280061,3.78513520573,6.0930730407,0.809272692078,14.0020918648,3.58177884889,16.5771976224,35.0,0.267792838731,0.00148246267475,33.0501216538,35.5795778066,13.6238803186,13.5657811565,PG,7500
204001.0,Kristaps,Porzingis,30.1,19,BKN@NY,NY,BKN,,,37.0,41.0,14,0.94305142468,1.74834210848,2.59409710274,3.0610049162,2.25112329868,6.1368713106,0.695159108293,1.59554499881,8.38799460927,4.74034253128,0.897653829192,10.8112335924,2.51222271928,12.890561611,26.0,0.266030810181,4.05552342953e-06,27.6621897139,29.7272472402,10.7914760524,10.8428466801,PF,7300
203078.0,Brad,Beal,29.2,13,PHO@WAS,WAS,PHO,,,53.1,57.0,14,3.48737408223,0.364755220708,5.61169609434,3.58984397778,1.04826586867,3.28257412652,1.35906507086,2.82551714961,4.33083999519,7.55928318342,2.24309966275,16.9360393262,2.85987360287,20.2215396325,38.0,0.0162913179068,4.25109099551e-05,31.2717321836,34.0471470991,15.8989312184,16.572126173,SG,7100
977.0,Kobe,Bryant,26.5,15,LAL@ATL,LAL,ATL,,,31.1,33.25,14,4.3129868569,0.208567789895,7.79858103075,5.66028589181,0.599057784705,2.98204821745,1.22522228839,2.79288314127,3.58110600215,6.51191110316,1.8129518436,19.9884734535,4.62246876511,19.459242815,35.0,0.0165580733651,4.96325783338e-05,30.3007473183,32.8077061186,17.0560576679,18.0225813005,SG,6900
201952.0,Jeff,Teague,30.1,18,LAL@ATL,ATL,LAL,,,24.7,25.75,14,6.7916601566,0.44882152535,3.21939100802,4.77125341714,0.581317226482,1.81827572973,1.40435819023,2.77271538592,2.39959295621,5.75879769541,1.19676809537,13.2981869518,4.05573775926,16.7701012454,31.0,0.139835936648,2.84295077311e-05,30.770747073,33.085307655,12.9470284599,13.0895208089,PG,6900
201143.0,Al,Horford,31.8,21,LAL@ATL,ATL,LAL,,,35.3,37.75,14,3.07068447409,1.4746391104,2.86007756527,2.08613794554,2.41248407151,4.65425474427,0.669387919091,1.44945001468,7.06673881578,6.89923210984,1.03098504823,13.8246013442,1.74517243238,16.5746217003,33.0,0.164556283789,0.00021410565341,32.4993390347,34.3403702495,13.6041599862,13.5016420756,C,6900
101114.0,Deron,Williams,28.7,18,HOU@DAL,DAL,HOU,,,28.2,34.25,14,6.94923731505,0.351434787622,4.74554509739,3.78008194488,0.248265929787,2.66105894542,1.54644122345,2.59312251155,2.90932487521,5.98206054868,1.77253599821,14.0312211937,3.43855408538,17.1752111809,38.0,0.155010236316,0.000136319140101,32.2928865144,34.8541063249,13.3689006233,13.9368509842,PG,6900
1717.0,Dirk,Nowitzki,30.2,18,HOU@DAL,DAL,HOU,,,38.0,40.0,14,1.90972143999,0.563406109448,3.68386586202,3.26926485598,0.677524636548,5.40478032976,0.711112759024,1.00659274625,6.08230496631,6.7309576601,1.533933296,13.7497451656,2.95757781028,17.9534264265,31.0,0.0853933250642,2.71157034802e-06,29.6592195367,31.3616959285,13.4431695141,13.633217872,PF,6800
203507.0,Giannis,Antetokounmpo,29.0,18,MIL@DET,MIL,DET,,,23.8,26.25,14,2.59886824758,1.14065375269,1.39457097002,4.35538768213,1.31280090961,4.3924431974,0.936532310262,2.41900870164,5.70524410701,5.91582095123,0.416605832397,11.6668539956,3.5914155208,15.8396632556,34.0,0.0604408995646,2.25244827503e-05,28.3196219797,30.1134203748,12.3792512405,12.0101301549,SG,6700
2585.0,Zaza,Pachulia,27.2,19,HOU@DAL,DAL,HOU,,,22.2,23.25,14,2.26326806727,0.507434410583,0.0498078016722,4.89947263264,3.19288526965,6.24264653348,0.955274452897,2.05424599304,9.43553180313,3.45818257407,0.0,7.25917508946,3.7975327364,10.7138978845,29.0,,,26.3026098831,,9.01421232384,,C,6700
201152.0,Thaddeus,Young,29.9,18,BKN@NY,BKN,NY,,,31.7,35.25,14,1.70049654975,0.418546916478,0.782297152573,2.16934954877,2.35475068533,5.42638381281,1.5244453779,1.72143275788,7.78113449814,7.13310621681,0.157837209391,14.1130856818,1.32603251739,15.7500821604,33.0,0.234108792175,3.91278897525e-06,29.8027402137,31.4826068488,15.0106985737,14.5584510903,PF,6600
201583.0,Ryan,Anderson,28.5,19,CLE@NO,NO,CLE,,,23.0,25.75,14,1.11591594455,0.487927228678,6.02628071548,3.05442204271,2.24684005124,4.00393051944,0.538038371307,1.63393000898,6.25077057068,6.46236752798,2.21770078319,14.6030252029,2.64381358779,17.7862494269,32.0,0.0964326272282,2.9029626136e-08,27.3790492196,29.7620521721,14.1130701237,15.0205056883,PF,6500
101127.0,Jarrett,Jack,28.8,17,BKN@NY,BKN,NY,,,10.1,11.75,14,4.92540219623,0.131685455539,2.14393672153,2.45096250292,0.178265950829,2.46634569412,0.639512584631,2.16933268233,2.64461164495,3.6944419698,0.759853608161,8.92123678022,2.15507917647,10.3038167242,24.0,0.0185652785806,7.82977010418e-06,20.2385173905,21.8632125252,9.04788773027,9.09152681753,PG,6500
202700.0,Donatas,Motiejunas,0.0,0,HOU@DAL,HOU,DAL,O,Back,0.0,0.0,14,0.0,0.0,0.0,0.0,0.0,0.0,0.0,0.0,0.0,0.0,0.0,0.0,0.0,0.0,0.0,,,0.0,,0.75313246111,,PF,6400
203944.0,Julius,Randle,27.1,18,LAL@ATL,LAL,ATL,,,21.0,21.75,14,1.9772369866,0.553615748895,0.325034546499,3.44778932548,1.72692217726,6.67711009258,0.899123490708,1.72333218532,8.40403226984,4.45739392921,0.0570967486433,10.1600748801,2.30599673443,11.2778813415,28.0,0.238984339816,1.01227677591e-05,25.5107218391,27.1796447976,11.2953431445,10.9701876597,PF,6300
202694.0,Marcus,Morris,26.7,19,MIL@DET,DET,MIL,,,32.3,34.0,14,2.18171400696,0.284253845392,4.36487485398,4.07766563308,1.53109171582,4.23946525446,1.44846229855,1.7597436172,5.77055697028,5.56036894628,1.34844674554,13.329354499,3.06903353327,15.5382181714,39.0,0.0623519504234,6.06227702805e-06,27.4411462168,29.3773153592,12.6610780217,13.0424218942,SF,6200
101162.0,Marcin,Gortat,26.4,16,PHO@WAS,WAS,PHO,O,Personal,0.0,0.0,14,0.0,0.0,0.0,0.0,0.0,0.0,0.0,0.0,0.0,0.0,0.0,0.0,0.0,0.0,0.0,,,0.0,,0.904997498353,,C,6200
203903.0,Jordan,Clarkson,24.4,18,LAL@ATL,LAL,ATL,,,19.6,22.25,14,2.44088230302,0.20184616861,2.98755263823,2.18056419529,0.830495572826,2.06017845289,0.997300796696,1.63193933974,2.89067402571,5.56639405529,1.24895686855,11.8083835525,1.76653742072,14.1482823998,29.0,0.000906991253204,1.63810337173e-07,22.0447692761,23.6311120598,11.7188342961,11.8307457838,PG,6100
202397.0,Ishmael,Smith,28.2,19,CLE@NO,NO,CLE,,,0.0,0.0,14,0.0,0.0,0.0,0.0,0.0,0.0,0.0,0.0,0.0,0.0,0.0,0.0,0.0,0.0,0.0,,,0.0,,1.00545113166,,PG,6000
2772.0,Trevor,Ariza,23.4,19,HOU@DAL,HOU,DAL,,,33.7,37.5,14,2.06357424378,0.309248461847,6.81110622584,2.4931132887,0.857804760512,4.51628426637,2.05871176759,2.03455482742,5.37408902688,4.58886861887,2.25044976374,11.8247358409,1.85946312136,13.2876501228,39.0,0.0379424411243,4.50672466447e-06,25.5332839522,28.001417881,12.4505192231,13.8341285807,SF,5800
203114.0,Khris,Middleton,24.0,19,MIL@DET,MIL,DET,,,30.5,32.75,14,2.99693109407,0.15469491216,4.50882394724,3.04780307834,0.338546360804,2.5095993163,1.31205864144,1.45890072421,2.84814567711,5.08480870528,2.06249497436,12.176701759,2.70089618437,14.9330085693,34.0,0.00161014556949,7.18074205607e-07,24.3207864059,26.2263089116,11.8810890646,12.628463391,SF,5700
2590.0,Mo,Williams,24.6,15,CLE@NO,CLE,NO,,,12.7,13.25,14,3.75535686816,0.157706581917,3.28028218957,1.51962880518,0.188877688908,1.6396910563,0.453005631047,1.83501566348,1.82856874521,4.1912769265,1.12969131617,9.00320374119,1.3708660677,10.8831112369,23.0,0.00356839058581,7.8613765502e-08,18.0968377958,19.6759725446,9.25552774138,9.52043418368,PG,5700
203093.0,Terrence,Jones,20.6,14,HOU@DAL,HOU,DAL,,,24.3,27.25,14,1.31200060676,1.48383406731,2.00943713406,3.68847553365,2.50165817521,3.85635588523,0.55221645772,1.47906427808,6.35801406044,5.39862799456,0.76752975203,11.3881901169,2.20988428015,13.7746700213,32.0,0.0933467890219,4.66938481107e-07,25.965324576,27.5465438784,11.7158852305,11.5709703677,PF,5600
2207.0,Joe,Johnson,22.0,18,BKN@NY,BKN,NY,,,20.8,22.0,14,3.5223050574,0.0703946371279,3.76008736325,2.28864615298,0.591237323833,3.03286604801,0.761324646297,1.88136747758,3.62410337185,3.91992626419,1.10457936648,10.6155534403,1.93412926278,10.8785611576,32.0,0.00511243022311,9.70802114567e-06,20.2930138792,21.9748902393,10.0457440682,10.4592731761,SG,5600
202684.0,Tristan,Thompson,22.8,18,CLE@NO,CLE,NO,,,19.5,20.5,14,1.05596530765,0.736290174071,0.000227600248589,3.14027075637,3.5007865075,7.24927046937,0.504697664352,1.15934655916,10.7500569769,3.78496054503,2.73546845931e-06,6.89728656433,1.76986669086,9.33979051638,32.0,0.347317172514,6.57942572362e-08,25.1464359678,26.7845894201,8.68962649946,8.22953414725,PF,5500
203487.0,Michael,Carter-Williams,22.1,14,MIL@DET,MIL,DET,,,18.9,20.75,14,4.90142006125,0.615536932133,1.41747778925,2.86889559809,0.690967341263,2.40634580845,1.21894754793,3.09142535999,3.09731314972,3.72035465496,0.359323409468,9.20981986199,2.04935722143,9.84938994083,27.0,0.0176820233441,2.34549647914e-05,21.4958394125,23.4026728546,9.49540381196,9.31315705485,PG,5500
2747.0,J.R.,Smith,20.0,15,CLE@NO,CLE,NO,,,21.8,25.5,14,2.49970925629,0.719025622135,7.3118845048,1.1274508141,0.69942012694,2.23040836799,1.09012378979,1.50296299097,2.92982849493,5.08060732933,2.75737826297,12.9841716689,0.643760085481,13.5623530071,37.0,0.000959505319708,2.0481852956e-07,22.9430469184,25.2211488425,13.5470231249,15.1483884397,SG,5400
201569.0,Eric,Gordon,24.8,19,CLE@NO,NO,CLE,,,21.2,24.25,14,2.78185709586,0.194158964008,6.15057893223,2.89657440704,0.313371161987,1.41495579749,0.803326062348,1.47654169718,1.72832695948,5.0623982842,2.28137152958,12.1325725596,2.47039513417,14.8765632322,31.0,0.000556699512421,7.50967821841e-09,21.6417695828,23.607977616,12.4844541663,13.6661952421,SG,5300
1626156.0,D'Angelo,Russell,21.3,18,LAL@ATL,LAL,ATL,,,29.0,36.5,14,3.95688972379,0.311172237017,5.42023644988,1.43061784347,1.12225565776,5.12199862141,1.24844457143,2.58291707647,6.24425427917,5.71568895336,1.71560558635,14.0392728166,1.05408575271,14.2010692458,36.0,0.092167830008,0.000649175128944,28.1658255069,30.7674988227,13.1211878782,13.8250885483,PG,5200
202693.0,Markieff,Morris,21.5,16,PHO@WAS,PHO,WAS,GTD,Knee,15.3,17.0,14,1.9356356152,0.486271172425,2.49665581198,2.21704934833,1.29731082618,3.52109644993,0.841910377286,2.29386517331,4.81840727612,5.39807327257,0.716570464097,13.2308830519,1.63865858768,13.1513755969,28.0,0.0208876089345,7.41174818683e-07,22.1994156772,23.9768874966,12.7053902627,12.6388316953,PF,5200
203490.0,Otto,Porter,22.3,16,PHO@WAS,WAS,PHO,,,22.4,25.25,14,2.12828042398,0.51287268662,3.51515806355,2.3584763597,1.47607972872,3.44169936137,1.45381487596,1.66864725817,4.91777909009,4.67041901797,0.948240572649,10.4797990659,1.98334291232,12.2724215209,36.0,0.0221080884839,1.7713036854e-06,23.630904932,25.2184052485,10.2413158693,10.3899243201,SF,5100
203145.0,Kent,Bazemore,22.2,16,LAL@ATL,ATL,LAL,,,29.6,30.75,14,1.86163325556,0.529700543253,2.99748055283,1.90503825313,0.229157111706,2.58758954271,1.37569228013,1.29920526222,2.81674665442,3.78835204813,1.23361594376,8.05859574335,1.47701892884,10.2873389689,25.0,0.000442528279597,1.17833242698e-08,18.9714652221,20.3793769855,8.62968976941,8.9649375189,SG,5000
201579.0,Roy,Hibbert,22.0,18,LAL@ATL,LAL,ATL,,,16.5,18.25,14,1.32832163464,1.69123767462,0.0742668092553,3.0386833733,1.81168759143,3.44618531217,0.325292967651,1.33104466985,5.2578729036,2.36230426583,0.000340894931386,5.24837058861,2.55791129431,7.2828607209,23.0,0.0141665762977,1.82372184233e-07,18.2868072719,19.236644111,6.70732031474,6.37906286517,C,5000
203484.0,Kentavious,Caldwell-Pope,21.5,19,MIL@DET,DET,MIL,,,12.9,14.0,14,1.58099491945,0.15621822853,4.12998183748,2.33577976419,0.679115155842,1.78134829964,1.24561239876,1.04893685891,2.46046345548,4.0872920704,1.18448027565,10.7431567367,1.84723849719,11.2063029137,33.0,0.00017343444309,1.2247850014e-09,18.2850758351,19.5250677305,10.2477680518,10.7281964196,SG,5000
203953.0,Jabari,Parker,16.6,13,MIL@DET,MIL,DET,,,16.0,16.25,14,0.83574841609,0.245258968188,0.22348198135,1.66831331116,1.01070495793,1.95018086466,0.577735228402,0.762837866862,2.96088582258,3.22137142393,0.0414454706794,6.73030478209,1.37507932572,7.85926764426,19.0,0.000400407277284,8.87280754395e-12,13.5491037818,14.0998903527,8.00056512615,7.61196018216,PF,4900
201167.0,Arron,Afflalo,20.5,11,BKN@NY,NY,BKN,,,22.1,23.25,14,1.65542426128,0.0799860603274,3.52096380785,1.40160029154,0.431959923707,2.44135700775,0.256268959463,1.03274319477,2.87331693146,5.2029516846,1.31413581343,11.2628227004,1.11775335049,12.8377925331,29.0,0.000635156807086,5.99625022223e-09,18.4086760876,19.7267341915,11.0914349665,11.3529463494,SG,4900
202083.0,Wesley,Matthews,18.1,17,HOU@DAL,DAL,HOU,,,18.5,19.25,14,2.02332855874,0.134541504324,7.30599805903,2.64127974022,0.625733143896,2.16302420997,1.05810459966,1.22317104212,2.78875735386,4.36238083004,2.38512030822,11.8605941616,2.1671508307,13.277032799,34.0,0.000550428446229,2.61616535471e-08,20.8206556276,22.7650648916,12.7455016298,14.3141582976,SG,4800
201950.0,Jrue,Holiday,19.0,14,CLE@NO,NO,CLE,,,30.9,32.75,14,5.23177425197,0.344563246133,2.80960995641,2.70808531587,0.310729297613,1.51629684537,0.965111919845,2.47727821808,1.82702614299,4.56941816948,0.974942985095,10.8245589051,2.18074519534,12.2945245194,25.0,0.0313498378641,6.90787253547e-07,22.4766893828,24.3411781207,10.6522924268,10.7707032652,PG,4800
203471.0,Dennis,Schroder,20.2,21,LAL@ATL,ATL,LAL,,,15.0,16.75,14,3.44120506986,0.03886556542,2.34790462843,1.44607561321,0.302007807601,1.37248752031,0.636822594193,1.51319692156,1.67449532791,2.95711698479,0.695812609107,7.49131071162,1.16046885361,7.77051543229,17.0,0.00116468535631,1.2223438842e-08,14.7798968282,15.9698734247,7.61817714466,7.74630394899,PG,4800
203991.0,Clint,Capela,20.7,19,HOU@DAL,HOU,DAL,,,22.0,23.0,14,0.852716749713,1.97432631346,0.0958737884058,4.16561896011,3.4823554018,5.32401305547,1.09374626205,1.30638382804,8.80636845726,4.53419814676,0.0264045067409,8.26953289389,1.85519597264,10.9499967729,28.0,0.266148340926,1.12000692841e-05,27.6264753692,29.132444071,10.0735931595,9.59520236127,C,4700
201951.0,Ty,Lawson,17.3,18,HOU@DAL,HOU,DAL,,,10.7,12.25,14,3.57177366656,0.101595439883,1.5858261937,1.97766318062,0.444740024703,0.989121930669,0.732846033251,1.58169421755,1.43386195537,2.0955585333,0.522303690851,5.56859642699,1.35193933179,6.06536008925,20.0,0.000870162408559,2.41404972337e-09,13.2308436643,14.3558409671,6.04904696557,6.12856903822,PG,4700
201573.0,Jerryd,Bayless,22.0,18,MIL@DET,MIL,DET,,,20.1,20.75,14,3.17951582952,0.14109728048,3.63282658212,1.67340339007,0.277037906678,1.78162261728,1.04787306275,1.61750557654,2.05866052396,3.36017166642,1.53411165164,7.9044278442,1.31112493821,9.56557992269,26.0,0.000964232613271,5.50425026445e-08,17.5656814056,19.24586956,8.57285987939,9.26209613704,PG,4600
101150.0,Louis,Williams,19.4,16,LAL@ATL,LAL,ATL,,,25.2,27.25,14,2.86269912155,0.249205964878,5.32391699559,6.50347127756,0.253744018773,1.76342663778,1.35069580802,1.73401942592,2.01717065655,4.51075935353,1.61392870263,12.04581233,5.4454995456,16.0809469553,31.0,0.000766418842737,3.71120403142e-08,24.2613845453,26.0373668821,11.8780467009,12.6794037693,SG,4600
202718.0,Chandler,Parsons,13.2,13,HOU@DAL,DAL,HOU,,,18.8,20.0,14,1.92417562789,0.39573431525,3.7730858629,1.91722347772,0.59589860272,2.3840711259,0.621319134943,1.55081816939,2.97996972862,4.69237950506,1.26835793978,10.1575427123,0.996923787213,11.6500407371,27.0,0.000772547476442,2.53034685663e-08,18.5955565843,20.1553020224,10.1998423664,10.5409075986,SF,4500
2594.0,Kyle,Korver,18.8,19,LAL@ATL,ATL,LAL,,,25.2,27.5,14,2.20317345911,0.419363614168,4.98847891883,1.02399133461,0.130543902804,3.37038372748,0.799800898425,1.55731320437,3.50092763028,4.1169861104,2.26681635425,8.2826056724,0.860938619821,11.3617271949,33.0,0.00232680458302,2.30423435704e-07,19.7486163607,21.8392184197,9.98347561849,11.0866598673,SG,4500
203939.0,Dwight,Powell,20.4,19,HOU@DAL,DAL,HOU,,,20.7,21.5,14,0.858279365397,0.567036655442,0.347168690297,2.1941862816,1.25190878271,3.15231871384,0.565263221965,0.753900883744,4.40422749655,2.5496490688,0.0722391753746,5.08885887799,1.53580969966,6.70734701262,16.0,0.0042046814168,1.20180097651e-10,14.7905379276,15.4301263545,6.46130711702,6.07273303987,PF,4500
2199.0,Tyson,Chandler,17.9,15,PHO@WAS,PHO,WAS,O,Hamstring,0.0,0.0,14,0.0,0.0,0.0,0.0,0.0,0.0,0.0,0.0,0.0,0.0,0.0,0.0,0.0,0.0,0.0,,,0.0,,0.902943515466,,C,4400
203521.0,Matthew,Dellavedova,19.5,17,CLE@NO,CLE,NO,,,15.4,18.0,14,7.73099249475,0.148259335052,4.47095660224,1.40829999987,0.672990847467,2.29221962012,1.10240707963,2.03146552689,2.96521046758,4.118467575,1.94675066697,9.7138864811,1.20595063619,11.3896364532,42.0,0.172927761282,0.000174222745423,27.0142450589,29.4115279893,10.141221672,11.0380840865,PG,4400
203499.0,Shane,Larkin,16.5,18,BKN@NY,BKN,NY,,,19.9,20.5,14,3.7095578607,0.210625753245,1.78110374082,0.926119871407,0.337534093147,1.79843514384,1.45805548915,1.57436697054,2.13596923699,3.28605107552,0.799430512714,7.03804347549,0.634692459809,8.00622512356,23.0,0.00209563165787,1.70547436541e-07,17.8967205132,19.1935616759,7.62489954379,7.65164479651,PG,4400
200757.0,Thabo,Sefolosha,19.8,17,LAL@ATL,ATL,LAL,,,16.5,19.25,14,1.89149072449,0.867483696904,2.59701577842,1.52228688852,1.20415090673,4.19725102822,1.85882833563,1.40243066215,5.40140193495,3.84693622702,0.979278454437,7.75498798781,0.984430314893,9.65758122338,32.0,0.0276772040283,1.51349237331e-06,23.026693035,24.5291380365,8.33458428796,8.45385943274,SF,4400
101181.0,Jose,Calderon,17.0,19,BKN@NY,NY,BKN,,,21.3,22.5,14,4.1477345975,0.00339811641611,3.31290802822,0.870447984776,0.30537867708,1.85992540328,1.07143156737,1.37748876318,2.16530408036,3.19042733712,1.32594453466,7.22248557636,0.770715221373,8.47751443027,29.0,0.00476291511955,4.20097315774e-07,18.0696518273,19.5367793132,7.96143166572,8.52547175183,PG,4400
203933.0,T.J.,Warren,18.9,18,PHO@WAS,PHO,WAS,,,13.0,14.0,14,0.741871117552,0.278297944989,1.0811723315,1.18398736193,1.36875247862,1.9660478372,0.666492419107,0.844244338348,3.33480031582,4.8421437039,0.421925405106,9.14635473277,0.902110179928,11.0083229928,22.0,0.00160300590924,1.55629165329e-11,17.168226438,17.9704558344,9.98892579128,9.61025863667,SF,4300
101141.0,Ersan,Ilyasova,17.0,19,MIL@DET,DET,MIL,,,22.6,23.5,14,1.00566756749,0.316836641565,3.56735017684,2.09570413793,1.43289089952,2.04457689873,0.523247777395,0.989860096556,3.47746779825,3.82250872468,1.41177752925,8.59275337422,1.61333388885,10.6701288675,25.0,0.00204200764061,2.40067727726e-10,17.041900318,18.419655533,9.07925577507,9.60612605352,PF,4300
1626178.0,Rondae,Hollis-Jefferson,17.8,18,BKN@NY,BKN,NY,,,7.1,7.25,14,1.18547224987,0.346976823996,0.276014272566,1.32321244311,1.33291779086,3.49379325903,0.973527882676,0.928447833178,4.82671104989,1.70666403507,0.068478589057,3.61913196727,0.908714403027,4.39052106222,18.0,0.00223314775263,1.34893978489e-09,13.6733442771,14.4164927663,4.88309470816,4.57182428716,SF,4200
2403.0,Nene,Hilario,16.7,12,PHO@WAS,WAS,PHO,GTD,Calf,0.0,0.0,14,0.0,0.0,0.0,0.0,0.0,0.0,0.0,0.0,0.0,0.0,0.0,0.0,0.0,0.0,0.0,,,0.0,,0.86682779914,,PF,4100
203141.0,Mirza,Teletovic,13.7,19,PHO@WAS,PHO,WAS,,,4.9,5.5,14,0.397930702534,0.126003035847,1.76732712323,0.260559358489,0.245181263824,0.672554574463,0.150938585638,0.27541711753,0.917735838287,1.05932201009,0.730982156646,2.64681847358,0.198257932234,3.04788410907,7.0,2.5994920354e-09,4.96830677949e-20,5.02452929425,5.57361572715,4.0803463635,4.58074129605,PF,4100
202720.0,Jon,Leuer,16.1,19,PHO@WAS,PHO,WAS,,,15.9,17.0,14,1.43375899453,0.312347790912,2.02176794753,1.42125557416,1.21208427308,3.93406593535,0.646012588271,0.891333298566,5.14615020843,3.69290097853,0.90437981138,7.84808789307,0.96538962939,9.25557139784,23.0,0.019919358302,5.51757576925e-08,18.6069775995,19.7920208679,8.34769685966,8.40305794353,PF,4000
201577.0,Robin,Lopez,18.5,19,BKN@NY,NY,BKN,,,22.5,23.25,14,2.07012837624,1.47929671312,0.00441109403687,1.82158913123,3.19792913158,4.10896402877,0.301090107745,2.0120529933,7.30689316036,3.84673883113,4.55503308227e-08,8.27640610443,1.55251815796,9.24599586576,30.0,0.109013276157,7.11376224706e-06,22.668180871,24.203093304,9.66510703415,9.29822642161,C,4000
204038.0,Langston,Galloway,17.7,19,BKN@NY,NY,BKN,,,19.0,20.25,14,1.69236429444,0.101154549907,2.59619269085,1.37750895481,0.545824500481,1.95332737864,0.799366561409,0.598501306556,2.49915187912,2.45973155865,1.07541557206,6.24866281636,1.0240856564,7.01896434577,20.0,9.37018395106e-05,1.03792052589e-09,13.7590339584,14.7210905476,6.82346155626,7.2982465943,SG,4000
202347.0,Quincy,Pondexter,0.0,0,CLE@NO,NO,CLE,O,Knee,0.0,0.0,14,0.0,0.0,0.0,0.0,0.0,0.0,0.0,0.0,0.0,0.0,0.0,0.0,0.0,0.0,0.0,,,0.0,,0.580124192446,,SF,3900
202338.0,Kevin,Seraphin,10.1,15,BKN@NY,NY,BKN,,,11.6,12.25,14,1.09156544979,0.790201332752,0.00952665599302,0.673770545674,0.923282918501,1.55001922573,0.250019578841,1.27592096183,2.47330214423,2.56677136864,7.89322692427e-06,5.43230572731,0.551466118318,5.68501674882,14.0,4.61889379667e-05,1.19596695001e-11,11.0948483579,11.8565471761,6.77397802523,6.40160081485,PF,3900
203458.0,Alex,Len,14.0,19,PHO@WAS,PHO,WAS,,,14.3,15.5,14,0.351817518639,0.834996213242,0.0421101434707,1.59096763162,1.52992181213,2.73378065551,0.448888426168,1.1510187763,4.26370246765,1.91686650879,0.00504267922919,3.98721516362,1.11269920984,4.95147490664,15.0,0.00147846348386,3.15982325449e-11,12.0123946483,12.8058281948,5.42913004213,5.07613145465,C,3900
201976.0,Patrick,Beverley,14.2,12,HOU@DAL,HOU,DAL,,,21.1,24.25,14,2.71476383937,0.581287640745,4.42740460668,0.57078262304,0.721610459048,2.23826651974,1.37395518254,1.50141174693,2.95987697878,3.24214611759,1.6880900452,8.27955262686,0.478759253965,8.65114153434,28.0,0.000720730344564,2.48201486821e-07,18.6842135676,20.4280401527,9.00257149122,9.95127316886,PG,3900
200826.0,Jose Juan,Barea,16.1,16,HOU@DAL,DAL,HOU,O,Ankle,0.0,0.0,14,0.0,0.0,0.0,0.0,0.0,0.0,0.0,0.0,0.0,0.0,0.0,0.0,0.0,0.0,0.0,,,0.0,,0.851534784102,,PG,3800
200782.0,P.J.,Tucker,14.6,19,PHO@WAS,PHO,WAS,,,25.1,27.75,14,1.69252793954,0.185857071251,3.07605816602,2.03609234868,2.03789042097,4.13708047055,1.42607840013,1.65071286201,6.17497089152,3.33282003916,0.984818659572,7.87215780841,1.4779696403,9.12842837819,37.0,0.0502256476379,7.11873925791e-07,20.6503434381,22.3521983505,8.20038586799,8.52271459454,SF,3800
201196.0,Ramon,Sessions,15.2,16,PHO@WAS,WAS,PHO,,,20.4,21.5,14,3.41020170095,0.0542070641375,1.63882461376,4.13586680429,0.363238662443,1.81515414126,1.10769605571,1.61341568898,2.1783928037,3.09675017153,0.537166621614,7.57783000747,3.19613148302,9.9267984477,24.0,0.00171988766126,1.55502866615e-07,18.3665629143,19.5533540078,8.14382503476,8.09586346608,PG,3800
201977.0,Marcus,Thornton,18.2,17,HOU@DAL,HOU,DAL,,,4.4,4.5,14,0.339209641451,0.0273348092831,1.28436758176,0.245240643858,0.245439868558,0.440595882616,0.233786945907,0.204761550547,0.686035751174,1.13197281388,0.445994644418,2.73772685055,0.199007148272,2.90894742045,6.0,1.20116447359e-10,5.03104048896e-22,4.55848674387,4.91816662909,3.77254036474,3.94842360256,SG,3800
101109.0,Raymond,Felton,16.1,19,HOU@DAL,DAL,HOU,,,22.1,24.75,14,4.1540885031,0.233224759234,3.27299282183,2.1438233744,0.50461378266,2.19475043869,1.21080175808,2.14193166671,2.69936422135,4.38080169953,0.980677020814,11.0791107314,1.69798080263,11.4402612225,34.0,0.00768620963891,3.67354272742e-06,21.6567524107,23.3645653006,10.5633142914,10.7764816432,PG,3800
201564.0,O.J.,Mayo,15.7,8,MIL@DET,MIL,DET,,,25.0,26.25,14,3.4872687267,0.14481174305,5.92738057813,1.86253986236,0.493863867656,2.66677880448,1.2843142406,2.03655983941,3.16064267214,4.64944266969,1.72661174773,11.8649237123,1.50619100582,12.5316880929,34.0,0.00369479951609,3.97542182114e-06,22.3770545174,24.4222265701,11.6681390458,12.6312747214,SG,3700
201147.0,Corey,Brewer,13.0,19,HOU@DAL,HOU,DAL,,,14.9,16.0,14,1.71273167415,0.197333001035,3.19719153388,2.73164477762,0.659420587356,1.93210805814,1.26619948346,1.17956361197,2.5915286455,3.13193553697,0.737223923409,9.06028761744,2.09735955857,9.09845455592,26.0,0.000197768799398,2.61471025656e-09,16.5248877988,17.6131546598,8.58261211345,8.83275153797,SF,3700
203488.0,Mike,Muscala,9.8,15,LAL@ATL,ATL,LAL,,,10.6,11.75,14,0.558844164702,0.568713544303,0.826100659176,0.776964171433,0.785701036541,1.4365299492,0.337218709809,0.610435731122,2.22223098574,1.65234279291,0.307920221142,3.40308097332,0.654409331516,4.26701513848,12.0,9.82922898726e-06,1.06085503444e-14,8.97338734552,9.54369161479,4.52523861908,4.37904998327,PF,3600
202349.0,Greivis,Vasquez,15.6,16,MIL@DET,MIL,DET,GTD,Ankle,0.0,0.0,14,0.0,0.0,0.0,0.0,0.0,0.0,0.0,0.0,0.0,0.0,0.0,0.0,0.0,0.0,0.0,,,0.0,,0.829123378637,,PG,3600
101138.0,Brandon,Bass,12.8,17,LAL@ATL,LAL,ATL,,,17.0,17.25,14,1.38431635984,0.697422121916,0.190479484782,2.16166635426,2.41986577807,3.12413004402,0.454236907998,1.19176953439,5.54399582209,3.77204504258,0.0384124691614,7.25840030164,1.74576943038,9.32827198469,25.0,0.0307483772114,6.27703773835e-08,19.1690900364,20.1075035834,8.7272964864,8.27519337615,PF,3600
201961.0,Wayne,Ellington,8.0,17,BKN@NY,BKN,NY,,,7.9,8.5,14,0.660174859438,0.0698102970886,1.83854065482,0.412310180214,0.189304740217,0.83766408534,0.483164639079,0.371716480188,1.02696882556,1.7093233795,0.562309046422,4.45503010131,0.315551612235,4.29650741767,13.0,1.47829581312e-08,3.64154774744e-17,7.25336568964,7.7717269164,5.06297874512,5.2697723472,SG,3600
201975.0,Jodie,Meeks,1.7,2,MIL@DET,DET,MIL,O,Foot,0.0,0.0,14,0.0,0.0,0.0,0.0,0.0,0.0,0.0,0.0,0.0,0.0,0.0,0.0,0.0,0.0,0.0,,,0.0,,0.592046369819,,SG,3600
201162.0,Jared,Dudley,14.1,15,PHO@WAS,WAS,PHO,,,8.7,9.25,14,1.29249578188,0.24980384144,2.58968744112,1.25632141102,0.423840036848,2.20154791262,0.688185032607,0.988085550169,2.62538794947,2.31396573509,1.08075622147,5.033108799,1.01522569228,6.72391338392,23.0,0.00012117468569,1.35039655362e-10,12.701014794,13.8668868398,6.28912000135,6.77184963984,SF,3600
1626164.0,Devin,Booker,8.1,15,PHO@WAS,PHO,WAS,,,10.2,10.75,14,0.576770541138,0.254329221062,1.42413966309,1.29471001176,0.180863782427,1.48593044955,0.529801672765,0.78049176123,1.66679423198,2.43143269968,0.766385236724,4.87589531286,0.963660349559,6.59291098564,16.0,2.8654917228e-06,2.75790258904e-15,10.2459899022,11.102772411,5.91317576203,5.98816856861,SG,3600
202389.0,Timofey,Mozgov,14.1,15,CLE@NO,CLE,NO,,,10.6,11.25,14,0.39271329653,0.743958750964,0.172618916344,2.0118816157,1.39387619628,2.22061913258,0.323582121017,1.17812374964,3.61449532887,2.40285753245,0.0440183441905,4.77932841108,1.56498963836,6.41472304745,17.0,0.00103549301592,7.57105690863e-12,12.2981453812,13.0914944341,6.23428037019,5.84574936108,C,3600
1891.0,Jason,Terry,8.9,15,HOU@DAL,HOU,DAL,,,11.7,12.25,14,0.953977553503,0.132877365168,2.39148885413,0.33483431197,0.0978184337606,0.405084858013,0.487934640316,0.631418535183,0.502903291773,1.36970053379,0.88501565491,3.25814087086,0.2797009388,3.90411766129,12.0,6.71851144987e-09,2.11655125327e-18,6.54877341746,7.33213568717,4.95195364133,5.53286763191,PG,3500
202379.0,Jeremy,Evans,4.5,14,HOU@DAL,DAL,HOU,,,0.0,0.0,14,0.0,0.0,0.0,0.0,0.0,0.0,0.0,0.0,0.0,0.0,0.0,0.0,0.0,0.0,0.0,,,0.0,,0.827110232354,,PF,3500
2743.0,Kris,Humphries,13.3,16,PHO@WAS,WAS,PHO,,,0.0,0.0,14,0.0,0.0,0.0,0.0,0.0,0.0,0.0,0.0,0.0,0.0,0.0,0.0,0.0,0.0,0.0,,,0.0,,0.788279070543,,PF,3500
2400.0,Drew,Gooden,10.7,6,PHO@WAS,WAS,PHO,GTD,Calf,0.0,0.0,14,0.0,0.0,0.0,0.0,0.0,0.0,0.0,0.0,0.0,0.0,0.0,0.0,0.0,0.0,0.0,,,0.0,,0.827079292319,,PF,3500
203915.0,Spencer,Dinwiddie,10.8,6,MIL@DET,DET,MIL,,,0.0,0.0,14,0.0,0.0,0.0,0.0,0.0,0.0,0.0,0.0,0.0,0.0,0.0,0.0,0.0,0.0,0.0,,,0.0,,0.843549742537,,PG,3500
203135.0,Robert,Sacre,3.4,1,LAL@ATL,LAL,ATL,,,0.0,0.0,14,0.0,0.0,0.0,0.0,0.0,0.0,0.0,0.0,0.0,0.0,0.0,0.0,0.0,0.0,0.0,,,0.0,,0.791501831316,,C,3500
2760.0,Anderson,Varejao,6.3,15,CLE@NO,CLE,NO,,,2.0,2.0,14,0.220355202066,0.0712679553331,0.0207369550848,0.288318176786,0.364678848733,0.568592446438,0.101592379764,0.214467541037,0.93327129517,0.587768761547,8.92121441675e-08,1.12397911693,0.202091336584,1.37762894889,4.0,5.26460230819e-11,3.20719517953e-24,2.95934043535,3.11323781531,2.39196235706,2.11122783479,C,3500
204028.0,Tarik,Black,9.3,8,LAL@ATL,LAL,ATL,,,0.0,0.0,14,0.0,0.0,0.0,0.0,0.0,0.0,0.0,0.0,0.0,0.0,0.0,0.0,0.0,0.0,0.0,,,0.0,,0.817652716967,,C,3500
203900.0,Markel,Brown,5.5,8,BKN@NY,BKN,NY,,,5.7,5.75,14,0.675391832455,0.122685316234,1.02758664212,0.623307720534,0.120337865347,0.325441062184,0.320594040627,0.349276965844,0.445778927531,0.862742639901,0.230653665557,2.57232087546,0.476697855619,2.43283680098,9.0,4.69416457761e-11,2.7328937036e-21,4.51814101058,4.83039527272,3.25932934309,3.30342808771,SG,3500
203948.0,Johnny,O'Bryant,9.1,17,MIL@DET,MIL,DET,,,5.7,6.25,14,0.450538627762,0.121938765383,0.0143759451999,0.661717801433,0.618339532381,0.992988855453,0.152654807164,0.416685781856,1.61132838783,0.964637473993,0.0039592653269,2.29510043362,0.414490444017,2.34772465733,9.0,6.45813271036e-08,4.07477881665e-18,5.08962802761,5.38051706747,3.4096393198,3.16342174929,C,3500
2592.0,James,Jones,5.1,18,CLE@NO,CLE,NO,,,11.9,13.0,14,0.594089310389,0.238047813117,3.70090837636,0.964805921186,0.172482974296,0.710287610595,0.306769024991,0.347822650686,0.882770584891,1.63954917072,1.421167002,4.45232052457,0.754444751722,5.45471009517,15.0,7.64469785937e-09,6.58130880574e-18,8.14697978815,9.0756131552,6.6931340222,7.72544070886,SF,3500
1626169.0,Stanley,Johnson,15.2,19,MIL@DET,DET,MIL,,,14.7,15.75,14,1.19836049092,0.205111005707,3.00057398588,1.7037745,0.982124722267,3.09234711008,0.77867883793,1.40077577283,4.07447183235,3.69549972476,0.94306300423,9.21079756686,1.24007314528,9.57413559904,23.0,0.00513143047053,2.97770572998e-09,16.8278464487,18.2111865835,9.073532542,9.31708106061,SF,3500
201202.0,Joel,Anthony,5.7,2,MIL@DET,DET,MIL,,,0.0,0.0,14,0.0,0.0,0.0,0.0,0.0,0.0,0.0,0.0,0.0,0.0,0.0,0.0,0.0,0.0,0.0,,,0.0,,0.897750024864,,C,3500
203909.0,K.J.,McDaniels,3.3,7,HOU@DAL,HOU,DAL,,,0.0,0.0,14,0.0,0.0,0.0,0.0,0.0,0.0,0.0,0.0,0.0,0.0,0.0,0.0,0.0,0.0,0.0,,,0.0,,0.831913088801,,SF,3500
201580.0,JaVale,McGee,10.9,4,HOU@DAL,DAL,HOU,,,0.0,0.0,14,0.0406348236628,0.232349663306,0.000552834624095,0.339197376669,0.301584678881,0.336885559556,0.0337652308502,0.223471716844,0.638470238437,0.592560838884,0.000540940872473,1.10721221967,0.200736813833,1.38639943247,3.0,1.60187276717e-12,1.6391048667e-25,2.52227402556,2.66620386634,2.41935310236,2.13504089219,C,3500
201156.0,Nick,Young,13.4,17,LAL@ATL,LAL,ATL,,,0.0,0.0,14,0.0,0.0,0.0,0.0,0.0,0.0,0.0,0.0,0.0,0.0,0.0,0.0,0.0,0.0,0.0,,,0.0,,0.602145604704,,SG,3500
101111.0,Charlie,Villanueva,11.4,17,HOU@DAL,DAL,HOU,,,6.2,6.75,14,0.237263884006,0.222384286408,2.02777071446,0.254228504661,0.259240192647,0.879134680338,0.144515747272,0.282671520166,1.13837487299,1.45580504048,0.633464354535,3.56874648942,0.157675763926,3.70275019942,7.0,2.60691627339e-08,5.03563759175e-21,5.87582442021,6.39081114031,4.66822578799,4.9955881844,PF,3500
203099.0,Jared,Cunningham,6.0,16,CLE@NO,CLE,NO,,,0.0,0.0,14,0.0,0.0,0.0,0.0,0.0,0.0,0.0,0.0,0.0,0.0,0.0,0.0,0.0,0.0,0.0,,,0.0,,0.720811312707,,SG,3500
201962.0,Toney,Douglas,12.5,16,CLE@NO,NO,CLE,,,0.0,0.0,14,0.0,0.0,0.0,0.0,0.0,0.0,0.0,0.0,0.0,0.0,0.0,0.0,0.0,0.0,0.0,,,0.0,,0.804059155331,,PG,3500
202714.0,Shelvin,Mack,9.1,8,LAL@ATL,ATL,LAL,,,0.0,0.0,14,0.0,0.0,0.0,0.0,0.0,0.0,0.0,0.0,0.0,0.0,0.0,0.0,0.0,0.0,0.0,,,0.0,,0.877559467951,,PG,3500
202711.0,Bojan,Bogdanovic,13.1,18,BKN@NY,BKN,NY,,,18.4,19.75,14,0.588432381923,0.0254362048363,2.3282395395,0.907645457968,0.351669348608,1.93342220482,0.469732742224,0.959790824898,2.28509155343,2.68292595157,0.705673279978,6.08924422065,0.668236097074,6.73976128019,19.0,4.06836389138e-05,3.65498695491e-14,10.3950667864,11.342114442,6.63751522801,6.77423636742,SF,3500
203501.0,Tim,Hardaway Jr.,5.0,4,LAL@ATL,ATL,LAL,,,0.0,0.0,14,0.0,0.0,0.0,0.0,0.0,0.0,0.0,0.0,0.0,0.0,0.0,0.0,0.0,0.0,0.0,,,0.0,,0.573187568624,,SG,3500
202498.0,Lance,Thomas,9.2,19,BKN@NY,NY,BKN,,,11.4,13.0,14,0.66645659261,0.0802358592291,1.32449272183,1.79772726712,0.799211540606,1.19862181422,0.321116640415,0.961469255466,1.99783335482,2.75392068123,0.426703402844,6.36145982037,1.50449919023,7.43904395553,22.0,1.65472837405e-05,4.31137233249e-14,10.6773646141,11.4713674319,6.95585594652,6.83324157587,SF,3500
2756.0,Sasha,Vujacic,9.1,14,BKN@NY,NY,BKN,,,0.0,0.0,14,0.0,0.0,0.0,0.0,0.0,0.0,0.0,0.0,0.0,0.0,0.0,0.0,0.0,0.0,0.0,,,0.0,,0.759620793523,,SG,3500
202708.0,Norris,Cole,13.3,2,CLE@NO,NO,CLE,,,7.0,7.0,14,2.08720003393,0.0893887117543,2.01865482365,0.997399077528,0.0835262003001,0.437058651947,0.366144814423,0.845463961971,0.520584852247,1.92545485709,0.487601020736,5.51970390012,0.644287126642,4.98279786155,16.0,9.47532286901e-06,2.46136097113e-15,8.80390282553,9.49647877248,5.69789017074,5.83774235333,PG,3500
101187.0,Alan,Anderson,0.0,0,PHO@WAS,WAS,PHO,O,Ankle,0.0,0.0,14,0.0,0.0,0.0,0.0,0.0,0.0,0.0,0.0,0.0,0.0,0.0,0.0,0.0,0.0,0.0,,,0.0,,0.577654934554,,SG,3500
203382.0,Aron,Baynes,10.0,19,MIL@DET,DET,MIL,,,2.7,2.75,14,0.495762749196,0.26865072824,0.0469830015581,0.923385526739,1.29635466839,1.69973941609,0.182973398887,0.703863849993,2.99609408448,1.72717057267,0.00564243695332,3.54430815001,0.717763470321,4.17774705261,12.0,7.81169573288e-05,1.23467668829e-14,8.71608848204,9.22076350517,4.90754484276,4.54975079443,C,3500
203934.0,Lamar,Patterson,8.0,15,LAL@ATL,ATL,LAL,,,-1.0,-0.5,14,0.6081769395,0.046129870227,0.822371653271,0.490029270017,0.113053995658,0.69753680626,0.164493367894,0.337664330969,0.810590801918,0.425668637315,0.199738424586,1.29132072903,0.335307920143,1.38638361936,6.0,4.95159545158e-11,5.09578689426e-20,3.35494013618,3.66417105413,2.34139800931,2.46463462477,SG,3500
1626257.0,Salah,Mejri,2.2,5,HOU@DAL,DAL,HOU,,,0.0,0.0,14,0.0,0.0,0.0,0.0,0.0,0.0,0.0,0.0,0.0,0.0,0.0,0.0,0.0,0.0,0.0,,,0.0,,0.871664190769,,C,3500
203098.0,John,Jenkins,5.6,8,HOU@DAL,DAL,HOU,,,0.0,0.0,14,0.0,0.0,0.0,0.0,0.0,0.0,0.0,0.0,0.0,0.0,0.0,0.0,0.0,0.0,0.0,,,0.0,,0.590840689842,,SG,3500
203101.0,Miles,Plumlee,4.1,15,MIL@DET,MIL,DET,,,0.0,0.0,14,0.0,0.0,0.0,0.0,0.0,0.0,0.0,0.0,0.0,0.0,0.0,0.0,0.0,0.0,0.0,,,0.0,,0.871655208342,,C,3500
203200.0,Justin,Holiday,7.5,14,LAL@ATL,ATL,LAL,,,0.0,0.0,14,0.0,0.0,0.0,0.0,0.0,0.0,0.0,0.0,0.0,0.0,0.0,0.0,0.0,0.0,0.0,,,0.0,,0.749383624788,,SG,3500
202690.0,Jimmer,Fredette,1.1,4,CLE@NO,NO,CLE,,,0.0,0.0,14,0.0,0.0,0.0,0.0,0.0,0.0,0.0,0.0,0.0,0.0,0.0,0.0,0.0,0.0,0.0,,,0.0,,0.716480655305,,SG,3500
203124.0,Kyle,O'Quinn,12.3,17,BKN@NY,NY,BKN,,,0.0,0.0,14,0.0,0.0,0.0,0.0,0.0,0.0,0.0,0.0,0.0,0.0,0.0,0.0,0.0,0.0,0.0,,,0.0,,0.990582844363,,C,3500
203527.0,Ryan,Kelly,11.2,6,LAL@ATL,LAL,ATL,,,0.0,0.0,14,0.0,0.0,0.0,0.0,0.0,0.0,0.0,0.0,0.0,0.0,0.0,0.0,0.0,0.0,0.0,,,0.0,,0.777282627425,,SF,3500
101236.0,Chuck,Hayes,6.8,2,HOU@DAL,HOU,DAL,,,0.0,0.0,14,0.0,0.0,0.0,0.0,0.0,0.0,0.0,0.0,0.0,0.0,0.0,0.0,0.0,0.0,0.0,,,0.0,,0.809432383888,,C,3500
202682.0,Derrick,Williams,12.1,18,BKN@NY,NY,BKN,,,10.0,10.0,14,0.7587034288,0.187482360482,1.95346584909,3.43956307099,0.564955562854,1.5822326376,0.566898022231,0.751601477687,2.14718820046,2.73775077475,0.541216196233,6.57061563432,2.50177749077,8.51849523651,17.0,3.86534575689e-05,3.60242555228e-13,12.990335508,13.7441617352,7.16489475071,7.16807411222,PF,3500
1626199.0,Darrun,Hilliard,4.9,2,MIL@DET,DET,MIL,,,0.0,0.0,14,0.0,0.0,0.0,0.0,0.0,0.0,0.0,0.0,0.0,0.0,0.0,0.0,0.0,0.0,0.0,,,0.0,,0.807594211164,,SG,3500
202337.0,Luke,Babbitt,11.7,13,CLE@NO,NO,CLE,,,0.0,0.0,14,0.179851026803,0.0624430116803,0.807369348669,0.172171653914,0.0816673443933,0.552060618076,0.0514691544383,0.119974185617,0.633727962469,0.508059470921,0.313427497701,1.22751199816,0.124201499276,1.45374793882,5.0,9.10402664718e-12,7.54488746014e-26,2.59184818061,2.8402354204,2.4571653782,2.68259672485,SF,3500
202388.0,Donald,Sloan,3.7,2,BKN@NY,BKN,NY,,,-1.0,-0.5,14,0.581204011148,0.00151137993247,0.398207739547,0.278107874742,0.0588898803043,0.0594423872709,0.113441694635,0.244724912554,0.118332267575,0.448912324134,0.121309381939,1.21114890336,0.221839563171,1.24097359338,4.0,1.10114025393e-12,2.43307771439e-28,2.23995956777,2.4288933284,2.15605235509,2.14047843047,PG,3500
201582.0,Alexis,Ajinca,10.6,16,CLE@NO,NO,CLE,,,0.0,0.0,14,0.0,0.0,0.0,0.0,0.0,0.0,0.0,0.0,0.0,0.0,0.0,0.0,0.0,0.0,0.0,,,0.0,,0.905121791551,,C,3500
203925.0,Joe,Harris,1.7,5,CLE@NO,CLE,NO,,,0.0,0.0,14,0.0,0.0,0.0,0.0,0.0,0.0,0.0,0.0,0.0,0.0,0.0,0.0,0.0,0.0,0.0,,,0.0,,0.60401784843,,SG,3500
203118.0,Mike,Scott,8.7,19,LAL@ATL,ATL,LAL,,,21.1,22.25,14,1.4980890684,0.149838821197,2.31907251577,1.46700525339,0.81340751547,1.41190999739,0.246750085177,0.827837715816,2.22531751286,2.95623627548,0.795749985352,6.51975116209,1.18516698925,7.89338952556,17.0,4.65175156096e-05,1.81849658767e-10,12.7762442405,13.6993737436,7.13002591243,7.27309844687,SF,3500
203955.0,Bryce,Cotton,0.0,0,PHO@WAS,PHO,WAS,,,0.0,0.0,14,0.0,0.0,0.0,0.0,0.0,0.0,0.0,0.0,0.0,0.0,0.0,0.0,0.0,0.0,0.0,,,0.0,,0.712676905194,,PG,3500
203462.0,Archie,Goodwin,7.8,11,PHO@WAS,PHO,WAS,,,0.0,0.0,14,0.0,0.0,0.0,0.0,0.0,0.0,0.0,0.0,0.0,0.0,0.0,0.0,0.0,0.0,0.0,,,0.0,,0.762858901274,,PG,3500
1897.0,Metta,World Peace,12.3,14,LAL@ATL,LAL,ATL,,,8.1,8.75,14,0.669289030959,0.276943899258,1.85451921618,0.857252238909,0.504614235486,1.13442451285,0.636047124242,0.458413900163,1.63903874834,1.52405592898,0.655162194756,4.14598262044,0.598632888735,4.30190694145,13.0,9.04242588519e-07,3.96540997163e-15,8.64025513273,9.27899647397,4.90644104608,5.23710898057,SF,3500
1626204.0,Larry,Nance Jr.,9.5,13,LAL@ATL,LAL,ATL,,,16.4,16.75,14,0.862211395985,0.212060903875,0.291370144394,0.777583191685,1.22773435933,2.99570217917,0.566719132633,0.888191226136,4.2234365385,2.20052091546,0.0923580390493,4.61340196667,0.566463506536,5.0598633765,20.0,0.00156273861432,4.56515904148e-11,12.0906731636,12.7944637311,5.78779701968,5.45356408411,PF,3500
202087.0,Alonzo,Gee,10.3,19,CLE@NO,NO,CLE,,,4.7,5.25,14,0.53329027801,0.133710385771,0.572507265119,0.585303769559,0.515884439268,1.14711190732,0.575523433557,0.59225032315,1.66299634659,1.12278464476,0.124430257253,2.49208585508,0.435268034542,2.80526758131,13.0,2.16449838453e-07,2.09487307966e-16,6.42701592974,6.86850636195,3.52302657941,3.30179963679,SF,3500
1626149.0,Montrezl,Harrell,7.0,14,HOU@DAL,HOU,DAL,,,7.1,7.25,14,0.377658539125,0.381809996312,0.126753528535,1.50931164262,0.92720188436,1.49474951322,0.378246637011,0.697082218131,2.42195139758,1.66382192585,0.0349090659114,3.16964404682,0.917631483035,4.28018440065,13.0,1.68035647242e-05,6.06455381285e-16,8.57604493495,9.0631633522,4.65202323049,4.27315990942,PF,3500
2734.0,Devin,Harris,15.1,18,HOU@DAL,DAL,HOU,,,15.2,16.25,14,2.10555056369,0.25048661455,2.32372513893,2.24986209093,0.28468155796,1.38230481721,0.943871657464,1.05296806908,1.66698637517,2.55287404452,0.620953844457,5.88674672103,1.55953310557,7.28623503906,20.0,2.79177846742e-05,2.49157967464e-10,13.7806930097,14.7010451627,6.55069278372,6.64430347994,SG,3500
202066.0,Garrett,Temple,10.5,14,PHO@WAS,WAS,PHO,,,13.1,13.75,14,2.33797329558,0.275599427917,4.39857064163,3.39329951524,1.02849208477,2.75337859531,1.85423155807,1.37293842139,3.78187068009,3.15125511752,1.27483683108,8.9100790347,2.34103094652,9.91837801265,35.0,0.00341464675681,6.25959999027e-07,20.8503063227,22.368411331,9.11659416796,9.85228691165,PG,3500
203142.0,Chris,Copeland,4.1,15,MIL@DET,MIL,DET,,,0.0,0.0,14,0.0,0.0,0.0,0.0,0.0,0.0,0.0,0.0,0.0,0.0,0.0,0.0,0.0,0.0,0.0,,,0.0,,0.624420197812,,SF,3500
1626147.0,Justin,Anderson,4.1,15,HOU@DAL,DAL,HOU,,,0.0,0.0,14,0.0,0.0,0.0,0.0,0.0,0.0,0.0,0.0,0.0,0.0,0.0,0.0,0.0,0.0,0.0,,,0.0,,0.780381150693,,SF,3500
1626148.0,Anthony,Brown,2.3,3,LAL@ATL,LAL,ATL,,,0.0,0.0,14,0.0,0.0,0.0,0.0,0.0,0.0,0.0,0.0,0.0,0.0,0.0,0.0,0.0,0.0,0.0,,,0.0,,0.787319822327,,SF,3500
1626173.0,Rashad,Vaughn,4.6,12,MIL@DET,MIL,DET,,,2.0,2.0,14,0.344328971263,0.27644923823,1.86096614168,0.417442385746,0.352182211506,1.06631453914,0.331167423614,0.656802063762,1.41849675064,1.54308309052,0.608904849529,3.9999829847,0.32319195444,4.018262985,11.0,2.20052568409e-07,1.8745617403e-18,6.7953838026,7.49916242685,4.80654254676,5.0890685258,SG,3500
,Martell,Webster,0.0,0,PHO@WAS,WAS,PHO,O,Hip,0.0,0.0,14,0.0,0.0,0.0,0.0,0.0,0.0,0.0,0.0,0.0,0.0,0.0,0.0,0.0,0.0,0.0,,,0.0,,0.732656698561,,SF,3500
201971.0,DeJuan,Blair,4.6,6,PHO@WAS,WAS,PHO,,,11.8,12.0,14,0.443504116928,0.0909542075072,0.00641474200487,0.650661386764,1.16486321191,1.08060683281,0.447739816538,0.787899438682,2.24547004472,1.42982064899,1.17897411257e-06,3.11529208307,0.374528992117,3.23417146907,10.0,3.4792381541e-06,3.95534560767e-16,6.88348030754,7.38970933746,4.37584521023,4.06030363157,C,3500
204002.0,Walter,Tavares,1.3,3,LAL@ATL,ATL,LAL,,,0.0,0.0,14,0.0,0.0,0.0,0.0,0.0,0.0,0.0,0.0,0.0,0.0,0.0,0.0,0.0,0.0,0.0,,,0.0,,0.886898970594,,C,3500
203996.0,Damien,Inglis,4.3,5,MIL@DET,MIL,DET,,,0.0,0.0,14,0.0,0.0,0.0,0.0,0.0,0.0,0.0,0.0,0.0,0.0,0.0,0.0,0.0,0.0,0.0,,,0.0,,0.829738069957,,SF,3500
2581.0,Steve,Blake,9.1,15,MIL@DET,DET,MIL,,,6.7,7.25,14,2.9183250186,0.0982730875061,2.31845547009,0.171448147912,0.142090041232,0.790260241759,0.480625104797,1.26978250402,0.932350282991,1.19896159779,0.626673940848,3.62061575325,0.122359740328,3.14695687675,15.0,4.40551897297e-05,2.59483462987e-12,8.53127862482,9.52619044419,4.58720716994,5.04608344965,PG,3500
203089.0,John,Henson,14.3,15,MIL@DET,MIL,DET,,,17.6,18.75,14,0.666941660772,1.44081113437,0.000661349125907,1.98447431983,1.70740895992,1.78030069851,0.357930479817,1.19174698102,3.48770965843,2.5266913194,9.26470897046e-05,4.39775694889,1.21719112852,6.2706664144,15.0,0.000766833309457,2.2154574171e-09,13.862066743,14.6335222966,6.16145306866,5.66808849506,PF,3500
203928.0,Cory,Jefferson,4.4,2,PHO@WAS,PHO,WAS,,,0.0,0.0,14,0.0,0.0,0.0,0.0,0.0,0.0,0.0,0.0,0.0,0.0,0.0,0.0,0.0,0.0,0.0,,,0.0,,0.784384801507,,PF,3500
203493.0,Reggie,Bullock,1.4,10,MIL@DET,DET,MIL,,,0.0,0.0,14,0.0,0.0,0.0,0.0,0.0,0.0,0.0,0.0,0.0,0.0,0.0,0.0,0.0,0.0,0.0,,,0.0,,0.529679417499,,SF,3500
1626162.0,Kelly,Oubre,4.8,11,PHO@WAS,WAS,PHO,,,0.0,0.0,14,0.114973156375,0.0227118302786,0.456067383355,0.39907816381,0.0421007526248,0.482810452741,0.0663408697842,0.142809662579,0.524911205366,0.453105788703,0.10849222155,1.19503405104,0.268884405367,1.28358820432,3.0,4.15725320083e-13,4.18300022444e-29,2.12123712287,2.2731336252,2.16543741889,2.1230095974,SF,3500
200811.0,Louis,Amundson,6.1,9,BKN@NY,NY,BKN,,,4.4,4.5,14,0.217221911791,0.192216406136,0.00221256655448,0.413951996434,0.405505548888,0.488137634323,0.108269296882,0.210757902842,0.89364318321,0.432462074732,1.40210729786e-06,0.990966227627,0.185194186004,1.05011973757,4.0,1.02037451221e-11,7.03078780934e-25,2.83853792831,2.98859973996,2.11503792863,1.92474487463,PF,3500
203080.0,Thomas,Robinson,10.0,18,BKN@NY,BKN,NY,,,18.6,19.5,14,0.370764140977,0.617669050426,0.0148210705481,1.43415754365,1.86110212914,2.60173523906,0.491535588056,1.06898624537,4.4628373682,2.14557481431,0.000362187164517,4.11755666198,0.692343353575,4.98385516936,14.0,0.00203104485858,2.89828261807e-12,12.0448292543,12.8056919062,5.65560761822,5.24277919581,PF,3500
201229.0,Anthony,Tolliver,10.0,18,MIL@DET,DET,MIL,,,21.5,22.75,14,0.830653298236,0.331623104506,4.14732660647,0.792043034193,0.749133171515,2.2632939734,0.495256247942,0.365638040632,3.01242714492,1.9592219534,1.44746527648,5.43809141571,0.468840790323,5.8347499736,23.0,0.0002716436234,5.55825660348e-12,11.9837631591,13.0413436404,7.32816468852,8.3845245417,PF,3500
1626170.0,Jerian,Grant,12.4,19,BKN@NY,NY,BKN,,,11.1,12.75,14,2.68634891408,0.0879207852384,0.974351866123,1.98906463135,0.256400388335,1.89295000531,0.521122033652,1.29078703366,2.14935039364,2.11621083164,0.190105483844,5.09940936686,1.64516007069,6.06768721781,18.0,0.000123896010341,8.82727456247e-09,12.6037296654,13.4518293143,5.84995509413,5.629215839,PG,3500
203921.0,Cleanthony,Early,2.1,7,BKN@NY,NY,BKN,,,0.0,0.0,14,0.0,0.0,0.0,0.0,0.0,0.0,0.0,0.0,0.0,0.0,0.0,0.0,0.0,0.0,0.0,,,0.0,,0.713899254544,,SF,3500
203508.0,Sergey,Karasev,2.1,8,BKN@NY,BKN,NY,,,0.0,0.0,14,0.474387765509,0.0236741536401,0.797425833328,0.535611641304,0.192512695844,0.374911864398,0.250588442548,0.36518582624,0.567424560242,0.640997985156,0.200445611237,1.75677930549,0.441469045463,1.92391062701,8.0,4.76056453814e-12,4.17614204652e-22,3.4997411137,3.81092806046,2.69592668774,2.73378581249,SF,3500
203898.0,Tyler,Ennis,7.3,9,MIL@DET,MIL,DET,,,0.0,0.0,14,0.0,0.0,0.0,0.0,0.0,0.0,0.0,0.0,0.0,0.0,0.0,0.0,0.0,0.0,0.0,,,0.0,,0.825984052599,,PG,3500
201603.0,Sonny,Weems,3.9,10,PHO@WAS,PHO,WAS,,,0.0,0.0,14,0.0,0.0,0.0,0.0,0.0,0.0,0.0,0.0,0.0,0.0,0.0,0.0,0.0,0.0,0.0,,,0.0,,0.737219791634,,SF,3500
1626155.0,Sam,Dekker,1.1,3,HOU@DAL,HOU,DAL,O,Back,0.0,0.0,14,0.0,0.0,0.0,0.0,0.0,0.0,0.0,0.0,0.0,0.0,0.0,0.0,0.0,0.0,0.0,,,0.0,,0.824869165214,,SF,3500
101179.0,Ronnie,Price,7.9,17,PHO@WAS,PHO,WAS,,,14.0,15.5,14,2.92827500012,0.174522301883,2.71487806193,0.699487542718,0.26286930361,0.721160732067,1.21106094345,1.0732721459,0.984030035678,1.62643499059,0.849887384494,4.43032039989,0.5720840064,4.67484137206,19.0,0.0001225653218,8.83691338425e-11,11.9459842598,12.9569493751,5.54594188123,6.10156547526,PG,3500
201600.0,Omer,Asik,7.0,12,CLE@NO,NO,CLE,,,16.5,17.25,14,0.542166483236,0.596956069483,5.18361544178e-05,2.96847755558,2.21423030328,4.50418213265,0.444190818703,1.45955397174,6.71841243593,1.63718449912,2.45413664103e-06,3.67408534456,1.73354934766,5.00792080004,25.0,0.0168443457098,2.26794150298e-11,14.5060052526,15.596970606,5.22884384637,4.94459698479,C,3500
200745.0,Andrea,Bargnani,8.0,17,BKN@NY,BKN,NY,O,Hamstring,0.0,0.0,14,0.0,0.0,0.0,0.0,0.0,0.0,0.0,0.0,0.0,0.0,0.0,0.0,0.0,0.0,0.0,,,0.0,,0.631208647457,,C,3500
201168.0,Tiago,Splitter,11.7,14,LAL@ATL,ATL,LAL,GTD,Hip,0.0,0.0,14,0.0,0.0,0.0,0.0,0.0,0.0,0.0,0.0,0.0,0.0,0.0,0.0,0.0,0.0,0.0,,,0.0,,0.827119822022,,C,3500
1626273.0,Marcelo,Huertas,9.7,8,LAL@ATL,LAL,ATL,,,0.0,0.0,14,0.0,0.0,0.0,0.0,0.0,0.0,0.0,0.0,0.0,0.0,0.0,0.0,0.0,0.0,0.0,,,0.0,,0.966956516481,,PG,3500
201619.0,Sasha,Kaun,1.7,4,CLE@NO,CLE,NO,,,0.0,0.0,14,0.0,0.0,0.0,0.0,0.0,0.0,0.0,0.0,0.0,0.0,0.0,0.0,0.0,0.0,0.0,,,0.0,,0.898056771046,,C,3500
2570.0,Kendrick,Perkins,9.5,3,CLE@NO,NO,CLE,O,Pectoral,0.0,0.0,14,0.0,0.0,0.0,0.0,0.0,0.0,0.0,0.0,0.0,0.0,0.0,0.0,0.0,0.0,0.0,,,0.0,,0.785342715413,,C,3500
201967.0,Dante,Cunningham,11.7,19,CLE@NO,NO,CLE,,,23.1,24.0,14,1.23224618729,0.630999594134,1.91422853035,0.888384150907,1.62280438403,4.75409603681,0.879005039651,0.931065228391,6.37690042084,3.46795771081,0.517041282057,7.50921311966,0.447270099973,7.90022680366,37.0,0.0455271705712,3.48463006775e-08,19.4898206288,20.6010097655,7.84537863476,7.71055537964,PF,3500
202390.0,Gary,Neal,12.9,14,PHO@WAS,WAS,PHO,,,18.7,21.0,14,1.12159104318,0.00554582817997,2.48664585488,1.5777872885,0.211892338035,1.36650184389,0.438522784079,1.04298899689,1.57839418192,3.48011719216,1.00971642129,8.01233796818,1.4721547013,9.44210550691,20.0,3.65639638676e-06,1.09617225596e-12,12.8637133176,13.9689912204,8.3071063748,8.52578424293,SG,3500
2210.0,Richard,Jefferson,11.2,18,CLE@NO,CLE,NO,,,8.8,9.0,14,0.66054254284,0.155167979132,1.61637569686,0.965461224617,0.196384021924,0.65292983366,0.36877355785,0.530740152894,0.849313855583,1.51168594251,0.600782146739,3.45383163659,0.611887158132,4.23604118988,14.0,2.65920079648e-09,5.83079866608e-18,6.76317455191,7.3714013985,4.57533163099,4.80019760354,SF,3500
