NBA_ID,First Name,Last Name,FPPG,Played,Game,Team,Opp,Status,Injury Details,Actual_FD,Actual_DK,Actual_MIN,AST,BLK,FG3A,FTA,OREB,DREB,STL,TOV,REB,FGM,FG3M,FGA,FTM,PTS,MIN,DD,TD,FD,DK,FD_std,DK_std,fd_Pos,fd_Salary
201566.0,Russell,Westbrook,60.3,2,DEN@OKC,OKC,DEN,,,39.8,42.75,0,6.07711223466,0.181824984742,3.26393871752,6.26373116625,1.5232414036,2.07700677927,1.45718226509,3.26953228951,3.60024818287,7.33875196811,1.0255979337,16.0525107464,5.20836917426,20.9114710442,25.0,0.0920388163563,0.000354845634898,34.3559194258,36.822619708,15.5879281967,15.5377666755,PG,11200
201142.0,Kevin,Durant,46.3,2,DEN@OKC,OKC,DEN,,,34.9,37.5,0,2.74723340557,0.72802315197,4.79319598279,5.71240572323,0.392487836062,2.11326951876,0.554789669999,1.86633486172,2.50575735482,7.17998661799,1.92042046399,14.4012409267,5.14433994526,21.4247336452,28.0,0.000842037698568,1.59169661514e-07,29.2517833616,31.2717124262,14.1294637839,14.5691252406,SF,10400
201935.0,James,Harden,37.6,2,HOU@MIA,HOU,MIA,,,36.7,39.5,0,6.89414757295,1.02638881845,8.85901009437,10.7487475249,1.00409686393,2.8819957539,2.03490026187,4.17832205497,3.88609261783,6.66698771744,2.01945867216,18.9930613011,9.34075681898,24.694190926,39.0,0.156440447576,0.00101768944099,41.6429795325,45.1738882667,17.1770303766,18.390640006,SG,10400
202328.0,Greg,Monroe,43.7,2,MIL@TOR,MIL,TOR,,,32.7,34.0,0,2.45210174372,0.711152832212,0.000518520229272,4.54855238301,3.03855141948,3.36269448968,1.17256840905,1.63757791499,6.40124590916,5.8092549538,3.23603221929e-07,11.0268888684,3.53143771841,15.1499479496,28.0,0.104157988436,2.48397882537e-05,28.6394602237,29.9346231405,12.8330369301,12.3547036157,C,8300
2730.0,Dwight,Howard,20.4,1,HOU@MIA,HOU,MIA,O,Back,0.0,0.0,0,0.0,0.0,0.0,0.0,0.0,0.0,0.0,0.0,0.0,0.0,0.0,0.0,0.0,0.0,0.0,,,0.0,,0.881551474144,,C,8200
201942.0,DeMar,DeRozan,41.7,2,MIL@TOR,TOR,MIL,,,24.2,25.25,0,4.41541460704,0.259525332847,1.9301353067,8.97065270862,0.565524900414,2.07705186611,1.44669547199,2.39487030018,2.64257676652,6.92952593779,0.552003017685,16.6079611648,6.96220822711,21.3732631204,37.0,0.0154179240195,6.42698387029e-06,32.1850484602,33.8137601245,16.7844066038,16.5798964833,SG,8200
203506.0,Victor,Oladipo,45.4,2,ORL@CHI,ORL,CHI,,,34.1,35.25,0,4.84285543636,0.717566010203,5.37739728568,3.53221134827,0.839594266094,3.71618560602,1.97804308326,2.57478219221,4.55577987211,6.70886027752,1.52853573414,17.3458783923,2.89753353864,17.8437898278,39.0,0.0427106206072,0.000465127197647,33.3914448236,35.7363540929,15.575014754,16.0549411594,SG,8100
2547.0,Chris,Bosh,33.0,2,HOU@MIA,MIA,HOU,,,23.6,25.0,0,1.34074258722,0.576688452175,2.9817567679,3.33035430283,0.591302862072,2.64718849866,0.629634653968,1.06850749779,3.23849136073,5.09426242097,1.22372138099,11.4108436274,2.70295077428,14.1151969972,25.0,0.00163814267976,2.52241557342e-09,21.3566392254,22.6671354544,11.3351181019,11.5035702634,PF,8000
977.0,Kobe,Bryant,26.8,2,DAL@LAL,LAL,DAL,,,21.5,23.25,0,4.18254332733,0.129145681785,6.47258977423,5.87257570363,0.906343591555,1.48619663569,1.06289417194,2.9090487332,2.39254022725,6.54482299571,1.59541485582,18.118668998,5.00639250197,19.6914533492,31.0,0.0107643183605,2.08126777148e-06,28.3113475872,30.6993591144,15.9744657996,16.6495238258,SG,7900
202696.0,Nikola,Vucevic,35.4,2,ORL@CHI,ORL,CHI,,,37.7,42.25,0,1.86659201917,1.75984591372,0.04672972366,3.22250825482,2.89136633519,4.3296640945,0.982912414628,2.27167048459,7.2210304297,7.88609826931,0.0155377820176,14.9380716766,2.51989393447,18.3076282551,35.0,0.185901832291,7.88133346397e-06,32.9865989716,34.7701310188,16.5644691141,16.0658489723,C,7900
2200.0,Pau,Gasol,30.2,3,ORL@CHI,CHI,ORL,,,30.1,31.0,0,1.93196555839,1.33759283914,0.443436624942,2.71095155871,1.94949186491,3.41812754067,0.44350339891,1.61688495006,5.36761940558,5.3758496399,0.0678144481465,10.5459899284,2.28505767363,13.1045714016,24.0,0.0388884983523,1.41698775748e-06,24.3889705519,25.5580382198,11.7962259129,11.3295815328,PF,7900
202710.0,Jimmy,Butler,38.0,3,ORL@CHI,CHI,ORL,,,38.3,38.5,0,2.9837914845,0.525956477965,2.50303335428,6.6174768102,0.999803120277,3.08920179937,1.99804686132,0.972845681352,4.08900491965,5.42248092189,1.05677119287,11.9115508815,5.52680805141,17.4285410881,33.0,0.0100000669199,9.93616382058e-06,30.8861952156,32.1204838076,12.2133491689,12.2262007375,SG,7800
200768.0,Kyle,Lowry,38.8,2,MIL@TOR,TOR,MIL,,,38.5,39.75,0,5.90481259814,0.316783254027,3.97774769882,4.50098626967,0.846748661293,1.62209988088,1.79084432967,2.25797328034,2.46884854217,4.8936301595,1.30905802878,11.7704577756,3.72981561411,14.8261339619,29.0,0.0687025409843,1.84968501052e-05,28.6032529968,30.6133203805,11.4912767202,11.8810075305,PG,7700
201565.0,Derrick,Rose,21.0,3,ORL@CHI,CHI,ORL,,,23.4,25.25,0,5.42597326232,0.211997684598,3.91806067578,3.37387964624,0.479558938742,1.79495885596,0.593916913796,3.35655849206,2.27451779471,5.8124748829,1.0181112026,15.0164404641,2.90523659444,15.5482975628,32.0,0.0454137424075,5.96631711048e-06,24.6719495147,27.0411487643,13.7494857197,13.9174694932,PG,7500
202355.0,Hassan,Whiteside,24.0,2,HOU@MIA,MIA,HOU,,,51.5,55.25,0,0.538496364443,3.67746694802,0.029315578152,3.86333691266,3.05957905891,6.51467714664,0.940441567356,2.03167823544,9.57425620554,6.69172246041,0.00807377409806,10.7234427059,2.02544172918,15.4169604241,34.0,0.447934925245,0.00206319426916,34.9179512127,37.0946319984,12.5510219314,11.8916310535,C,7400
203901.0,Elfrid,Payton,31.1,2,ORL@CHI,ORL,CHI,,,8.7,10.25,0,4.32176104705,0.201854139279,1.04408202686,1.34932663922,1.0318144947,1.41000308349,0.939860594816,1.54413079171,2.44181757818,2.73718776381,0.3297221834,6.82261116243,0.833161877079,6.63725958809,22.0,0.00381525965856,8.65285757923e-07,16.789380929,17.8541237808,7.3030767227,7.15049157903,PG,7400
202699.0,Tobias,Harris,35.9,2,ORL@CHI,ORL,CHI,,,19.4,21.25,0,1.46956638379,0.375966124396,2.10890851931,2.78835420964,1.2831805951,1.53769927604,0.390655560587,1.50422272938,2.82087987113,4.31502654657,0.653069052289,9.42880608012,2.14715927675,11.4302814222,22.0,0.000500386149712,1.70822123053e-09,17.0487074838,18.2691479526,9.69833727797,9.58685662544,SF,7100
2548.0,Dwyane,Wade,32.7,2,HOU@MIA,MIA,HOU,,,37.4,39.0,0,5.2514908668,0.493771796907,1.68422466272,6.47930536943,0.756165521105,1.66408747264,1.31116381303,3.37204313992,2.42025299375,8.11776941613,0.683398636935,17.4747783409,5.56781061531,22.4867480845,33.0,0.0417834638969,9.00234027504e-06,33.5061160572,35.7175517981,17.7753706204,17.5051277221,SG,7100
201951.0,Ty,Lawson,23.1,2,HOU@MIA,HOU,MIA,,,13.8,15.5,0,7.93003435504,0.212599332244,2.52339602887,5.36687420876,0.346883062481,1.99719909427,0.904616605998,2.64108913396,2.34408215675,4.14492255507,0.994236622608,10.500820551,3.87622705819,13.1603087909,37.0,0.225334583014,3.76926234822e-05,27.4616016541,29.7345835926,10.5575343756,10.7239820749,PG,7100
202718.0,Chandler,Parsons,26.5,66,DAL@LAL,DAL,LAL,GTD,Knee,12.1,12.25,0,1.05547571985,0.0984211383322,1.8179842935,0.978236231333,0.323750133888,0.5319940312,0.421777370682,0.49635474251,0.855744165087,2.01989878817,0.664273160266,4.63207719987,0.705777417353,5.40984815396,12.0,3.76303810225e-08,8.78003746561e-16,8.56399700736,9.18709822344,5.49840991254,5.67870388843,SF,7000
203487.0,Michael,Carter-Williams,33.9,2,MIL@TOR,MIL,TOR,,,28.5,31.75,0,6.85567291482,0.536119364529,2.82776948979,4.36953419773,0.990177941534,2.24402667864,1.53996984518,3.9689901855,3.23420462017,5.29279580115,0.720321368261,13.4866555757,3.40729757852,14.7132105491,33.0,0.139153436224,0.000262018511527,29.0609536994,31.7768359172,12.8556386412,12.8409408118,PG,7000
202702.0,Kenneth,Faried,32.4,2,DEN@OKC,DEN,OKC,,,14.9,15.5,0,0.593708058443,0.567724231859,0.0353908599358,1.99921382318,1.77900301024,2.01875236639,0.409701466293,0.85096643128,3.79775537663,2.64815953697,0.00431633546582,4.98994031671,1.22127872138,6.52191413079,14.0,0.00151239519819,2.22813893969e-12,13.0736676354,13.6934653804,6.61004355701,6.16887002921,PF,6900
201586.0,Serge,Ibaka,22.5,2,DEN@OKC,OKC,DEN,,,41.4,42.25,0,1.10518045888,2.49996464866,2.0045544135,1.62948854385,2.33237063262,3.04981186434,0.392960827434,1.60083577349,5.38218249696,5.3418132211,0.6632839636,11.2077302883,1.33560217382,12.6825125796,31.0,0.0378515341332,1.04462034431e-05,24.983917443,26.4418950762,11.3737419345,11.1785544394,PF,6900
101114.0,Deron,Williams,25.9,1,DAL@LAL,DAL,LAL,GTD,Knee,28.0,29.25,0,7.15046366055,0.187156032079,3.55148537042,2.67501806839,0.312931460634,1.33425633333,0.882235453102,2.0042690862,1.64718779396,4.80977964502,1.41993863268,11.4924137753,2.22600892931,13.265506852,31.0,0.149796414576,1.37672751355e-06,26.1023415798,28.121503581,11.1848357466,11.5761974942,PG,6900
202683.0,Enes,Kanter,25.7,2,DEN@OKC,OKC,DEN,,,19.5,24.5,0,0.426767382368,0.265489682453,0.257085242057,1.74873959923,2.73396825554,3.2218793998,0.218253241383,1.5410778111,5.95584765534,4.31104453871,0.0912915601485,8.09582264378,1.35292610908,10.0663067466,18.0,0.0494673369399,1.87598249172e-12,17.2798830432,18.468061117,9.51942305729,9.05323712746,C,6800
203903.0,Jordan,Clarkson,25.1,2,DAL@LAL,LAL,DAL,,,16.5,17.5,0,3.37552063367,0.531584559643,2.67615912742,3.01766078393,0.725723617684,1.51731748826,0.906231988342,1.84555161969,2.24304110595,5.50051555702,0.857186919747,11.7355114898,2.41300141158,14.2712194454,30.0,0.00232315742598,2.6189468464e-07,23.0562311993,24.5232380461,11.6767613321,11.603817572,PG,6600
201568.0,Danilo,Gallinari,29.0,2,DEN@OKC,DEN,OKC,,,20.8,22.5,0,1.44368585148,0.552044829886,4.86752381695,3.97606869355,0.794897431846,1.41090365601,0.76331308506,0.90697269001,2.20580108786,4.18105377137,1.77324522003,11.0180962335,3.61060745079,13.7459602136,27.0,8.8341995479e-05,2.53324718744e-10,20.2821934361,21.7327249593,10.962986412,11.8320410614,SF,6600
203507.0,Giannis,Antetokounmpo,40.8,1,MIL@TOR,MIL,TOR,,,35.8,36.75,0,2.4716131556,0.920293080393,1.04498575317,5.02726124215,1.35381527793,3.10827540872,1.10837711349,2.44991322571,4.46209068665,5.89967578869,0.380263846795,10.9547292861,3.91547343792,16.0950888621,33.0,0.0153374717393,3.83687084752e-06,26.7644445815,28.4256553703,12.0810474937,11.6493527102,SG,6500
202700.0,Donatas,Motiejunas,22.7,71,HOU@MIA,HOU,MIA,O,Back,0.0,0.0,0,0.0,0.0,0.0,0.0,0.0,0.0,0.0,0.0,0.0,0.0,0.0,0.0,0.0,0.0,0.0,,,0.0,,0.75313246111,,PF,6400
1717.0,Dirk,Nowitzki,29.9,2,DAL@LAL,DAL,LAL,,,38.3,40.75,0,2.061099147,0.424813465938,3.58780734596,3.22966981237,0.64096556525,3.30521681328,0.741925843865,0.868874624713,3.94618237853,7.03774585105,1.5658883687,14.3063145482,2.92713621727,18.5685162881,30.0,0.00720247034763,4.25109224171e-07,27.8601878577,29.2856834542,13.9580038977,14.1082126037,PF,6300
201960.0,DeMarre,Carroll,30.8,2,MIL@TOR,TOR,MIL,,,16.1,19.25,0,1.8183624806,0.1472507859,4.74954547066,2.67100297905,1.54045812459,2.00301334475,1.26739987106,1.67843993653,3.54347146934,4.76891480007,1.92761659101,10.5041361925,1.64656755154,13.1120137427,31.0,0.0028740839146,6.29928586101e-08,21.2425846042,23.2270977563,10.9662379546,11.7715827174,SF,6300
201609.0,Goran,Dragic,22.9,2,HOU@MIA,MIA,HOU,,,21.6,22.25,0,3.81407285568,0.283239680908,1.90808045245,2.00120894911,0.467630616652,1.14497175582,0.656675543719,1.31089883813,1.61260237247,3.90462208743,0.630749652633,8.18385631891,1.6775172941,10.1175111216,24.0,0.00363684001794,2.77520773811e-08,18.3426748632,19.3995845705,8.66327480058,8.5360782729,PG,6300
203953.0,Jabari,Parker,22.5,25,MIL@TOR,MIL,TOR,O,Knee,0.0,0.0,0,0.0,0.0,0.0,0.0,0.0,0.0,0.0,0.0,0.0,0.0,0.0,0.0,0.0,0.0,0.0,,,0.0,,0.762899463918,,PF,6200
202703.0,Nikola,Mirotic,30.9,3,ORL@CHI,CHI,ORL,,,21.6,24.25,0,1.1206058907,0.888095791001,5.90863099783,4.69459084167,0.878431598844,2.4809190864,0.999221189605,1.80907776897,3.35935068524,4.39359290886,2.13322283666,10.481696485,3.88772170193,14.8081303563,28.0,0.00217174614623,9.99661899173e-10,22.4858162069,24.6281916662,11.563970676,12.7410871395,SF,6200
201163.0,Wilson,Chandler,24.6,78,DEN@OKC,DEN,OKC,O,Hip,0.0,0.0,0,0.0,0.0,0.0,0.0,0.0,0.0,0.0,0.0,0.0,0.0,0.0,0.0,0.0,0.0,0.0,,,0.0,,0.647602079227,,SF,6200
202685.0,Jonas,Valanciunas,29.0,2,MIL@TOR,TOR,MIL,,,30.6,32.0,0,0.600059280064,0.964482880689,0.00909767418248,4.37680828332,2.65744463161,5.1387915135,0.529531829942,1.71055261462,7.79623614511,5.37028721349,0.000130498728958,9.33055285979,3.36913440917,14.1098393349,29.0,0.225977715335,1.83949995228e-08,25.6428884358,27.2270084279,11.2337073364,10.6866136812,C,6100
202083.0,Wesley,Matthews,16.1,1,DAL@LAL,DAL,LAL,GTD,Achilles,13.9,15.5,0,1.59563804266,0.0973874555805,5.72705583857,1.94392560653,0.489636438883,0.854568433012,0.854589559085,0.785981878778,1.34420487189,3.99072691227,2.26845076307,9.3529872234,1.35159353241,11.60149812,26.0,5.98517912611e-06,7.82104347293e-12,16.7259731808,18.3204087232,10.8094575181,12.1006904557,SG,6000
203114.0,Khris,Middleton,20.8,2,MIL@TOR,MIL,TOR,,,8.4,9.5,0,1.89238655537,0.0856254047598,3.31564322612,2.02933557772,0.470173963406,1.02188112463,0.995795915323,1.39083133596,1.49205508804,4.42464909143,1.2516187923,10.7237941444,1.75714615192,11.8580631271,29.0,2.44358398425e-05,8.67498976263e-11,17.25912037,18.6549848425,10.4426718625,10.7725235191,SF,5900
2736.0,Luol,Deng,21.2,2,HOU@MIA,MIA,HOU,,,21.7,23.0,0,1.47483785298,0.264441619581,2.68774074658,2.49709746478,1.40912076376,1.73843894279,0.69243878346,1.12034648257,3.14755970655,4.23031698816,1.10780242381,8.85252809943,1.84216813169,11.4106045318,27.0,0.00110240133722,3.89650508076e-09,18.1933472827,19.4664533349,9.27684109846,9.43439474738,SF,5700
203093.0,Terrence,Jones,18.3,2,HOU@MIA,HOU,MIA,GTD,Face,0.0,0.0,0,0.0,0.0,0.0,0.0,0.0,0.0,0.0,0.0,0.0,0.0,0.0,0.0,0.0,0.0,0.0,,,0.0,,0.84140420564,,PF,5700
1626144.0,Emmanuel,Mudiay,25.0,2,DEN@OKC,DEN,OKC,,,16.3,18.5,0,4.16485911221,0.574470430629,3.59887013458,2.79168659449,0.567188700993,3.1519643673,0.863637548968,3.26093433102,3.71915306829,4.66733342241,1.22547054717,11.6614929945,1.75702584772,12.3171632397,27.0,0.0118256760617,4.01808382642e-05,22.6427172181,25.0897363673,11.1768048863,11.5079197289,PG,5500
2772.0,Trevor,Ariza,16.2,2,HOU@MIA,HOU,MIA,,,27.4,30.25,0,2.69841087316,0.302087429924,7.61115983138,2.01452165784,0.973889219056,2.53797692305,2.21213819571,2.12745129261,3.51186614211,4.35652334382,2.57149589534,12.6747225055,1.67004166402,12.954584247,41.0,0.00309774407262,1.63031803e-06,24.1174398859,26.6471582941,13.2536393008,14.9531297506,SF,5500
201579.0,Roy,Hibbert,28.5,2,DAL@LAL,LAL,DAL,,,17.6,19.5,0,1.42447613461,2.15351181265,0.129320615072,3.85849173247,2.65035130288,2.759854101,0.170038132833,1.65223832816,5.41020540387,3.4354711099,0.00109623251663,7.78870991106,3.29797461308,10.1700130654,26.0,0.0312237110233,2.72885411981e-06,21.7938353148,22.9378566184,9.16187562001,8.82214115665,C,5400
1626156.0,D'Angelo,Russell,12.5,2,DAL@LAL,LAL,DAL,,,18.1,19.75,0,1.91629943447,0.433194159648,4.78338903597,1.32321783028,0.885549564423,2.68246936496,0.7160089841,1.61625492497,3.56801892938,3.99074108764,1.29103876845,10.4520341086,0.930281653076,10.2028025968,27.0,0.00231950301917,7.51586565809e-08,18.0410258263,19.6765530995,10.1033121175,10.7591732004,PG,5300
2585.0,Zaza,Pachulia,22.8,2,DAL@LAL,DAL,LAL,,,30.9,34.5,0,2.68131395191,0.487385087458,0.0335547285268,3.83580940475,3.63398458538,4.6141389935,1.15558758989,2.14885719911,8.24812357888,3.73018470719,0.0,9.26968902067,3.20079627829,10.6611656927,29.0,,,25.7179730708,,10.452332131,,C,5300
201149.0,Joakim,Noah,13.5,3,ORL@CHI,CHI,ORL,,,26.8,28.25,0,3.54755682015,0.971510691586,0.0169255102765,2.18861680881,2.30795511856,3.39581771948,0.753148165581,1.72037877055,5.70377283804,2.1195118601,0.0,4.84884653203,1.16442201933,5.40344573952,24.0,,,19.2982473192,,6.21158682086,,C,5200
203115.0,Will,Barton,22.1,2,DEN@OKC,DEN,OKC,,,24.1,24.75,0,1.58663582589,0.413591383632,2.3067513239,2.42986506321,0.683475601292,1.3429897017,1.23525214414,1.03191210506,2.02646530299,4.02894142287,0.67492737779,9.59112565814,1.90773803184,10.6405482554,24.0,3.86868482587e-05,2.53508531615e-10,17.7180353083,18.6728363459,9.58132778202,9.55906297752,SG,4900
101150.0,Louis,Williams,23.7,2,DAL@LAL,LAL,DAL,,,14.7,17.75,0,2.33719408488,0.198982663168,5.93123041311,4.66840515364,0.208688947157,0.988104453324,0.996089565184,1.59327683525,1.19679340048,4.74872147196,1.89314436925,11.9575756841,4.18706775482,15.577655068,27.0,0.000147966696985,9.88006296805e-11,21.3164658973,23.11973812,12.0660590039,13.0819251404,SG,4900
203079.0,Dion,Waiters,13.1,2,DEN@OKC,OKC,DEN,,,19.2,19.75,0,2.06288285413,0.257340936807,2.55897467516,1.62906464092,0.404150120048,1.42577676424,0.761788212542,1.48077319094,1.82992688428,3.65391655384,0.760547928532,9.35550888834,1.20732001619,9.27570105241,24.0,4.3985063491e-05,7.14160922508e-10,15.1234227025,16.3356455862,9.11481856168,9.22134527765,SG,4700
2749.0,Jameer,Nelson,16.0,2,DEN@OKC,DEN,OKC,,,24.7,26.75,0,4.93325842041,0.0750833228498,4.91896752515,0.631601948941,0.523673601484,1.1842645953,0.930358629835,2.0886895237,1.70793819679,3.77312396461,1.71649446321,10.1138509168,0.476455548133,9.73919794057,27.0,0.0166303560615,2.0799731386e-07,19.110805789,21.1237408504,10.1735362106,11.1209025379,PG,4600
200826.0,Jose Juan,Barea,19.0,2,DAL@LAL,DAL,LAL,,,21.1,23.25,0,4.99076004465,0.0110454194405,2.94019337667,2.07203176435,0.477050428844,0.879910724166,0.397229010113,1.73557972429,1.35696115301,3.91279898835,0.991165674135,9.3587026542,1.64494889162,10.4617125425,24.0,0.0199673806935,3.41496116379e-08,18.6571751279,20.1183470582,9.33897134559,9.55997882502,PG,4500
201959.0,Taj,Gibson,14.2,3,ORL@CHI,CHI,ORL,,,13.7,14.5,0,0.705538907456,0.929826574598,0.00376912082962,2.15680478896,1.85003203348,2.21002460904,0.309313324048,1.14418958519,4.06005664251,2.88460644193,6.29941642368e-07,5.77330005798,1.43432459451,7.20353810832,20.0,0.00296811925557,1.83396722455e-10,14.4680046526,15.2475547717,7.33090299833,6.92545072057,PF,4500
203991.0,Clint,Capela,23.3,2,HOU@MIA,HOU,MIA,,,17.0,17.75,0,0.430431099065,1.1500093556,0.144867992935,2.24075853431,1.51403572856,2.05904749024,0.378247848595,0.831221901475,3.5730832188,2.21639735726,0.039897952919,4.33951636646,0.876150431327,5.34884309877,14.0,0.000594581479303,2.34160135937e-10,12.5074821169,13.1225880779,5.8476117398,5.45972411215,C,4500
203527.0,Ryan,Kelly,20.2,2,DAL@LAL,LAL,DAL,,,10.3,10.5,0,1.06093708442,0.516748336385,1.5306437896,0.996099001091,0.192705411177,1.04149698064,0.369986073573,0.495999989629,1.23420239182,1.20742416964,0.432476213187,3.56034640934,0.79582756943,3.6431521219,14.0,5.50245694703e-08,8.349291443e-15,7.99306944901,8.51901775254,4.22858070604,4.43065292965,SF,4400
203944.0,Julius,Randle,16.1,2,DAL@LAL,LAL,DAL,,,54.0,57.25,0,2.61705407026,0.477341461957,0.511741190774,5.98785414676,0.962279031496,7.78132268181,1.19721592955,2.4950755465,8.7436017133,5.78275893993,0.14093814322,12.7275684142,3.52690832687,15.23336435,34.0,0.34508159459,0.000136356852927,30.5053067478,32.7785251408,14.0038015966,13.6674048482,PF,4400
203500.0,Steven,Adams,21.8,2,DEN@OKC,OKC,DEN,,,9.1,10.25,0,0.88125767813,1.12769417886,0.0163774158562,2.17191220119,2.39439477765,2.39758810407,0.495935733885,1.32576231175,4.79198288172,2.30691791896,0.00160113859306,4.18519445324,1.10241135464,5.71784833116,22.0,0.00460884179121,1.68452088366e-09,14.7116118202,15.6218059572,5.87874923695,5.42747704996,C,4400
203089.0,John,Henson,7.7,1,MIL@TOR,MIL,TOR,GTD,Achilles,0.0,0.0,0,0.0,0.0,0.0,0.0,0.0,0.0,0.0,0.0,0.0,0.0,0.0,0.0,0.0,0.0,0.0,,,0.0,,0.984381545708,,PF,4400
203095.0,Evan,Fournier,23.4,2,ORL@CHI,ORL,CHI,,,27.0,28.75,0,2.3171561669,0.0322166972795,4.84638794057,3.15680065724,0.497022431735,2.04253912051,1.02782340725,1.59895681006,2.53956155224,5.42803511179,1.61616988238,12.9205978296,2.13817073838,14.6104108443,35.0,0.000402722411773,4.1388010221e-08,21.6547423564,23.389887988,12.3977010078,12.9884401676,SG,4300
202349.0,Greivis,Vasquez,19.9,2,MIL@TOR,MIL,TOR,,,17.6,19.25,0,4.18753545815,0.0844329276908,4.00601518827,2.00591179456,0.300192244827,1.37168831748,0.502536282581,1.80836939063,1.67188056231,3.23990974287,1.36611703488,8.48755075702,1.86660317337,9.71253969398,25.0,0.00621494586382,6.45253347824e-08,17.3656685859,19.0458284391,8.81437984923,9.52302510399,PG,4300
2734.0,Devin,Harris,18.2,2,DAL@LAL,DAL,LAL,,,16.6,17.75,0,2.85575842376,0.122431673135,3.64153949643,2.49929338304,0.216127577257,0.968013626807,0.988499044184,1.09945731215,1.18414120406,2.9536186932,1.13753094198,7.4832992929,1.82957127932,8.87433960769,22.0,0.000380240666981,2.32519073509e-10,15.7013508107,16.8796223597,8.05997791657,8.62863954052,SG,4300
201166.0,Aaron,Brooks,13.6,3,ORL@CHI,CHI,ORL,,,14.1,14.75,0,2.3055773547,0.172992392354,3.15170998253,1.10000411837,0.367268593301,0.667332104395,0.505467297403,1.16201428991,1.0346006977,2.95378708784,1.00814994033,7.19852893087,0.918661720084,7.83438583609,16.0,5.88918270945e-05,8.93947883165e-12,12.729177795,13.8660782828,7.62523808184,8.04089338447,PG,4200
2399.0,Mike,Dunleavy,17.8,63,ORL@CHI,CHI,ORL,O,Back,0.0,0.0,0,0.0,0.0,0.0,0.0,0.0,0.0,0.0,0.0,0.0,0.0,0.0,0.0,0.0,0.0,0.0,,,0.0,,0.594152155376,,SF,4200
203932.0,Aaron,Gordon,22.8,2,ORL@CHI,ORL,CHI,,,18.9,20.75,0,1.00455073463,0.949427823965,1.56397856857,3.00708419568,1.8408801546,2.26500968084,0.822380893668,1.33516257559,4.10588983544,3.22550688552,0.415513396777,6.95248021422,2.16217824622,9.02870541404,25.0,0.00497706363275,1.01549980646e-09,17.6710541782,18.7591522546,7.66622592805,7.47008280491,PF,4100
201156.0,Nick,Young,23.2,2,DAL@LAL,LAL,DAL,,,9.0,10.5,0,0.847422543659,0.228705067201,4.57558606696,2.59069894361,0.239117561355,0.563010001142,0.573633103911,0.718659104221,0.802127562497,3.50753921673,1.88463002436,8.70154562069,2.34280632633,11.2425147841,19.0,2.71120832355e-08,2.61577857286e-16,14.3622189126,15.7039698957,9.54935550221,10.5461295421,SG,4100
202335.0,Patrick,Patterson,11.7,2,MIL@TOR,TOR,MIL,,,20.1,22.75,0,1.39514240369,0.348382941616,3.73836624517,0.844533215276,1.01267546735,1.74461361418,0.685837948888,0.860430921478,2.75728908153,3.07304206215,1.64098202574,6.57255324509,0.705185888784,8.49225203883,24.0,0.0002715863401,5.91112034941e-10,15.1017234017,16.4907017107,7.98166654943,8.79314341861,PF,4100
2449.0,Luis,Scola,14.5,2,MIL@TOR,TOR,MIL,,,18.9,19.25,0,1.15743972946,0.261870246615,0.269307014835,2.23101582107,1.99839648344,2.74464787282,0.610830175842,1.4587925513,4.74304435626,3.45018248045,0.136543389061,7.66172961998,1.52746136208,8.56436971205,21.0,0.0110686425432,4.63053027351e-09,16.2787908274,17.3302139931,8.82821903295,8.51463451771,PF,4100
201147.0,Corey,Brewer,19.2,2,HOU@MIA,HOU,MIA,,,19.7,19.75,0,1.574432539,0.305376086072,2.25789371349,2.37945438468,0.613617796237,1.57432807705,1.12247310115,1.12473322042,2.18794587328,3.08873771477,0.593780004781,8.07447133756,1.64118401992,8.41243945425,21.0,4.69607203718e-05,2.88428037334e-10,15.1305884647,16.0993128129,8.07117859848,8.1226258328,SF,4100
203914.0,Gary,Harris,16.6,2,DEN@OKC,DEN,OKC,,,8.8,11.0,0,1.4692344549,0.306926987644,3.28581947993,1.57075796087,0.782121691241,1.5759941771,1.36491638953,1.54926919553,2.35811586834,2.5267457258,0.772042092025,7.64107777239,1.14356523678,6.96909878041,27.0,5.73069915906e-05,2.92680064878e-10,13.7971070636,15.0757544622,7.39593571705,7.78822018692,SG,4100
101109.0,Raymond,Felton,21.0,2,DAL@LAL,DAL,LAL,,,17.4,18.5,0,4.28967911658,0.281678663226,2.9167507342,1.319991065,0.551031551676,0.637870698173,0.974589401875,1.6636542084,1.18890224985,4.12444862259,0.959480779811,9.90799552461,1.05738497035,10.2657629954,28.0,0.00784271365241,4.85007949266e-09,18.9758462918,20.3586229835,9.71329051813,9.89023109929,PG,4100
204028.0,Tarik,Black,1.2,1,DAL@LAL,LAL,DAL,,,0.0,0.0,0,0.0,0.0,0.0,0.0,0.0,0.0,0.0,0.0,0.0,0.0,0.0,0.0,0.0,0.0,0.0,,,0.0,,0.773683786619,,C,4000
202687.0,Bismack,Biyombo,13.6,2,MIL@TOR,TOR,MIL,,,17.0,17.5,0,0.181123827117,1.42247720308,1.72993347707e-05,2.38565155066,2.59047736719,2.84742711887,0.199648694122,0.691195080659,5.43790448606,1.61886096786,4.76714622943e-06,3.45741044908,1.47396299492,4.71168969779,19.0,0.00501697150266,1.29629396188e-08,14.0619175355,14.6869381798,5.00419697534,4.69350835184,C,4000
203994.0,Jusuf,Nurkic,18.0,62,DEN@OKC,DEN,OKC,O,Knee,0.0,0.0,0,0.0,0.0,0.0,0.0,0.0,0.0,0.0,0.0,0.0,0.0,0.0,0.0,0.0,0.0,0.0,,,0.0,,0.959889227623,,C,4000
201571.0,D.J.,Augustin,21.1,2,DEN@OKC,OKC,DEN,,,20.9,23.0,0,3.32876754026,0.0202447706123,2.43014966647,1.87573432301,0.295237646918,0.376515833092,0.575659730507,1.04604804738,0.67175348001,2.64583422279,1.07102432951,5.9255042456,1.69461929602,8.05731207112,18.0,0.000981305856748,3.39290770614e-12,14.0023285124,15.0959243336,6.82915312679,7.20931023305,PG,4000
201177.0,Josh,McRoberts,5.8,2,HOU@MIA,MIA,HOU,,,0.4,1.5,0,0.588051392571,0.0589676245211,0.385209160961,0.182996482512,0.145076270094,0.240438894618,0.153248359221,0.324414666284,0.385515164712,0.450276518032,0.142752899198,0.917584721637,0.11934241501,1.16264835027,5.0,1.26247589298e-12,1.74728134171e-23,2.60736093798,2.86022047896,2.13325217066,2.09222958782,PF,3900
201627.0,Anthony,Morrow,8.6,2,DEN@OKC,OKC,DEN,,,13.1,14.25,0,0.485048574832,0.075718683716,2.95178485595,0.610441452043,0.267737280425,0.563602453461,0.656137211269,0.343802325069,0.831339733887,2.3692345033,1.29856372479,5.19797297965,0.538711416412,6.57574414781,16.0,6.62970788607e-09,1.419612204e-17,9.42083415562,10.2835841772,6.57964027585,7.2414087536,SG,3900
201596.0,Mario,Chalmers,15.9,2,HOU@MIA,MIA,HOU,,,10.7,12.25,0,3.23215998154,0.0759663711547,2.34102121142,2.96397950199,0.29054334051,0.61265585484,1.31955914094,1.79422349562,0.90319919535,2.48076349891,0.649253208041,6.08105062814,2.42786724393,8.03864744979,23.0,0.000790687221511,1.09152352328e-09,14.9675539851,16.2356383308,6.7117213488,6.8620342274,PG,3900
2405.0,Amar'e,Stoudemire,5.6,1,HOU@MIA,MIA,HOU,,,0.0,0.0,0,0.0,0.0,0.0,0.0,0.0,0.0,0.0,0.0,0.0,0.0,0.0,0.0,0.0,0.0,0.0,,,0.0,,0.764982710592,,PF,3900
201976.0,Patrick,Beverley,15.5,2,HOU@MIA,HOU,MIA,,,9.6,11.75,0,1.85417417592,0.194610229759,3.63222610213,0.533573445364,0.833090445435,1.62940383995,0.68534633192,1.30537490568,2.46249428539,2.50336666073,1.21313867305,6.37086296639,0.404875646874,6.62474764137,20.0,7.95394064596e-05,1.795464486e-09,12.8155402654,14.1980410835,7.31313990421,8.03102436464,PG,3900
201581.0,J.J.,Hickson,16.8,73,DEN@OKC,DEN,OKC,,,4.2,4.25,0,0.121840789433,0.0735959522875,0.00496313950768,0.457135615863,0.313956837074,0.3315751153,0.0924435040148,0.200093050345,0.645531952374,0.461502248804,0.0,0.963594364893,0.258764849698,1.18176934731,3.0,,,2.27115473656,,2.1568104114,,PF,3800
1626209.0,Mario,Hezonja,8.3,2,ORL@CHI,ORL,CHI,,,1.2,1.25,0,0.303142611104,0.0543539020213,0.77883578967,0.219546164762,0.167036857269,0.506642505333,0.150260113241,0.387067194236,0.673679362603,0.726332386585,0.297765640355,1.73959703993,0.161749619006,1.91218003253,5.0,2.77553394237e-11,3.80844474181e-23,3.1974700206,3.57357040606,2.84657976635,2.95466863729,SF,3800
200751.0,Randy,Foye,6.4,2,DEN@OKC,DEN,OKC,,,4.5,5.0,0,1.63675305663,0.138836901253,4.0114825781,0.688230936832,0.115944486307,0.414983585837,0.544531133958,0.862197680582,0.530928072144,1.91254194093,1.24374249003,5.76716774593,0.566626537489,5.63545290939,16.0,1.86048271134e-06,1.28066538297e-15,9.23223457075,10.3117538504,7.06505504873,8.00558577852,SG,3800
203098.0,John,Jenkins,13.4,2,DAL@LAL,DAL,LAL,,,0.0,0.0,0,0.0,0.0,0.0,0.0,0.0,0.0,0.0,0.0,0.0,0.0,0.0,0.0,0.0,0.0,0.0,,,0.0,,0.573184430197,,SG,3800
101123.0,Gerald,Green,12.5,2,HOU@MIA,MIA,HOU,,,7.0,7.5,0,0.881776576234,0.120877811673,4.73723415823,1.40828693074,0.294461613293,0.450486613491,0.377987590121,1.15554326313,0.744948226784,3.64780000502,1.76533598169,9.27104149787,1.21900339961,10.2799393913,18.0,2.59504791732e-08,1.58657054985e-16,12.3387296683,13.836416741,9.77347218206,10.7303018244,SG,3800
201564.0,O.J.,Mayo,19.0,71,MIL@TOR,MIL,TOR,GTD,Hamstring,0.0,0.0,0,0.0,0.0,0.0,0.0,0.0,0.0,0.0,0.0,0.0,0.0,0.0,0.0,0.0,0.0,0.0,,,0.0,,0.744187689592,,SG,3800
1626171.0,Bobby,Portis,0.0,0,ORL@CHI,CHI,ORL,,,0.0,0.0,0,0.0,0.0,0.0,0.0,0.0,0.0,0.0,0.0,0.0,0.0,0.0,0.0,0.0,0.0,0.0,,,0.0,,0.845620626624,,PF,3800
203503.0,Tony,Snell,12.8,3,ORL@CHI,CHI,ORL,,,13.8,15.5,0,0.904055783829,0.252520861139,3.54036690179,0.89554867285,0.48514951497,1.44795349049,0.512071938084,0.715458612938,1.93310300546,2.83007594695,1.32974217566,6.58559053786,0.754970380686,7.74486445023,26.0,1.38386748911e-05,6.15424106637e-13,12.234398718,13.3536750206,7.60557545958,8.2916675404,SG,3800
203926.0,Doug,McDermott,10.0,3,ORL@CHI,CHI,ORL,,,12.2,13.75,0,0.575607829348,0.0755633539759,2.55870822316,0.713235709158,0.45936959705,0.618482240156,0.292920018084,1.1901707968,1.07785183721,2.71372942661,1.01470735603,6.32650450858,0.497756313107,6.93992252236,18.0,7.04208053981e-08,4.59008168107e-17,8.64355241834,9.79988419225,6.93283369608,7.30389990729,SF,3800
201160.0,Jason,Smith,5.2,1,ORL@CHI,ORL,CHI,,,15.9,16.5,0,1.01095602686,0.476666817206,0.421013411204,1.20826944579,0.775841795189,0.851781082565,0.29666682583,0.708566780628,1.62762287775,2.13513255735,0.17170158586,4.86825740917,0.949984058275,5.39195075883,14.0,1.37327288145e-06,1.66626744381e-13,9.69963275787,10.2211501449,5.87840616981,5.63575439995,PF,3800
101112.0,Channing,Frye,15.1,75,ORL@CHI,ORL,CHI,,,4.9,5.0,0,0.476748695997,0.183045241854,1.68488619125,0.279985767394,0.187652444991,0.187652444991,0.215142999591,0.353992629292,0.375304889983,0.901735405491,0.618135904201,2.38141006282,0.205926237387,2.62753295257,9.0,4.03681351742e-12,4.00882677138e-23,4.23540571814,4.7402352294,3.76552994734,4.22432472791,PF,3800
203530.0,Joffrey,Lauvergne,20.5,2,DEN@OKC,DEN,OKC,,,24.9,26.75,0,1.25348569598,0.584463297601,1.22519571173,1.89597297078,1.93685281645,2.50598207053,0.540518799865,1.26167319299,4.44283488698,2.89286095966,0.412283119739,6.27163566903,1.38507963257,7.58308467162,19.0,0.0059085620103,5.0239415021e-09,15.7830060819,16.8509888407,7.06165102624,6.88555139953,PF,3800
1626159.0,Justise,Winslow,11.4,2,HOU@MIA,MIA,HOU,,,19.6,21.25,0,2.20019564698,0.251445193343,2.20117590191,0.987857692016,1.01674209249,4.59677755647,0.9359788787,1.54274035897,5.61351964895,3.10395184203,0.864988915358,6.92133356265,0.727799574585,7.800692174,31.0,0.0238876482473,2.40873313618e-06,18.6693170083,20.1896963265,7.4264844791,7.58349597939,SF,3700
201580.0,JaVale,McGee,9.1,23,DAL@LAL,DAL,LAL,O,Leg,0.0,0.0,0,0.0,0.0,0.0,0.0,0.0,0.0,0.0,0.0,0.0,0.0,0.0,0.0,0.0,0.0,0.0,,,0.0,,0.88414802411,,C,3700
203473.0,Dewayne,Dedmon,14.7,2,ORL@CHI,ORL,CHI,,,0.0,0.0,0,0.0,0.0,0.0,0.0,0.0,0.0,0.0,0.0,0.0,0.0,0.0,0.0,0.0,0.0,0.0,,,0.0,,0.92434972912,,C,3700
201228.0,C.J.,Watson,8.8,2,ORL@CHI,ORL,CHI,,,11.6,12.25,0,1.85303712311,0.067166130175,1.73305210576,1.30968546867,0.200492041896,0.450408108252,0.557202969478,0.779537183389,0.650900150148,1.58421205024,0.639266124675,4.01140145671,0.975532502861,4.78322272802,14.0,3.22750800051e-06,8.27555632014e-15,8.81305960878,9.55501111158,4.93296520461,5.20389298665,PG,3700
202709.0,Cory,Joseph,8.1,2,MIL@TOR,TOR,MIL,,,21.4,21.5,0,2.5072746973,0.165405968392,0.681583820276,1.51400220008,0.42225206752,0.829124403554,0.769283996671,0.962487924931,1.25137647107,2.43541459175,0.236247667227,5.0387481778,1.08610941577,6.1931862665,19.0,6.71464980942e-05,5.6677564011e-11,12.3626420829,13.0246794225,6.12232792026,5.84148690342,PG,3700
203082.0,Terrence,Ross,15.2,2,MIL@TOR,TOR,MIL,,,21.8,24.0,0,0.951624379308,0.191965669973,4.27700566158,0.945719835644,0.350231818612,0.946191704325,0.609661233406,0.834970100417,1.29642352294,3.65601653226,1.71007903628,8.23470826553,0.851643630316,9.87375573111,21.0,7.00774100663e-07,4.75242268523e-14,13.6251842339,14.9625310296,9.13688013597,9.97282763203,SG,3700
101138.0,Brandon,Bass,9.6,2,DAL@LAL,LAL,DAL,,,19.0,19.25,0,1.05279365029,0.261871060192,0.229280121381,2.26925278335,1.42779721562,1.97455777323,0.308441299559,0.911162800234,3.40235498885,3.24667366824,0.0646138845287,6.4684203404,1.84304992152,8.40101114252,20.0,0.00124288144961,2.20878065126e-10,14.2924895238,14.9523599385,7.8714653926,7.46340425326,PF,3700
1626173.0,Rashad,Vaughn,10.4,1,MIL@TOR,MIL,TOR,,,0.0,0.0,0,0.209092696356,0.120645195283,0.532809298492,0.25786024442,0.200056897865,0.451581962533,0.116669412446,0.225982775509,0.651638860398,0.616549834985,0.154583193711,1.4958730897,0.189977339558,1.57766020324,4.0,8.12401548614e-12,2.97986202378e-25,2.9219123202,3.14477724784,2.53506681436,2.49202129881,SG,3700
201977.0,Marcus,Thornton,12.0,48,HOU@MIA,HOU,MIA,,,24.4,28.0,0,1.58852492222,0.239366015435,6.49017070157,1.99936880698,0.849469343979,1.13764342751,0.974175809083,1.28744110734,1.98711277149,6.08141799632,2.65424495537,14.4864367298,1.63897872055,16.4560596686,31.0,4.6188827425e-05,2.72750202144e-10,22.3630249194,24.4332928734,14.1554735879,15.368632616,SG,3700
101111.0,Charlie,Villanueva,12.1,2,DAL@LAL,DAL,LAL,,,8.9,9.5,0,0.354423711384,0.357279147519,3.60249353712,0.625691977312,0.416240197264,0.773918603304,0.227664718925,0.392729860043,1.19015880057,2.39601700823,1.20062508177,6.01453569274,0.354101730806,6.34676082902,12.0,1.44088094635e-07,1.88519151177e-18,9.08374482962,9.93993045669,7.11444642799,7.84266773741,PF,3600
201573.0,Jerryd,Bayless,18.1,2,MIL@TOR,MIL,TOR,,,5.2,6.75,0,2.71056104102,0.192228151756,1.82968465356,1.80244708358,0.37082277482,0.642045349265,0.781477534481,1.74506786335,1.01286812408,2.4649321447,0.530102950349,6.3426897228,1.5678891027,7.02785634245,22.0,0.000164542226148,2.24861086525e-11,12.511483162,13.6999587885,6.6721298899,6.71622005987,PG,3600
1626149.0,Montrezl,Harrell,17.9,2,HOU@MIA,HOU,MIA,,,14.0,14.75,0,0.842218368739,0.609730950308,0.481248443333,2.36565704609,1.30575221263,2.74582040262,0.536068276704,0.954669169151,4.05157261525,3.44439856235,0.132540165329,6.50826985965,1.59918195769,8.62051924772,22.0,0.00422458058436,1.0362351582e-10,16.082663224,16.8351833932,7.84427502315,7.40497175434,PF,3600
203142.0,Chris,Copeland,10.7,2,MIL@TOR,MIL,TOR,,,8.0,10.0,0,1.09379139983,0.254861079231,4.50396415761,1.13820309873,0.565299393762,0.745078757809,0.316731191529,1.39031832559,1.31037815157,3.23468112287,1.72331550536,7.99133565055,0.881367725469,9.07404547657,21.0,7.69939910148e-07,1.61085611529e-13,12.0400525741,13.6623895521,8.98545736754,9.96247971429,SF,3600
203999.0,Nikola,Jokic,10.6,2,DEN@OKC,DEN,OKC,,,11.8,12.5,0,1.0836475069,0.255466408818,0.631306031364,1.02950485867,2.22284915581,3.41588459824,0.6161931525,1.55028889102,5.63873375405,4.16109939698,0.173867379582,8.68541524438,0.758482931526,9.25454910508,24.0,0.032599228799,7.56239005403e-09,17.8395311019,19.0324447908,9.62295755541,9.25097566676,C,3600
203939.0,Dwight,Powell,18.7,2,DAL@LAL,DAL,LAL,,,23.6,24.5,0,1.11838334011,0.667053194158,0.9095436901,3.6331715799,1.76573026018,3.47191900517,0.722258796064,1.2458730981,5.23764926535,3.6478226449,0.249141786547,7.69355575105,2.43313310415,9.9779201805,25.0,0.0250853895618,7.89539580628e-09,19.4734251914,20.520443205,8.72803737168,8.41163828851,PF,3600
1891.0,Jason,Terry,6.2,1,HOU@MIA,HOU,MIA,,,3.0,3.5,0,0.467115235752,0.047848626668,0.99714873984,0.135813300097,0.0409014183973,0.0681353332315,0.20337854579,0.207100305357,0.109036751629,0.545622333109,0.372646095805,1.35189098769,0.109294275528,1.57318503755,5.0,7.2472063751e-13,2.01380464292e-26,2.70005603269,2.99538107085,2.68319403867,2.96668012362,PG,3500
202379.0,Jeremy,Evans,12.0,2,DAL@LAL,DAL,LAL,,,0.0,0.0,0,0.0379254505715,0.0409883748608,0.0164440493276,0.0850331196937,0.0888873517841,0.108404584803,0.0354663878323,0.0241471811057,0.197291936587,0.117969183006,0.00687633056069,0.213853408861,0.0671944643234,0.310009160896,1.0,4.86431702778e-20,2.93453653856e-40,0.732410004938,0.757786357601,1.25022828463,1.15828272383,PF,3500
203135.0,Robert,Sacre,3.4,1,DAL@LAL,LAL,DAL,,,0.0,0.0,0,0.0,0.0,0.0,0.0,0.0,0.0,0.0,0.0,0.0,0.0,0.0,0.0,0.0,0.0,0.0,,,0.0,,0.791501831316,,C,3500
203460.0,Andre,Roberson,5.3,2,DEN@OKC,OKC,DEN,,,20.9,22.25,0,1.06388938955,0.432347890967,1.30104016887,0.729772857336,0.860359751693,1.58547560195,0.802338119283,0.832098283444,2.44583535364,1.51349581551,0.318748421421,3.19670681773,0.373171129853,3.71891118229,20.0,1.4765211051e-05,3.10061564807e-12,9.88702142804,10.584758696,4.23295264198,4.11621811354,SG,3500
203948.0,Johnny,O'Bryant,10.0,2,MIL@TOR,MIL,TOR,,,8.3,8.5,0,1.26607975737,0.22974164893,0.0816550457031,2.10645443721,1.52333035738,2.26444838616,0.500534622936,1.29878127138,3.78777874355,2.86421865081,0.0224885380908,7.38053310983,1.29742081659,7.0483466563,27.0,0.00179213632317,1.66300530754e-09,13.654572057,14.5072841083,8.33557457057,8.0696205185,C,3500
203461.0,Anthony,Bennett,3.6,1,MIL@TOR,TOR,MIL,,,3.4,4.0,0,0.0967632053256,0.0331734298098,0.065404451053,0.148158304697,0.128004854423,0.162600330885,0.0698244542964,0.119725021352,0.290605185308,0.277907666105,0.0185550247169,0.657271455362,0.0953013896229,0.66967174655,2.0,6.87588821368e-17,1.29775052387e-33,1.24981352377,1.33348380607,1.64196890573,1.50914094499,PF,3500
1626166.0,Cameron,Payne,0.0,0,DEN@OKC,OKC,DEN,,,6.5,6.5,0,0.69246813816,0.0756605203281,0.304276303047,0.33289578424,0.166188695072,0.488536464884,0.144227882287,0.217559683444,0.654725159957,0.492556447429,0.0838004404382,1.15861930886,0.245259425633,1.31417276093,4.0,8.80752946087e-12,1.21966432334e-20,3.3607622819,3.54417860185,2.28748154224,2.18219152552,PG,3500
203909.0,K.J.,McDaniels,2.6,2,HOU@MIA,HOU,MIA,,,0.0,0.0,0,0.0,0.0,0.0,0.0,0.0,0.0,0.0,0.0,0.0,0.0,0.0,0.0,0.0,0.0,0.0,,,0.0,,0.825032501743,,SF,3500
2550.0,Kirk,Hinrich,1.5,1,ORL@CHI,CHI,ORL,,,0.0,0.0,0,0.0,0.0,0.0,0.0,0.0,0.0,0.0,0.0,0.0,0.0,0.0,0.0,0.0,0.0,0.0,,,0.0,,0.67264711861,,SG,3500
1626181.0,Norman,Powell,0.0,0,MIL@TOR,TOR,MIL,,,0.0,0.0,0,0.159669759075,0.0392837540365,0.167201182721,0.174248685506,0.0873214683056,0.254316687368,0.0627499495577,0.110532820749,0.341638155674,0.292178536626,0.0460487149788,0.689485212511,0.128376911177,0.758782699409,2.0,8.08822397561e-16,2.07540533825e-30,1.50178771127,1.59716038692,1.73326741178,1.6393657277,SG,3500
202734.0,E'Twaun,Moore,9.5,3,ORL@CHI,CHI,ORL,,,5.9,6.5,0,1.26340618357,0.244013390188,1.63473900865,0.615785283863,0.345449606907,0.644884825674,0.671083450247,0.761013138976,0.99033443258,2.18479869713,0.510470392923,5.25665611029,0.397299934657,5.27736772184,19.0,1.71844386742e-07,1.61953003823e-14,9.43005885818,10.1153176035,5.79118333393,5.8260072081,PG,3500
2034.0,Mike,Miller,0.7,2,DEN@OKC,DEN,OKC,,,1.5,1.5,0,0.20620764926,0.0146240165442,0.408266871421,0.0295056845397,0.0226114986202,0.0528309979536,0.0538866255044,0.113492895648,0.0754424965739,0.186106036267,0.138068137993,0.523459205942,0.0232342469527,0.53351445748,3.0,1.32100831067e-17,2.10159972404e-35,0.956885315709,1.08643795736,1.48559061751,1.63447867334,SF,3500
2365.0,Chris,Andersen,14.6,60,HOU@MIA,MIA,HOU,,,0.0,0.0,0,0.0,0.0,0.0,0.0,0.0,0.0,0.0,0.0,0.0,0.0,0.0,0.0,0.0,0.0,0.0,,,0.0,,0.79632209053,,C,3500
202713.0,Kyle,Singler,5.2,1,DEN@OKC,OKC,DEN,,,10.4,11.5,0,0.789912995997,0.41005645543,2.56252242898,0.767159226655,0.460147670422,0.561941119325,0.651559319158,0.733393863022,1.02208878975,1.87235755777,0.998293514323,5.28712954962,0.541457410367,5.28446604023,20.0,2.71328998099e-08,3.68543569717e-16,9.08567976808,10.0026279369,5.93309635718,6.50986183511,SF,3500
1626257.0,Salah,Mejri,4.4,2,DAL@LAL,DAL,LAL,,,0.0,0.0,0,0.0,0.0,0.0,0.0,0.0,0.0,0.0,0.0,0.0,0.0,0.0,0.0,0.0,0.0,0.0,,,0.0,,0.892396195967,,C,3500
203101.0,Miles,Plumlee,2.8,2,MIL@TOR,MIL,TOR,,,20.6,21.25,0,0.353030150684,0.984906170702,0.00121169370149,0.68105597516,1.5014096558,1.35453501402,0.495900488376,0.786103490589,2.85594466981,1.85924592732,0.000333710717384,3.47458306316,0.413726586519,4.13255215188,15.0,5.25554518156e-05,5.1067021803e-12,10.2647408093,10.8008354766,4.97206495565,4.55271019799,C,3500
1626245.0,Cristiano,Felicio,0.0,0,ORL@CHI,CHI,ORL,,,0.0,0.0,0,0.0,0.0,0.0,0.0,0.0,0.0,0.0,0.0,0.0,0.0,0.0,0.0,0.0,0.0,0.0,,,0.0,,0.845620626624,,C,3500
2617.0,Udonis,Haslem,13.3,1,HOU@MIA,MIA,HOU,,,0.0,0.0,0,0.0,0.0,0.0,0.0,0.0,0.0,0.0,0.0,0.0,0.0,0.0,0.0,0.0,0.0,0.0,,,0.0,,0.718738679796,,PF,3500
201589.0,Darrell,Arthur,14.9,2,DEN@OKC,DEN,OKC,,,16.3,16.5,0,1.38538558348,0.891274531887,2.18395074109,1.02754854905,1.51824107843,1.81542885352,0.907074550287,1.03478017836,3.33366993195,3.30321298331,0.638098816127,8.59306055572,0.80939981277,8.05392459552,24.0,0.000995198237626,2.12371974223e-09,16.6943248751,17.6989406726,8.44306680713,8.49228905288,PF,3500
203475.0,Erick,Green,0.8,2,DEN@OKC,DEN,OKC,,,1.2,1.25,0,0.384708174583,0.00849768944692,0.457786734122,0.133231238397,0.0744140343456,0.133339205522,0.116147298687,0.15078769466,0.207753239868,0.589007132974,0.128418794686,1.51899879724,0.104578385683,1.41101144632,4.0,3.67262193103e-14,1.25621455603e-27,2.33587987764,2.48587078431,2.41786751063,2.36207100163,SG,3500
1897.0,Metta,World Peace,9.7,29,DAL@LAL,LAL,DAL,,,0.0,0.0,0,0.0,0.0,0.0,0.0,0.0,0.0,0.0,0.0,0.0,0.0,0.0,0.0,0.0,0.0,0.0,,,0.0,,0.763714628809,,SF,3500
203894.0,Shabazz,Napier,0.0,1,ORL@CHI,ORL,CHI,,,10.5,11.0,0,1.93669014845,0.0685532489119,1.86900590589,1.00771676262,0.25827572677,0.317352928663,0.642964630567,1.12977587966,0.575628655433,1.49495158169,0.695057320253,3.77643722992,0.820279009026,4.50523949266,16.0,4.10604122376e-06,1.03069253693e-14,8.39428898115,9.33549317294,4.8198377362,5.17216985182,PG,3500
1626204.0,Larry,Nance Jr.,0.0,0,DAL@LAL,LAL,DAL,,,0.0,0.0,0,0.0,0.0,0.0,0.0,0.0,0.0,0.0,0.0,0.0,0.0,0.0,0.0,0.0,0.0,0.0,,,0.0,,0.845620626624,,PF,3500
200779.0,Steve,Novak,3.0,35,DEN@OKC,OKC,DEN,,,0.0,0.0,0,0.0,0.0,0.0,0.0,0.0,0.0,0.0,0.0,0.0,0.0,0.0,0.0,0.0,0.0,0.0,,,0.0,,0.46501495496,,SF,3500
203956.0,Mitch,McGary,14.2,32,DEN@OKC,OKC,DEN,,,-2.0,-1.0,0,0.1241171702,0.124254224049,0.0285875500674,0.324673988784,0.408905748068,0.434722546424,0.128036102092,0.285952953662,0.843628294492,0.681000741331,0.00641601190291,1.32026176481,0.21132056193,1.5797380565,4.0,4.09247475167e-11,2.94635412232e-26,2.99689546381,3.18526136137,2.60082274426,2.31270173245,PF,3500
203516.0,James,Ennis,1.5,1,HOU@MIA,MIA,HOU,,,0.0,0.0,0,0.0,0.0,0.0,0.0,0.0,0.0,0.0,0.0,0.0,0.0,0.0,0.0,0.0,0.0,0.0,,,0.0,,0.682473810295,,SF,3500
2555.0,Nick,Collison,2.1,1,DEN@OKC,OKC,DEN,,,10.3,10.5,0,0.837048794647,0.20249676737,0.440780701364,0.64706672218,0.794618240587,1.05657113821,0.329261747055,0.539081931584,1.85118937879,0.874264062167,0.11704001684,2.0145896762,0.481941307777,2.34750944895,10.0,2.7794568975e-07,6.0532324789e-15,6.34894499274,6.76956585281,3.1043501634,2.94371106984,PF,3500
1626147.0,Justin,Anderson,9.5,2,DAL@LAL,DAL,LAL,,,0.0,0.0,0,0.0,0.0,0.0,0.0,0.0,0.0,0.0,0.0,0.0,0.0,0.0,0.0,0.0,0.0,0.0,,,0.0,,0.887091403887,,SF,3500
203962.0,Josh,Huestis,0.0,0,DEN@OKC,OKC,DEN,,,0.0,0.0,0,0.0,0.0,0.0,0.0,0.0,0.0,0.0,0.0,0.0,0.0,0.0,0.0,0.0,0.0,0.0,,,0.0,,0.845620626624,,SF,3500
1626148.0,Anthony,Brown,5.0,1,DAL@LAL,LAL,DAL,,,0.0,0.0,0,0.0,0.0,0.0,0.0,0.0,0.0,0.0,0.0,0.0,0.0,0.0,0.0,0.0,0.0,0.0,,,0.0,,0.811065531577,,SF,3500
204020.0,Tyler,Johnson,0.0,1,HOU@MIA,MIA,HOU,,,29.1,30.0,0,1.65399585634,0.398983310495,1.71546779672,1.57694244233,0.80247470675,1.14865951269,1.02645968702,0.955476593737,1.95113421944,2.72428383527,0.646557413255,5.99274676966,1.02239350779,7.1175185916,21.0,1.57370882024e-05,1.21248399144e-10,13.8352828407,14.7338801612,6.69960287412,6.72103417042,PG,3500
203946.0,Cameron,Bairstow,1.3,18,ORL@CHI,CHI,ORL,,,0.0,0.0,0,0.0,0.0,0.0,0.0,0.0,0.0,0.0,0.0,0.0,0.0,0.0,0.0,0.0,0.0,0.0,,,0.0,,0.768395247789,,PF,3500
1626153.0,Delon,Wright,0.0,0,MIL@TOR,TOR,MIL,,,0.2,0.75,0,0.159669759075,0.0392837540365,0.266210083819,0.174248685506,0.0873214683056,0.29545365727,0.0627499495577,0.126647746079,0.382775125576,0.283838228362,0.0658396415572,0.721850037063,0.128376911177,0.761893009458,2.0,3.1826764985e-15,8.16981250097e-30,1.53814745987,1.65352990997,1.75059668401,1.69711328152,PG,3500
203998.0,Bruno,Caboclo,1.3,8,MIL@TOR,TOR,MIL,,,0.0,0.0,0,0.0,0.0,0.0,0.0,0.0,0.0,0.0,0.0,0.0,0.0,0.0,0.0,0.0,0.0,0.0,,,0.0,,0.779789282344,,SF,3500
203996.0,Damien,Inglis,5.8,2,MIL@TOR,MIL,TOR,,,3.0,3.5,0,0.270075345097,0.0567596291799,0.466539821539,0.364932298099,0.18319292222,0.593557545223,0.150662417726,0.245898916101,0.776750467442,0.46351493606,0.135356525892,1.17334935062,0.282537630792,1.3449240288,4.0,2.19560491153e-11,9.80650722867e-24,2.85108278509,3.08054802949,2.24655640678,2.23626151551,SF,3500
201949.0,James,Johnson,1.4,2,MIL@TOR,TOR,MIL,,,-1.0,-0.5,0,0.148305273214,0.0967344119406,0.078547770702,0.142063063486,0.0864216822961,0.0973800841079,0.0743508047388,0.120849724606,0.183801766404,0.317447573132,0.017489426445,0.554279925806,0.0963842317218,0.748768804431,2.0,1.29471346537e-18,1.45466349809e-33,1.41310954269,1.49146920653,1.7711092117,1.55130947265,SF,3500
1626196.0,Josh,Richardson,0.0,0,HOU@MIA,MIA,HOU,,,0.0,0.0,0,0.0,0.0,0.0,0.0,0.0,0.0,0.0,0.0,0.0,0.0,0.0,0.0,0.0,0.0,0.0,,,0.0,,0.845620626624,,SG,3500
203898.0,Tyler,Ennis,8.4,33,MIL@TOR,MIL,TOR,O,Shoulder,0.0,0.0,0,0.0,0.0,0.0,0.0,0.0,0.0,0.0,0.0,0.0,0.0,0.0,0.0,0.0,0.0,0.0,,,0.0,,0.87000916445,,PG,3500
203512.0,Lucas,Nogueira,3.8,6,MIL@TOR,TOR,MIL,GTD,Hamstring,0.0,0.0,0,0.0,0.0,0.0,0.0,0.0,0.0,0.0,0.0,0.0,0.0,0.0,0.0,0.0,0.0,0.0,,,0.0,,0.815584706332,,C,3500
1626155.0,Sam,Dekker,1.6,2,HOU@MIA,HOU,MIA,,,0.0,0.0,0,0.0,0.0,0.0,0.0,0.0,0.0,0.0,0.0,0.0,0.0,0.0,0.0,0.0,0.0,0.0,,,0.0,,0.824869165214,,SF,3500
1626273.0,Marcelo,Huertas,9.4,2,DAL@LAL,LAL,DAL,,,11.7,11.75,0,1.81132855699,0.241671353306,0.85674525289,0.494685961975,0.654122957123,1.01564077204,0.333348047588,0.593810466266,1.66976372916,1.27827223117,0.248566265197,3.03080193885,0.364457588971,3.16956831651,11.0,1.15648007926e-06,7.90863620903e-12,8.44650596252,8.95118424945,3.95534504038,3.86926403252,PG,3500
203094.0,Andrew,Nicholson,8.4,40,ORL@CHI,ORL,CHI,,,0.2,0.75,0,0.153838965288,0.0916918874637,0.311326792216,0.200599561728,0.14763336641,0.167433605991,0.0518599454465,0.208068240291,0.315066972401,0.65335761154,0.0985134510246,1.51190556702,0.131887878214,1.53711655232,4.0,6.09742563935e-15,1.09033245969e-29,2.22499079266,2.39403498694,2.50798068691,2.37133493407,PF,3500
203906.0,Roy Devyn,Marble,7.0,16,ORL@CHI,ORL,CHI,,,0.0,0.0,0,0.0,0.0,0.0,0.0,0.0,0.0,0.0,0.0,0.0,0.0,0.0,0.0,0.0,0.0,0.0,,,0.0,,0.728847424875,,SG,3500
,Jones,0,0.0,3500,MIN,POR,,,,0.0,0.0,0,0.0,0.0,0.0,0.0,0.0,0.0,0.0,0.0,0.0,0.0,0.0,0.0,0.0,0.0,0.0,,,0.0,,0.728847424875,,Tyus,POR@MIN
203460.0,Andre,Roberson,10.5,3,OKC@HOU,OKC,HOU,,,20.9,22.25,0,1.06388938955,0.432347890967,1.30104016887,0.729772857336,0.860359751693,1.58547560195,0.802338119283,0.832098283444,2.44583535364,1.51349581551,0.318748421421,3.19670681773,0.373171129853,3.71891118229,20.0,1.4765211051e-05,3.10061564807e-12,9.88702142804,10.584758696,4.23295264198,4.11621811354,SG,3500
203900.0,Markel,Brown,5.6,3,MIL@BKN,BKN,MIL,,,0.0,0.0,0,0.0,0.0,0.0,0.0,0.0,0.0,0.0,0.0,0.0,0.0,0.0,0.0,0.0,0.0,0.0,,,0.0,,0.681848550283,,SG,3500
203909.0,K.J.,McDaniels,2.6,2,OKC@HOU,HOU,OKC,,,0.0,0.0,0,0.0,0.0,0.0,0.0,0.0,0.0,0.0,0.0,0.0,0.0,0.0,0.0,0.0,0.0,0.0,,,0.0,,0.825032501743,,SF,3500
1626166.0,Cameron,Payne,6.5,1,OKC@HOU,OKC,HOU,,,6.5,6.5,0,0.69246813816,0.0756605203281,0.304276303047,0.33289578424,0.166188695072,0.488536464884,0.144227882287,0.217559683444,0.654725159957,0.492556447429,0.0838004404382,1.15861930886,0.245259425633,1.31417276093,4.0,8.80752946087e-12,1.21966432334e-20,3.3607622819,3.54417860185,2.28748154224,2.18219152552,PG,3500
203099.0,Jared,Cunningham,7.6,3,CLE@PHI,CLE,PHI,,,0.0,0.0,0,0.0,0.0,0.0,0.0,0.0,0.0,0.0,0.0,0.0,0.0,0.0,0.0,0.0,0.0,0.0,,,0.0,,0.7177041857,,SG,3500
204456.0,T.J.,McConnell,13.8,2,CLE@PHI,PHI,CLE,,,0.0,0.0,0,0.0,0.0,0.0,0.0,0.0,0.0,0.0,0.0,0.0,0.0,0.0,0.0,0.0,0.0,0.0,,,0.0,,0.882486573906,,PG,3500
2419.0,Tayshaun,Prince,9.3,2,POR@MIN,MIN,POR,,,0.0,0.0,0,0.0,0.0,0.0,0.0,0.0,0.0,0.0,0.0,0.0,0.0,0.0,0.0,0.0,0.0,0.0,,,0.0,,0.650015449589,,SF,3500
202362.0,Lance,Stephenson,11.4,3,PHO@LAC,LAC,PHO,,,0.0,0.0,0,0.0,0.0,0.0,0.0,0.0,0.0,0.0,0.0,0.0,0.0,0.0,0.0,0.0,0.0,0.0,,,0.0,,0.767454168645,,SG,3500
1626246.0,Boban,Marjanovic,11.5,1,SA@NY,SA,NY,,,0.0,0.0,0,0.0,0.0,0.0,0.0,0.0,0.0,0.0,0.0,0.0,0.0,0.0,0.0,0.0,0.0,0.0,,,0.0,,0.943618284838,,C,3500
202713.0,Kyle,Singler,7.8,2,OKC@HOU,OKC,HOU,,,10.4,11.5,0,0.789912995997,0.41005645543,2.56252242898,0.767159226655,0.460147670422,0.561941119325,0.651559319158,0.733393863022,1.02208878975,1.87235755777,0.998293514323,5.28712954962,0.541457410367,5.28446604023,20.0,2.71328998099e-08,3.68543569717e-16,9.08567976808,10.0026279369,5.93309635718,6.50986183511,SF,3500
203492.0,Ray,McCallum,5.0,1,SA@NY,SA,NY,,,0.0,0.0,0,0.0,0.0,0.0,0.0,0.0,0.0,0.0,0.0,0.0,0.0,0.0,0.0,0.0,0.0,0.0,,,0.0,,0.8000739654,,PG,3500
202498.0,Lance,Thomas,14.3,3,SA@NY,NY,SA,,,0.0,0.0,0,0.0,0.0,0.0,0.0,0.0,0.0,0.0,0.0,0.0,0.0,0.0,0.0,0.0,0.0,0.0,,,0.0,,0.627199570109,,SF,3500
2446.0,Rasual,Butler,5.7,2,SA@NY,SA,NY,,,7.2,7.25,0,0.302332127988,0.193725475461,1.34066386627,0.39364958558,0.126089074694,0.209358728427,0.136313588936,0.227747832218,0.33544780312,1.05987370777,0.47782565629,2.67145340883,0.322111668457,2.91968474029,8.0,1.79500776318e-13,1.78330388368e-25,4.20805059259,4.577609727,3.71278200828,3.95513799298,SF,3500
201575.0,Brandon,Rush,5.9,3,MEM@GS,GS,MEM,,,0.0,0.0,0,0.0,0.0,0.0,0.0,0.0,0.0,0.0,0.0,0.0,0.0,0.0,0.0,0.0,0.0,0.0,,,0.0,,0.654421748103,,SG,3500
203101.0,Miles,Plumlee,8.7,3,MIL@BKN,MIL,BKN,,,20.6,21.25,0,0.353030150684,0.984906170702,0.00121169370149,0.68105597516,1.5014096558,1.35453501402,0.495900488376,0.786103490589,2.85594466981,1.85924592732,0.000333710717384,3.47458306316,0.413726586519,4.13255215188,15.0,5.25554518156e-05,5.1067021803e-12,10.2647408093,10.8008354766,4.97206495565,4.55271019799,C,3500
204025.0,Tim,Frazier,2.5,2,POR@MIN,POR,MIN,,,0.0,0.0,0,0.0,0.0,0.0,0.0,0.0,0.0,0.0,0.0,0.0,0.0,0.0,0.0,0.0,0.0,0.0,,,0.0,,0.934125311342,,PG,3500
101236.0,Chuck,Hayes,1.2,1,OKC@HOU,HOU,OKC,GTD,Foot,1.2,1.25,0,0.595184781371,0.136753897946,0.00457930717196,0.343286186732,0.68976875721,0.723438648038,0.350119186737,0.313931597462,1.41320740525,0.703815566304,0.0,1.53046859128,0.214600179638,1.62223131225,9.0,,,4.8706719425,,2.70121240012,,C,3500
202388.0,Donald,Sloan,3.7,2,MIL@BKN,BKN,MIL,,,0.0,0.0,0,0.0,0.0,0.0,0.0,0.0,0.0,0.0,0.0,0.0,0.0,0.0,0.0,0.0,0.0,0.0,,,0.0,,0.742629874112,,PG,3500
1626242.0,Luis,Montero,0.2,1,POR@MIN,POR,MIN,,,0.0,0.0,0,0.0,0.0,0.0,0.0,0.0,0.0,0.0,0.0,0.0,0.0,0.0,0.0,0.0,0.0,0.0,,,0.0,,0.850069320469,,SF,3500
203956.0,Mitch,McGary,-2.0,1,OKC@HOU,OKC,HOU,,,-2.0,-1.0,0,0.1241171702,0.124254224049,0.0285875500674,0.324673988784,0.408905748068,0.434722546424,0.128036102092,0.285952953662,0.843628294492,0.681000741331,0.00641601190291,1.32026176481,0.21132056193,1.5797380565,4.0,4.09247475167e-11,2.94635412232e-26,2.99689546381,3.18526136137,2.60082274426,2.31270173245,PF,3500
203546.0,Ian,Clark,2.5,2,MEM@GS,GS,MEM,,,0.0,0.0,0,0.0,0.0,0.0,0.0,0.0,0.0,0.0,0.0,0.0,0.0,0.0,0.0,0.0,0.0,0.0,,,0.0,,0.729792018816,,SG,3500
203943.0,Noah,Vonleh,6.7,3,POR@MIN,POR,MIN,,,0.0,0.0,0,0.0,0.0,0.0,0.0,0.0,0.0,0.0,0.0,0.0,0.0,0.0,0.0,0.0,0.0,0.0,,,0.0,,0.789484389296,,PF,3500
203613.0,Jonathon,Simmons,0.0,0,SA@NY,SA,NY,,,0.0,0.0,0,0.0,0.0,0.0,0.0,0.0,0.0,0.0,0.0,0.0,0.0,0.0,0.0,0.0,0.0,0.0,,,0.0,,0.845620626624,,SG,3500
203141.0,Mirza,Teletovic,4.5,3,PHO@LAC,PHO,LAC,,,0.0,0.0,0,0.0,0.0,0.0,0.0,0.0,0.0,0.0,0.0,0.0,0.0,0.0,0.0,0.0,0.0,0.0,,,0.0,,0.650669822529,,PF,3500
203210.0,JaMychal,Green,10.9,3,MEM@GS,MEM,GS,,,0.0,0.0,0,0.0,0.0,0.0,0.0,0.0,0.0,0.0,0.0,0.0,0.0,0.0,0.0,0.0,0.0,0.0,,,0.0,,0.851159069544,,PF,3500
2555.0,Nick,Collison,6.2,2,OKC@HOU,OKC,HOU,,,10.3,10.5,0,0.837048794647,0.20249676737,0.440780701364,0.64706672218,0.794618240587,1.05657113821,0.329261747055,0.539081931584,1.85118937879,0.874264062167,0.11704001684,2.0145896762,0.481941307777,2.34750944895,10.0,2.7794568975e-07,6.0532324789e-15,6.34894499274,6.76956585281,3.1043501634,2.94371106984,PF,3500
1713.0,Vince,Carter,11.1,66,MEM@GS,MEM,GS,,,0.0,0.0,0,0.0,0.0,0.0,0.0,0.0,0.0,0.0,0.0,0.0,0.0,0.0,0.0,0.0,0.0,0.0,,,0.0,,0.704006566935,,SF,3500
2440.0,Matt,Barnes,10.1,3,MEM@GS,MEM,GS,,,0.0,0.0,0,0.0,0.0,0.0,0.0,0.0,0.0,0.0,0.0,0.0,0.0,0.0,0.0,0.0,0.0,0.0,,,0.0,,0.680398484966,,SF,3500
1626178.0,Rondae,Hollis-Jefferson,13.3,3,MIL@BKN,BKN,MIL,,,0.0,0.0,0,0.0,0.0,0.0,0.0,0.0,0.0,0.0,0.0,0.0,0.0,0.0,0.0,0.0,0.0,0.0,,,0.0,,0.821464915471,,SF,3500
1626185.0,Jarell,Martin,0.0,0,MEM@GS,MEM,GS,O,Foot,0.0,0.0,0,0.0,0.0,0.0,0.0,0.0,0.0,0.0,0.0,0.0,0.0,0.0,0.0,0.0,0.0,0.0,,,0.0,,0.845620626624,,PF,3500
1889.0,Andre,Miller,11.6,81,POR@MIN,MIN,POR,,,0.0,0.0,0,0.0,0.0,0.0,0.0,0.0,0.0,0.0,0.0,0.0,0.0,0.0,0.0,0.0,0.0,0.0,,,0.0,,0.892664293777,,PG,3500
203996.0,Damien,Inglis,4.8,3,MIL@BKN,MIL,BKN,,,3.0,3.5,0,0.270075345097,0.0567596291799,0.466539821539,0.364932298099,0.18319292222,0.593557545223,0.150662417726,0.245898916101,0.776750467442,0.46351493606,0.135356525892,1.17334935062,0.282537630792,1.3449240288,4.0,2.19560491153e-11,9.80650722867e-24,2.85108278509,3.08054802949,2.24655640678,2.23626151551,SF,3500
203949.0,James Michael,McAdoo,2.2,3,MEM@GS,GS,MEM,,,0.0,0.0,0,0.0,0.0,0.0,0.0,0.0,0.0,0.0,0.0,0.0,0.0,0.0,0.0,0.0,0.0,0.0,,,0.0,,0.861744722744,,PF,3500
203928.0,Cory,Jefferson,8.5,50,PHO@LAC,PHO,LAC,,,0.0,0.0,0,0.0,0.0,0.0,0.0,0.0,0.0,0.0,0.0,0.0,0.0,0.0,0.0,0.0,0.0,0.0,,,0.0,,0.782773145959,,PF,3500
203937.0,Kyle,Anderson,4.5,3,SA@NY,SA,NY,,,0.0,0.0,0,0.0688844869687,0.0224216549354,0.0348996765953,0.0390544171604,0.0149151529926,0.0397334128445,0.0425783377776,0.0315058229611,0.054648565837,0.0980853849713,0.00854187075375,0.248674602945,0.0268025483431,0.23151518904,1.0,9.56375395563e-25,5.86871839309e-44,0.498914360962,0.521670636111,1.08808186105,1.0224736204,SF,3500
1626174.0,Christian,Wood,2.7,2,CLE@PHI,PHI,CLE,,,0.0,0.0,0,0.0,0.0,0.0,0.0,0.0,0.0,0.0,0.0,0.0,0.0,0.0,0.0,0.0,0.0,0.0,,,0.0,,0.800185983468,,PF,3500
203919.0,Jordan,Adams,6.0,1,MEM@GS,MEM,GS,,,0.0,0.0,0,0.0,0.0,0.0,0.0,0.0,0.0,0.0,0.0,0.0,0.0,0.0,0.0,0.0,0.0,0.0,,,0.0,,0.808549707945,,SG,3500
200811.0,Louis,Amundson,14.6,53,SA@NY,NY,SA,O,Back,0.0,0.0,0,0.0,0.0,0.0,0.0,0.0,0.0,0.0,0.0,0.0,0.0,0.0,0.0,0.0,0.0,0.0,,,0.0,,0.92468939966,,PF,3500
203143.0,Pablo,Prigioni,1.7,1,PHO@LAC,LAC,PHO,,,0.0,0.0,0,0.0,0.0,0.0,0.0,0.0,0.0,0.0,0.0,0.0,0.0,0.0,0.0,0.0,0.0,0.0,,,0.0,,0.845666030001,,PG,3500
1626164.0,Devin,Booker,9.3,2,PHO@LAC,PHO,LAC,,,0.0,0.0,0,0.0,0.0,0.0,0.0,0.0,0.0,0.0,0.0,0.0,0.0,0.0,0.0,0.0,0.0,0.0,,,0.0,,0.75902548694,,SG,3500
1626192.0,Pat,Connaughton,5.0,1,POR@MIN,POR,MIN,,,0.0,0.0,0,0.0,0.0,0.0,0.0,0.0,0.0,0.0,0.0,0.0,0.0,0.0,0.0,0.0,0.0,0.0,,,0.0,,0.819170011079,,SG,3500
203921.0,Cleanthony,Early,3.4,2,SA@NY,NY,SA,,,0.0,0.0,0,0.0,0.0,0.0,0.0,0.0,0.0,0.0,0.0,0.0,0.0,0.0,0.0,0.0,0.0,0.0,,,0.0,,0.729391685929,,SF,3500
203508.0,Sergey,Karasev,1.0,1,MIL@BKN,BKN,MIL,,,0.0,0.0,0,0.0,0.0,0.0,0.0,0.0,0.0,0.0,0.0,0.0,0.0,0.0,0.0,0.0,0.0,0.0,,,0.0,,0.688187818782,,SF,3500
203898.0,Tyler,Ennis,8.4,33,MIL@BKN,MIL,BKN,O,Shoulder,0.0,0.0,0,0.0,0.0,0.0,0.0,0.0,0.0,0.0,0.0,0.0,0.0,0.0,0.0,0.0,0.0,0.0,,,0.0,,0.87000916445,,PG,3500
101179.0,Ronnie,Price,7.7,3,PHO@LAC,PHO,LAC,,,0.0,0.0,0,0.0,0.0,0.0,0.0,0.0,0.0,0.0,0.0,0.0,0.0,0.0,0.0,0.0,0.0,0.0,,,0.0,,0.8563574553,,PG,3500
1626155.0,Sam,Dekker,1.6,2,OKC@HOU,HOU,OKC,,,0.0,0.0,0,0.0,0.0,0.0,0.0,0.0,0.0,0.0,0.0,0.0,0.0,0.0,0.0,0.0,0.0,0.0,,,0.0,,0.824869165214,,SF,3500
201619.0,Sasha,Kaun,2.9,2,CLE@PHI,CLE,PHI,,,0.0,0.0,0,0.0,0.0,0.0,0.0,0.0,0.0,0.0,0.0,0.0,0.0,0.0,0.0,0.0,0.0,0.0,,,0.0,,0.905047090032,,C,3500
2588.0,Matt,Bonner,7.0,72,SA@NY,SA,NY,,,0.0,0.0,0,0.0,0.0,0.0,0.0,0.0,0.0,0.0,0.0,0.0,0.0,0.0,0.0,0.0,0.0,0.0,,,0.0,,0.559305633408,,C,3500
2210.0,Richard,Jefferson,10.7,3,CLE@PHI,CLE,PHI,,,0.0,0.0,0,0.0,0.0,0.0,0.0,0.0,0.0,0.0,0.0,0.0,0.0,0.0,0.0,0.0,0.0,0.0,,,0.0,,0.582732220641,,SF,3500
