NBA_ID,First Name,Last Name,FPPG,Played,Game,Team,Opp,Status,Injury Details,Actual_FD,Actual_DK,Actual_MIN,AST,BLK,FG3A,FTA,OREB,DREB,STL,TOV,REB,FGM,FG3M,FGA,FTM,PTS,MIN,DD,TD,FD,DK,FD_std,DK_std,fd_Pos,fd_Salary
201939.0,Stephen,Curry,50.3,11,TOR@GS,GS,TOR,,,49.9,56.0,16,7.37720956595,0.287646813878,11.8341017011,6.63741241019,0.461886980183,3.80070691927,2.66854095432,3.93569673853,4.26259389946,11.6540180892,5.3894226158,22.8195103338,6.07194493467,34.7694037288,40.0,0.221896549667,0.00265906547399,52.927009555,58.143520948,23.004669171,25.4101296261,PG,11000
203076.0,Anthony,Davis,45.0,8,DEN@NO,NO,DEN,,,3.9,4.0,16,0.365571610045,0.457991164982,0.254610852855,1.24498579699,0.335346735458,0.994480671341,0.235939820702,0.333056372208,1.3298274068,1.5658519554,0.101285420431,2.9835726188,0.960382035743,4.19337136697,6.0,1.07178561658e-07,8.83014875878e-18,7.39232726936,7.67598969678,4.43495668668,4.10974713143,PF,10900
2544.0,LeBron,James,46.9,10,CLE@DET,CLE,DET,,,37.7,42.0,16,7.1810730621,0.764148493987,4.97666889662,8.88017776845,1.16729998314,4.21193978982,1.97550730754,4.05220877553,5.37923977296,10.9640786678,1.64373207053,21.9489161466,5.86001275556,29.4319021618,40.0,0.235734121358,0.00898815259468,48.08570231,51.5832003615,20.7763993011,20.8508693106,SF,10200
203083.0,Andre,Drummond,46.6,10,CLE@DET,DET,CLE,,,51.6,55.5,16,0.836084365555,1.65799178915,0.00939833887778,6.88013774918,6.56690905294,11.3182163168,1.73659123552,2.53001413499,17.8851253697,8.29020604522,0.000101818791345,15.3887594147,2.70669920012,19.2872131094,39.0,0.959320885971,2.30600754268e-05,46.2626420157,49.8610067703,17.3563665714,16.8364043145,C,9800
2546.0,Carmelo,Anthony,38.3,11,CHA@NY,NY,CHA,,,41.7,44.75,16,3.74285820756,0.573653377371,5.32330385355,6.13252260721,1.41544676481,5.33964389392,0.931406859431,2.11659293966,6.75509065874,8.77888485307,1.85654563676,21.0592641488,5.27820799283,24.6925233357,37.0,0.150115244349,0.000759211305183,39.3064469715,41.8582212931,19.2105727962,19.5982180791,SF,9600
202322.0,John,Wall,37.6,8,MIL@WAS,WAS,MIL,,,34.7,38.5,16,8.19023811022,1.1178633928,3.54411121517,4.8289023545,0.543006969531,1.83083807107,1.74196333392,3.78745645821,2.3738450406,5.69549515979,0.997870498124,13.3063341838,3.58585385684,15.9747146745,31.0,0.282750985954,5.64869533665e-05,33.0408828838,35.9765345538,12.8096155122,12.9197322512,PG,9200
200768.0,Kyle,Lowry,38.5,11,TOR@GS,TOR,GS,,,43.7,46.0,16,7.20549993978,0.594918895188,6.84305063494,6.55592313482,0.916190617561,3.46776956354,2.56286236381,3.31606953326,4.3839601811,6.79394881726,2.67367831034,16.4016605256,5.61840204628,21.8799779911,39.0,0.202989742974,0.00280970222604,40.9484731029,44.4754587549,15.7948858384,16.9597302775,PG,8600
200794.0,Paul,Millsap,37.5,12,ATL@BKN,ATL,BKN,,,27.7,31.5,16,3.59333202453,1.07608529259,3.43745507773,5.47132662933,1.97294696366,5.57034319231,2.05348522654,2.69257303194,7.54329015598,6.26552040895,1.28813680095,12.8404360426,4.09515489663,17.9143325155,35.0,0.222371255205,0.000881055385856,35.9228467458,38.626566219,12.8754636939,12.9918735978,PF,8300
202355.0,Hassan,Whiteside,36.2,9,MIN@MIA,MIA,MIN,,,54.8,60.5,16,0.297442806861,4.64645172414,0.0161622262606,4.24426531957,3.65436573893,8.10440218263,0.747140901371,2.35159569774,11.7587679216,7.34113586968,0.00445122259141,11.894045454,2.06822736023,16.7549503222,34.0,0.712282597378,0.0143496072626,39.7472255916,42.6246601657,13.7322099885,13.078239181,C,8300
202328.0,Greg,Monroe,37.4,10,MIL@WAS,MIL,WAS,,,15.0,16.75,16,2.25376439295,0.669887803337,0.000236697617693,3.3094109452,2.5214709149,4.44503989627,0.929840240225,1.63533363184,6.96651081117,5.26592876922,1.47720585205e-07,10.1138234912,2.49985561993,13.0317133061,26.0,0.136703757836,1.67320300637e-05,26.3362953242,27.7073935874,11.8133120261,11.3506938735,C,8200
2547.0,Chris,Bosh,36.2,9,MIN@MIA,MIA,MIN,,,19.4,20.25,16,1.6181436354,0.910181202623,4.15803485299,4.78450318816,1.18206211833,5.63775136279,0.814568860496,1.2393598576,6.81981348112,6.48930057634,1.47429550859,14.2553833618,3.77485311332,18.2277497746,32.0,0.145365247365,1.15266774437e-06,31.0488816737,32.9647513599,13.7518893908,14.0384624904,PF,8200
203110.0,Draymond,Green,35.4,11,TOR@GS,GS,TOR,GTD,Illness,28.3,30.75,16,6.46627847912,1.5198115768,4.08242109955,2.45525572959,1.45473681382,5.22928404517,1.55953743462,2.44168365548,6.68402085899,4.58518037334,1.56084915502,10.0648693198,1.78384733961,12.5150572413,35.0,0.201861043067,0.0127336841135,33.9523143581,36.6287744233,10.3712069968,10.9433602799,PF,8000
201572.0,Brook,Lopez,34.5,10,ATL@BKN,BKN,ATL,,,44.5,47.0,16,1.22425334056,2.37188837764,0.240664703326,5.24865789488,3.11543364061,5.11323728437,0.405685509695,2.00889965498,8.22867092498,7.96035976347,0.00459449596233,16.2156972273,4.26859069307,20.193904716,35.0,0.307355866856,5.66328392172e-05,35.4509379565,37.330322277,17.6681710816,17.2278758481,C,8000
201567.0,Kevin,Love,35.8,10,CLE@DET,CLE,DET,,,32.3,35.25,16,2.41717812177,0.430860790537,6.22554406844,3.76329738085,2.62559373512,6.77936512229,0.684885412631,2.13656124799,9.40495885741,5.87224942317,2.02056792715,13.9504152885,3.15163417721,16.9167009507,34.0,0.433152311009,9.22874901834e-05,31.9233499206,35.12216778,13.536862605,14.5012082833,PF,7800
201143.0,Al,Horford,34.9,12,ATL@BKN,ATL,BKN,,,31.0,33.25,16,3.41070097633,1.67315656596,2.89566418251,1.56563532041,2.38561596141,4.50536191389,0.85547210859,1.63392692638,6.8909778753,7.81466590246,1.04455269941,14.7972013412,1.34634105535,18.0202255597,34.0,0.153554228509,0.000419427864051,34.8287808972,36.7441592303,14.5173756136,14.3287682025,C,7800
201942.0,DeMar,DeRozan,33.6,11,TOR@GS,TOR,GS,,,41.0,43.25,16,4.50167678069,0.256932785281,1.58879546488,9.79737869521,0.734428300423,3.24516868579,1.42241336591,2.7372653783,3.97959698621,7.49449362932,0.331493833447,17.7643423162,7.97271318369,23.2931942758,39.0,0.0244915416901,0.00013206089057,35.4426527543,37.2131457047,18.1513438556,17.8670106706,SG,7800
202704.0,Reggie,Jackson,31.6,10,CLE@DET,DET,CLE,,,45.2,50.0,16,6.28763391148,0.186564732408,4.17019698436,4.88662440317,0.69923150856,2.81689598578,0.952405738298,3.95767224487,3.51612749434,7.58248769823,1.35097891944,17.6520246466,4.00172367475,20.5176779906,34.0,0.106531836822,0.00035305314657,32.4887505476,35.4797394192,16.4913415581,16.6539731855,PG,7600
201937.0,Ricky,Rubio,34.4,6,MIN@MIA,MIN,MIA,GTD,Hamstring,21.3,22.0,16,7.37756209549,0.092790215331,1.69446805901,3.97348718379,0.541174532036,2.17929191502,1.82705556935,2.03579052854,2.72046644705,3.09204059128,0.368501599876,8.49257258012,3.3050953605,9.85767814295,27.0,0.125875681065,6.94019053238e-05,25.9924820635,27.5196731773,8.60207312468,8.52178082347,PG,7400
203078.0,Brad,Beal,31.6,6,MIL@WAS,WAS,MIL,GTD,Shoulder,0.0,0.0,16,0.0,0.0,0.0,0.0,0.0,0.0,0.0,0.0,0.0,0.0,0.0,0.0,0.0,0.0,0.0,,,0.0,,0.760706388681,,SG,7300
201587.0,Nicolas,Batum,31.6,10,CHA@NY,CHA,NY,,,10.2,11.5,16,3.97675456679,0.504027697144,5.14848627951,3.06034241828,1.12949331162,4.06813940762,1.05609004231,2.4826935342,5.19763271925,5.05501533144,2.07636700844,11.5968679011,2.60217124861,14.7885689199,35.0,0.0411221814829,0.000268513929909,27.6284019779,30.2303026992,11.8054534255,12.7043572344,SF,7200
201952.0,Jeff,Teague,31.1,11,ATL@BKN,ATL,BKN,O,Ankle,0.0,0.0,16,0.0,0.0,0.0,0.0,0.0,0.0,0.0,0.0,0.0,0.0,0.0,0.0,0.0,0.0,0.0,,,0.0,,0.988077777884,,PG,7200
203487.0,Michael,Carter-Williams,30.8,5,MIL@WAS,MIL,WAS,,,9.2,12.25,16,4.02397927735,0.522663480038,1.67791666237,2.9600426398,0.562277377997,1.57299231505,1.09173116054,2.568887765,2.13526969305,3.48821197075,0.489271289407,8.37647110866,2.15955330759,9.62524853851,22.0,0.00487927540058,3.84450583855e-07,18.8834426023,20.5266056806,8.73117265375,8.61848903568,PG,7000
202702.0,Kenneth,Faried,28.1,10,DEN@NO,DEN,NO,GTD,Back,20.4,21.25,16,0.958494160685,0.933914906105,0.0334781602652,3.19517858074,3.21365257034,4.80114860272,0.61434639656,1.48533057691,8.01480117306,5.1130567985,0.00408305903685,9.08586140764,2.06241254311,12.2926091992,26.0,0.222250609924,3.03621101283e-08,24.9593038763,26.4381267589,10.8542720223,10.3285591763,PF,7000
202689.0,Kemba,Walker,29.3,10,CHA@NY,CHA,NY,,,44.3,46.0,16,5.72933706298,0.608592218763,4.61846962239,5.0757804955,0.558784717386,2.6039022911,1.87619794482,1.9584123496,3.16268700849,6.69850570081,1.49631736291,16.5358152801,4.22046069858,19.1137894631,38.0,0.0661163212289,0.000106287886554,34.5141874453,36.4991799975,15.2885973608,15.6465748184,PG,7000
203952.0,Andrew,Wiggins,26.7,9,MIN@MIA,MIN,MIA,,,36.1,36.75,16,1.86028142054,0.507604091609,2.11387861172,6.08388990043,1.39894387488,1.61379599792,0.769436112314,2.08061536817,3.0127398728,6.80752443401,0.737155841654,15.8392128699,4.42734420348,18.7795489132,33.0,0.0011285582906,2.81982793752e-08,25.658723931,27.2199394516,15.7765690695,15.6147856695,SF,7000
203507.0,Giannis,Antetokounmpo,31.1,9,MIL@WAS,MIL,WAS,,,25.5,27.75,16,2.6455122231,1.1079228956,1.50583551447,4.37875407989,1.37768328654,4.23297062269,0.991874498388,2.70328668374,5.61065390923,5.94098621141,0.448985165633,12.1666864197,3.45348037446,15.7844379629,35.0,0.0553663142154,2.36110709511e-05,27.9817990929,29.9215880176,12.7480485302,12.4208192813,SG,7000
2548.0,Dwyane,Wade,29.1,8,MIN@MIA,MIA,MIN,,,18.4,21.0,16,4.93755716234,0.588609876791,1.88377970801,5.27430047855,0.816533690413,1.6458868433,1.13915123753,2.94029532832,2.46242053371,7.50845849602,0.62344321203,16.8682164154,4.14128750989,19.781647714,32.0,0.0292419077531,7.15822085521e-06,30.6581149983,32.6069896314,16.8977704423,16.6572783132,SG,6900
2744.0,Al,Jefferson,26.9,10,CHA@NY,CHA,NY,,,27.0,27.25,16,1.72059744094,0.893350879388,0.0254555250175,1.69052358442,1.3762682484,3.48127663095,0.731549580739,0.722492583051,4.85754487936,6.36485385388,0.00935704672103,12.6023103811,1.02556393026,13.7646286847,26.0,0.0227324755084,3.02286534007e-07,24.7018870386,25.3447887176,14.1037807269,13.6437898389,C,6800
1626157.0,Karl-Anthony,Towns,32.6,10,MIN@MIA,MIN,MIA,,,32.8,37.0,16,1.00174939204,1.69698769481,0.517273552874,2.80663282307,2.3208412883,6.57328099824,0.617810005959,1.82303862496,8.89412228654,5.34479893189,0.128334534037,11.1000833777,2.43844675786,13.2563791557,26.0,0.331125912852,3.94311678006e-06,28.2385067642,30.1556001566,12.2094407317,11.8259150824,C,6800
201568.0,Danilo,Gallinari,27.4,10,DEN@NO,DEN,NO,,,50.6,55.0,16,2.47555243148,0.643709285731,5.72593141319,6.36552647345,1.42391853746,2.79687097977,0.784971618231,1.49885641269,4.22078951723,6.15934925757,2.21537548405,14.5064829897,5.77792669766,20.3120006969,37.0,0.0114836372529,2.88588793545e-06,30.44878216,32.5341716978,14.0989114096,14.9725832208,SF,6600
202691.0,Klay,Thompson,24.8,10,TOR@GS,GS,TOR,GTD,Back,24.7,25.75,16,2.74519484148,0.848007757224,7.12649107272,1.95994500337,0.34350495336,2.71729995031,0.903661406122,2.05404014231,3.06080490367,7.38216425234,2.82980326799,16.3671628137,1.7428348056,19.3369665783,34.0,0.00177098202671,6.96868933683e-07,28.5770229093,31.1746434233,15.8160685172,17.0252710006,SG,6500
101127.0,Jarrett,Jack,30.2,9,ATL@BKN,BKN,ATL,,,29.6,32.25,16,6.95084182229,0.136286311845,3.01821075507,3.38180494474,0.37168924999,2.86075384262,0.849415970378,2.58717722707,3.23244309261,5.42136724901,1.03118952281,13.2080427395,2.90316170524,14.7770857261,34.0,0.1467092764,0.000274630588356,28.466507508,30.658200844,12.6402512837,12.7459573349,PG,6400
2207.0,Joe,Johnson,23.2,10,ATL@BKN,BKN,ATL,,,36.9,38.25,16,4.97310987072,0.128014939591,4.33128731687,2.72966098643,0.931952667579,3.51012247309,0.739951205823,1.63093231501,4.44207514067,4.98003870207,1.14932360668,13.7903108115,2.29980796271,13.4092089735,39.0,0.0383786974552,0.000399974053762,26.3043639242,27.9753636105,12.445807161,12.8211850245,SG,6300
201163.0,Wilson,Chandler,24.6,78,DEN@NO,DEN,NO,O,Hip,0.0,0.0,16,0.0,0.0,0.0,0.0,0.0,0.0,0.0,0.0,0.0,0.0,0.0,0.0,0.0,0.0,0.0,,,0.0,,0.647602079227,,SF,6200
2590.0,Mo,Williams,26.6,10,CLE@DET,CLE,DET,,,29.5,31.75,16,5.26224964545,0.069703155514,4.74174887122,2.45369818837,0.304975031743,2.0310895611,0.6081604526,2.28482728727,2.33606459284,5.16470612276,1.63913719973,11.5164974959,2.21349554269,14.1820449879,29.0,0.0360344712939,5.84595584047e-06,23.9495968965,26.0824516144,11.4554066481,12.0736051252,PG,6100
202694.0,Marcus,Morris,27.5,10,CLE@DET,DET,CLE,,,22.3,24.0,16,1.95918629505,0.353805387436,4.12088137008,3.62912386504,1.5308024405,3.00029199509,1.54208022087,1.73553919814,4.53109443559,5.08837762033,1.26055384544,12.6431716243,2.53745383578,13.9747629219,36.0,0.015110162085,6.70048112242e-07,24.4070877056,26.1543562025,11.9888373228,12.3564892549,SF,6100
202685.0,Jonas,Valanciunas,26.9,11,TOR@GS,TOR,GS,,,19.2,21.25,16,0.444706604422,0.95259685863,0.00483730081595,4.40039713691,3.42335744217,6.06201839206,0.344418545632,1.78906096588,9.48537583423,5.74536367453,6.93871417473e-05,10.1127347489,3.42483338984,14.915630126,31.0,0.429569375585,3.07640664865e-08,27.7701108764,29.7832990003,11.9902425459,11.4564068769,C,6100
201569.0,Eric,Gordon,27.3,10,DEN@NO,NO,DEN,,,32.2,33.75,16,3.49726436081,0.29809777779,7.82469176693,2.99117599351,0.525645600053,1.68573602574,0.953313781905,1.73078325643,2.2113816258,6.76269202795,3.04949563599,15.835133718,2.46772341208,19.042603104,38.0,0.00325275906978,3.31708180564e-07,27.7141974591,30.2197861203,15.7573572289,17.2808220625,SG,6000
101162.0,Marcin,Gortat,23.7,8,MIL@WAS,WAS,MIL,,,23.3,24.25,16,1.3463870171,1.13181495666,0.0123783121245,3.26441058471,1.82845027222,4.33248745121,0.471224062307,1.61981151586,6.16093772344,4.11953388694,0.000227537899279,8.13686807185,2.51026221525,10.749557527,27.0,0.0645973198019,1.25197422704e-07,21.7485298429,22.9634926112,9.79640656281,9.36669126398,C,6000
201583.0,Ryan,Anderson,26.2,10,DEN@NO,NO,DEN,,,34.2,35.0,16,1.14777762604,0.488464466803,6.22672625916,2.79738872648,2.18064968296,4.5030887674,0.504393138612,1.47692934397,6.68373845036,6.76666069139,2.1304635931,15.2977823123,2.30133525543,17.9651202313,34.0,0.131383978309,5.08896224196e-08,28.2160586777,30.5510181888,14.5583421928,15.4273121516,PF,5900
1626144.0,Emmanuel,Mudiay,25.6,10,DEN@NO,DEN,NO,,,31.6,32.75,16,6.58010122125,1.02768102734,4.25671329371,3.56725375058,0.858913093169,3.72437291435,1.12967471298,4.02382388633,4.58328600752,5.20372801264,1.16282539261,14.6674615385,2.39109871988,13.9613801378,33.0,0.12614385088,0.0020939050953,29.622362773,32.6403492044,13.2089719343,13.5597573426,PG,5900
203897.0,Zach,LaVine,22.4,10,MIN@MIA,MIN,MIA,,,28.3,29.5,16,4.442895903,0.0591360694139,3.24144212146,3.22385325939,0.632563682242,2.15539496201,0.91079742781,2.80507069592,2.78795864425,5.32892296617,1.26554389884,12.1159140876,2.78931174523,14.7127015764,28.0,0.0143965909322,8.8421936884e-06,23.8573921025,26.0537187451,11.854468766,12.0538531698,SG,5900
201960.0,DeMarre,Carroll,21.8,8,TOR@GS,TOR,GS,,,33.4,35.5,16,1.75026614057,0.263719539799,5.48430983765,2.82769861979,1.71777351203,2.76511716368,1.84978008472,1.57222114288,4.48289067571,5.41725454666,2.06807730286,13.1190006986,1.87226409135,14.7748504875,39.0,0.0144470266671,5.72178902419e-07,25.4344966154,27.5004626286,12.7698083053,13.6707588351,SF,5800
201152.0,Thaddeus,Young,28.3,10,ATL@BKN,BKN,ATL,,,37.2,40.25,16,1.8690297296,0.572768475528,0.995876692589,1.85829453369,2.53742758246,4.38621735587,1.66636427216,1.90098308956,6.92364493834,6.99105940672,0.240895062516,13.748412968,1.1654570252,15.3884709012,33.0,0.145735679221,5.3416761026e-06,29.0776718274,30.7134126942,14.4878229971,14.0442763587,PF,5800
203114.0,Khris,Middleton,23.5,10,MIL@WAS,MIL,WAS,,,17.4,19.0,16,1.80138403151,0.13457986617,3.25110474144,2.15239545025,0.303660632074,1.85481918746,1.01940253729,1.04776987926,2.15847981953,3.7872809665,1.37423848619,9.41632571963,1.88731317379,10.836113593,27.0,6.98814469229e-05,1.12057094922e-09,17.3885603514,18.7075933506,9.38566805352,9.8560979267,SF,5700
203953.0,Jabari,Parker,12.9,5,MIL@WAS,MIL,WAS,O,Foot,0.0,0.0,16,0.0,0.0,0.0,0.0,0.0,0.0,0.0,0.0,0.0,0.0,0.0,0.0,0.0,0.0,0.0,,,0.0,,0.713959717886,,PF,5600
201950.0,Jrue,Holiday,20.4,7,DEN@NO,NO,DEN,,,22.7,23.25,16,4.9052244957,0.321455386398,2.70772666579,2.11097349016,0.276899316209,1.00455714803,1.0725078392,2.33622829229,1.28145646424,4.42986920683,1.01930372366,10.4181665341,1.68111987706,11.5601620144,23.0,0.0203635224521,2.53066813942e-08,20.9074446739,22.6798288647,10.3105475964,10.4477062395,PG,5600
201609.0,Goran,Dragic,20.0,9,MIN@MIA,MIA,MIN,,,31.9,33.5,16,5.08692183597,0.300784498796,3.27190254,3.19243461755,0.676509156349,2.28492179297,0.979326521597,2.56944062813,2.96143094932,5.46495881302,0.958805335426,12.0689371785,2.5532667534,14.4419897149,36.0,0.0313520442209,3.05490107348e-05,25.6168710207,27.5761852633,11.7483490515,11.7957623896,PG,5600
203490.0,Otto,Porter,25.5,8,MIL@WAS,WAS,MIL,,,33.4,35.0,16,1.9605517701,0.46537504002,2.83928230072,2.0626379123,1.0581521462,2.87399960139,1.3494948266,1.17849252134,3.93215174759,4.3129322168,0.766795565028,8.82071885712,1.71001262634,11.102672625,30.0,0.00501788915872,2.05096436198e-07,21.2133295891,22.3901086687,9.01506290479,8.97310874064,SF,5500
204001.0,Kristaps,Porzingis,24.7,11,CHA@NY,NY,CHA,,,43.2,46.75,16,0.869748692631,1.22776592584,3.43373841874,3.66217262609,3.42561108706,6.47042520068,1.00514736907,1.88128132111,9.89603628774,5.79048032435,0.9164910224,13.9693928131,2.97735611603,15.4748077871,31.0,0.478635151005,4.08831737343e-07,31.2392196401,33.8508615792,13.1831095384,13.2592123021,PF,5400
202397.0,Ishmael,Smith,25.7,10,DEN@NO,NO,DEN,,,29.6,31.75,16,9.43805667359,0.542837988323,2.47565094287,1.87197808577,0.806349096779,2.97334810671,1.5057366982,3.26738349043,3.77969720349,5.38675651864,0.779557295548,14.2941966845,1.31670179225,12.8697721251,38.0,0.378236459163,0.00209006283359,32.3922596623,35.1783397927,13.4341599452,13.4394538814,PG,5400
202684.0,Tristan,Thompson,21.1,10,CLE@DET,CLE,DET,,,16.8,17.25,16,0.461991851554,0.634373721782,0.000243842867084,2.23165891766,2.10303229276,4.4714389304,0.334766845381,0.57275192787,6.57447122317,2.66491830563,2.93068428559e-06,4.50623206763,1.27832730199,6.60816684394,21.0,0.0348909527627,6.00159060012e-11,16.5560492955,17.2234867153,6.30859645507,5.79549490837,PF,5300
203084.0,Harrison,Barnes,23.9,11,TOR@GS,GS,TOR,,,13.3,14.0,16,2.00588033845,0.279238857182,2.95867700801,2.74982235544,1.15513942429,2.96391634551,0.856056438148,1.03352748513,4.1190557698,4.89244768012,1.02963768074,9.99059186751,2.36490457074,13.1794376117,32.0,0.00801771843894,3.80272185584e-07,22.3681881487,23.6177512386,10.1894085666,10.2541328656,SF,5300
101107.0,Marvin,Williams,25.1,10,CHA@NY,CHA,NY,GTD,Pectoral,8.7,8.75,16,1.50744053649,0.981203695931,3.84683654426,1.10209281542,0.979574845722,4.17636193907,0.724622647134,0.860798105022,5.15593678479,3.32075166779,1.42937563503,7.57126968004,0.813624702431,8.88450367303,30.0,0.0187396471025,8.19975876996e-08,19.8836432006,21.3146366265,8.42045229701,9.10926209275,PF,5200
101106.0,Andrew,Bogut,25.4,5,TOR@GS,GS,TOR,,,25.2,26.5,16,1.83290621481,1.18393457545,0.000147343907349,0.792572582917,1.82442959166,2.95881382275,0.511310646744,1.25397498707,4.78324341441,2.39613409861,9.68007877194e-05,3.97360698274,0.397269802587,5.1896348006,17.0,0.00340393308361,7.84641963702e-08,15.8154016774,16.6867058771,5.67074317751,5.13469377562,C,5200
203484.0,Kentavious,Caldwell-Pope,22.3,10,CLE@DET,DET,CLE,,,18.9,19.5,16,1.53072510855,0.291111679113,5.07784878236,2.51270115914,0.628586272403,2.04569000092,1.4012439241,1.1762520438,2.67427627332,5.13900327154,1.42884915056,12.8722859979,2.02687748492,13.7337331786,38.0,0.000392897859732,2.77522447771e-09,21.447411532,22.8842652979,12.0712534819,12.6580468436,SG,5100
203145.0,Kent,Bazemore,23.5,12,ATL@BKN,ATL,BKN,O,Ankle,0.0,0.0,16,0.0,0.0,0.0,0.0,0.0,0.0,0.0,0.0,0.0,0.0,0.0,0.0,0.0,0.0,0.0,,,0.0,,0.824415476507,,SG,5100
2736.0,Luol,Deng,18.0,9,MIN@MIA,MIA,MIN,,,30.7,32.5,16,1.66763412699,0.402053420092,3.82687892712,2.35983823732,1.25148220605,2.81242402699,0.989186002289,1.13027462767,4.06390623303,4.94573634126,1.34477233996,10.6771504527,1.61904275141,12.8552877739,33.0,0.00709562400587,7.27946310393e-08,21.8856306611,23.336993111,10.6880381979,11.0402153998,SF,5100
203115.0,Will,Barton,25.4,10,DEN@NO,DEN,NO,,,33.4,35.75,16,2.53261398841,0.800796207846,3.89273665236,3.6860679508,0.945453131577,4.17773135845,1.70656780903,1.53911364845,5.12318449003,6.61170203503,1.55323207902,14.2544058308,3.18011281056,17.9567489596,37.0,0.0350740591725,1.10987508828e-05,31.3791057156,33.2340821889,13.7678817355,14.0212846127,SG,5000
2747.0,J.R.,Smith,14.6,7,CLE@DET,CLE,DET,,,22.2,23.75,16,2.71958692993,0.570395120371,6.12016223108,0.992415535494,0.937328321153,2.04187011108,1.02672792537,1.85821644148,2.97919843224,4.57881804367,2.17175077025,11.9475813252,0.437111267535,11.7664981251,36.0,0.00111198109302,3.91240781553e-07,20.7569462887,22.9225589616,12.0189801969,13.2430962589,SG,5000
2594.0,Kyle,Korver,18.8,10,ATL@BKN,ATL,BKN,,,21.5,24.25,16,2.40510591089,0.306015819141,4.58114990029,0.82579767952,0.131428948965,2.60141041813,0.748458009754,1.23828614486,2.73283936709,3.98481564424,2.04587232601,7.65281261539,0.775451982234,10.7909555967,31.0,0.000484554101858,7.23271119493e-08,18.5486832165,20.3281314684,9.37140095634,10.3157998615,SG,4800
201593.0,Nikola,Pekovic,23.5,31,MIN@MIA,MIN,MIA,O,Achilles,0.0,0.0,16,0.0,0.0,0.0,0.0,0.0,0.0,0.0,0.0,0.0,0.0,0.0,0.0,0.0,0.0,0.0,,,0.0,,0.771302157252,,C,4800
203471.0,Dennis,Schroder,21.4,12,ATL@BKN,ATL,BKN,,,26.0,28.25,16,5.95942626717,0.0266948827619,3.54589057215,2.53271477153,0.383543102995,1.91649198943,0.84526429321,2.49813554328,2.30003509242,5.15204781952,1.17091511277,12.5059236455,1.99655508097,13.4715658328,29.0,0.0668211832002,9.60387624898e-06,24.4165301531,26.4663178222,11.9039109572,12.1472781922,PG,4800
2755.0,Kevin,Martin,19.1,9,MIN@MIA,MIN,MIA,,,14.8,15.0,16,1.5245407556,0.00903131640735,2.942457809,4.42526949689,0.295245910236,1.21189543544,0.504990688962,1.32928443143,1.50714134568,4.06796112959,0.897306440843,10.3823575153,3.88831615564,12.9215448557,23.0,7.27049673755e-06,1.62901018794e-11,16.7156851832,17.9043485924,10.1583227358,10.3262621174,SG,4700
2738.0,Andre,Iguodala,23.1,11,TOR@GS,GS,TOR,,,20.1,21.25,16,4.32714822654,0.257102211054,3.30074179983,1.64099853444,1.14594923969,2.45544635359,1.50663221412,1.17752560192,3.60139559328,3.86729327667,1.35737564068,7.90422108947,0.945663386203,10.0376255802,32.0,0.0103856978205,3.21887554931e-05,23.1999658804,24.6631613944,8.64963963795,9.07395145046,SF,4700
204038.0,Langston,Galloway,20.8,11,CHA@NY,NY,CHA,,,22.3,24.5,16,2.44147751514,0.136390765607,3.47999603734,2.1854761075,0.817508174667,2.71014462263,0.960461187396,0.802669484007,3.5276527973,3.84555663252,1.7181675575,8.58596796044,1.67887864132,11.0881594639,28.0,0.0025037102306,5.41672926892e-07,20.3745935153,21.8151518663,9.12147911152,9.75077581124,SG,4700
203087.0,Jeremy,Lamb,22.1,9,CHA@NY,CHA,NY,GTD,Shoulder,23.7,24.0,16,1.47246567357,0.436717518044,3.9323684152,1.29162001082,0.522477269233,2.25544664097,0.613527760199,0.865679612308,2.7779239102,4.71135092013,1.41865919905,9.40762091098,0.981174397388,11.8225354367,23.0,0.000451544951622,1.56754128579e-09,18.5995535835,19.8812965068,9.82467304352,10.236778849,SG,4600
2749.0,Jameer,Nelson,16.9,8,DEN@NO,DEN,NO,,,28.8,31.0,16,4.70561155463,0.0453208230877,4.49761677862,1.17871415328,0.449005538874,1.57876145375,0.827395950113,1.9917662571,2.02776699263,3.54015260693,1.43482554478,9.36114701061,0.885698000944,9.40082875959,26.0,0.0120994513109,6.28699824289e-07,18.646233772,20.4790690856,9.46755472759,10.2427394389,PG,4600
202391.0,Jeremy,Lin,19.7,10,CHA@NY,CHA,NY,,,21.5,22.75,16,4.15396195067,0.52732495571,3.44928601691,4.44125245226,0.497828597513,1.52800909952,1.15910861612,2.206663467,2.02583769704,4.4356160839,1.14039301778,10.6776974212,3.64387029107,13.6554954766,28.0,0.00875017629909,4.53475574985e-07,23.4836473157,25.2715940679,10.5972024174,10.8869124819,PG,4600
201577.0,Robin,Lopez,19.9,11,CHA@NY,NY,CHA,,,12.9,14.75,16,1.09736547597,0.86703540345,0.00373574140465,1.04118888298,1.85960819999,2.39969498988,0.25499223754,1.16391449558,4.25930318987,2.48623829098,3.85764292095e-08,5.19611346471,0.929046405371,5.9015230259,18.0,0.00245955931161,7.09851443505e-10,13.7388758541,14.5374876218,6.59123810903,6.21840353735,C,4500
201167.0,Arron,Afflalo,17.3,3,CHA@NY,NY,CHA,,,23.1,24.75,16,2.14515954962,0.0557613434862,4.38875264863,1.81711146159,0.481476516118,1.89799410057,0.333688918595,1.09489636548,2.37947061669,5.82255110374,1.3577736988,13.4933246448,1.54857177336,14.5514476796,36.0,0.000233440078644,1.33712271266e-08,20.3085559028,21.654214666,12.6887898829,13.0392123733,SG,4500
201581.0,J.J.,Hickson,18.1,8,DEN@NO,DEN,NO,,,4.4,4.5,16,0.250522428435,0.219227084397,0.00507151837556,0.899190082639,0.482839677251,0.932914786685,0.130468181703,0.3664894748,1.41575446394,1.04767609866,0.0,1.93879537788,0.426442475573,2.5217946729,6.0,,,4.92938472968,,3.39563537337,,PF,4400
202357.0,Nemanja,Bjelica,20.5,10,MIN@MIA,MIN,MIA,,,8.8,9.0,16,1.33662400959,0.27526902038,2.14651020148,1.06696520844,0.555754500569,2.96267039374,0.393982965157,0.676945645088,3.51842489431,1.51293765939,0.750984714858,3.65070337179,0.683056439713,4.45991647335,16.0,0.000395931124982,5.92751967621e-10,11.3485206869,12.23900101,4.97035766671,5.38548371358,SF,4400
101181.0,Jose,Calderon,14.4,11,CHA@NY,NY,CHA,,,17.1,18.75,16,4.13808852662,0.00559921822235,3.77362502164,0.625381411903,0.368369846949,1.71652327435,1.02395811936,1.59566900406,2.0848931213,3.57180847578,1.4433297564,8.39559196753,0.595862918533,9.1828096265,31.0,0.00530501400777,3.45011629352e-07,18.3552598331,19.9869624254,8.83851946833,9.47639086549,PG,4400
201573.0,Jerryd,Bayless,21.9,10,MIL@WAS,MIL,WAS,,,26.7,29.5,16,4.53067433782,0.296827278598,4.54913304674,2.80098505329,0.366997063159,2.02153598814,1.34117985727,2.46758303652,2.3885330513,4.9107212187,2.00440081291,11.4491711859,2.3266033522,14.1524466025,37.0,0.0151575126482,2.93320140343e-06,24.623129006,27.0012926519,11.4428191441,12.2116527203,PG,4300
202709.0,Cory,Joseph,18.3,11,TOR@GS,TOR,GS,,,30.0,30.25,16,3.66304066181,0.29815406035,0.911308059229,2.76108272183,0.603834103648,2.0248389329,0.916373906048,1.23466201761,2.62867303655,4.08318791876,0.349769768121,7.46208039396,2.15302256772,10.6691681734,28.0,0.0032711624633,1.22609197953e-06,20.5125307251,21.4410906918,8.63383229073,8.23364526874,PG,4300
2449.0,Luis,Scola,19.0,11,TOR@GS,TOR,GS,,,12.0,13.25,16,1.39685372807,0.313672534675,1.101862706,2.0825558258,2.24608703424,4.39930474464,0.949259142685,1.41189865171,6.64539177888,4.82756708893,0.487004276647,10.5791919952,1.39468248008,11.5368209346,28.0,0.0973720907089,2.21419667242e-07,22.7205363644,24.1483162178,11.163188682,10.9274846202,PF,4300
203521.0,Matthew,Dellavedova,19.1,10,CLE@DET,CLE,DET,,,8.5,9.0,16,3.64099843092,0.0136249016224,2.13859273302,0.499699928934,0.435956671471,1.1331045724,0.558243689069,1.03871760252,1.56906124387,1.93222195548,0.793101023781,4.83044414298,0.401276811384,5.05882174613,20.0,0.000690584307061,4.16604676924e-09,12.508212464,13.5036107283,5.60635641551,5.95994528407,PG,4200
202711.0,Bojan,Bogdanovic,17.1,10,ATL@BKN,BKN,ATL,,,4.8,6.0,16,0.852688841797,0.038904590343,2.79309825184,1.10014100983,0.44189472779,1.61193775032,0.573598425924,1.1789560997,2.05383247811,3.37953191099,0.839370413996,7.44199189735,0.782729306778,8.38116354275,22.0,2.61710122105e-05,6.92981343369e-13,12.170845712,13.2827398493,7.80190567033,7.95907522969,SF,4200
202349.0,Greivis,Vasquez,17.7,10,MIL@WAS,MIL,WAS,,,18.9,20.0,16,3.57090647309,0.0360374280552,3.35623094103,1.3134895047,0.219593584138,1.22572477111,0.443156982484,1.27490837565,1.44531835525,2.4347125642,0.994680969762,6.82395571347,1.11683079146,6.98093688962,20.0,0.00122106003626,3.62217431345e-09,13.755159071,14.9640512624,7.2060220088,7.76952233287,PG,4200
101141.0,Ersan,Ilyasova,14.9,10,CLE@DET,DET,CLE,,,32.2,34.5,16,1.13686916438,0.36866593489,4.27486555679,2.07899145444,1.70685449154,2.12519382725,0.67538813198,1.03831682949,3.8320483188,4.46132192394,1.80779511172,10.0933057319,1.54787755576,12.2783165154,29.0,0.00457929258007,1.64019699371e-09,19.6318695487,21.2533968791,10.406032002,11.1272043402,PF,4200
202389.0,Timofey,Mozgov,16.4,10,CLE@DET,CLE,DET,,,22.7,24.0,16,0.599818906843,1.334250713,0.255072175792,3.65819564551,2.13597195655,3.69757040619,0.398267708588,1.3735636033,5.83354236274,3.89980191523,0.0831387448702,7.18198311333,2.81408164403,10.6968242194,27.0,0.0490737562377,7.24070186419e-08,20.6882766548,21.7819157986,8.82590178538,8.36030665951,C,4200
203105.0,Festus,Ezeli,20.1,11,TOR@GS,GS,TOR,,,26.7,28.0,16,0.876567856849,1.81198772654,0.00353552266977,3.23900334665,2.290133205,3.61167019223,0.427306539278,1.21607341071,5.90180339723,3.23992610972,0.000973712051201,5.81498468322,1.86480943872,8.34563537021,22.0,0.0348977570963,7.16278710014e-07,20.0051663531,20.9611288688,7.67332728468,7.1923241291,C,4100
203499.0,Shane,Larkin,13.5,10,ATL@BKN,BKN,ATL,,,20.9,23.5,16,1.97165231839,0.113783423036,1.1227590576,0.573900580913,0.149682023153,1.05673508631,0.823003868608,1.01222364233,1.20641710946,1.90701579165,0.497195126767,4.16409988332,0.42556233754,4.73678904762,14.0,5.39323788402e-06,3.31079123689e-12,10.0033189975,10.8183573274,5.09878386483,5.09573932222,PG,4100
203469.0,Cody,Zeller,17.3,9,CHA@NY,CHA,NY,,,13.5,14.75,16,0.946308621746,0.53606968945,0.241504370162,2.71658102223,1.50925495767,2.02857015778,0.605596777038,0.716566788515,3.53782511545,1.98957026702,0.00588896674748,4.47486892856,1.80768086004,5.79271036082,18.0,0.000666043330254,4.57821388416e-11,13.0243295764,13.563447775,5.80641168936,5.47865933047,PF,4100
2403.0,Nene,Hilario,16.4,7,MIL@WAS,WAS,MIL,,,18.2,18.5,16,1.46374298028,0.17459429435,0.0767855382233,2.39544875744,0.778677865692,2.17366069563,0.590641981787,1.03774829027,2.95233856133,2.63255820046,0.00501165664767,5.20466466371,1.35769989884,6.62782795641,16.0,0.000267534093475,8.83914903462e-10,12.8589729624,13.5283711677,6.76145853114,6.3501083908,PF,4100
201196.0,Ramon,Sessions,16.4,8,MIL@WAS,WAS,MIL,,,9.5,10.0,16,2.91276615682,0.0655460036358,1.0130106103,3.66914706461,0.378681514214,1.1051468809,0.855091747914,1.46659693487,1.48382839511,2.53374738106,0.407375080035,6.13600829505,2.77499466373,8.24986450589,20.0,0.000390963460381,1.46264191306e-09,14.7742863835,15.7860502603,7.0255734453,6.92164296257,PG,4100
204020.0,Tyler,Johnson,16.5,8,MIN@MIA,MIA,MIN,,,5.9,6.5,16,1.42207555118,0.387649186448,1.34370664358,1.33527683495,0.569672640344,1.24497120801,0.738823891624,0.94362907159,1.81464384836,2.41810153637,0.548633119618,5.1462036,0.92438651097,6.30922270332,18.0,5.92759252343e-06,1.36275160422e-11,11.9292257327,12.7660979121,6.03346312103,5.99166110268,PG,4000
2743.0,Kris,Humphries,17.0,8,MIL@WAS,WAS,MIL,,,16.3,17.5,16,0.825579240976,0.556302353823,1.78825931492,1.56734413616,1.38771973482,2.89692800739,0.301521818454,0.754713960212,4.28464774221,3.16706810363,0.812650608309,6.72384379326,1.35153925271,8.49832606828,21.0,0.00584544337471,1.14904847804e-10,15.8392066047,16.8458894415,7.40897221779,7.4585045673,PF,4000
203994.0,Jusuf,Nurkic,18.0,62,DEN@NO,DEN,NO,O,Knee,0.0,0.0,16,0.0,0.0,0.0,0.0,0.0,0.0,0.0,0.0,0.0,0.0,0.0,0.0,0.0,0.0,0.0,,,0.0,,0.959889227623,,C,4000
203089.0,John,Henson,15.3,6,MIL@WAS,MIL,WAS,,,19.7,20.5,16,0.838822913363,1.61583581788,0.00106360860054,2.08109601608,1.86926998192,1.69432513164,0.400287181202,1.1569312733,3.56359511356,2.8363136497,0.00014899882311,5.0855563233,1.19782174411,6.87059804234,16.0,0.00111732825558,8.68877661308e-09,15.2804612735,16.0388571837,6.81553312618,6.3324096962,PF,4000
203530.0,Joffrey,Lauvergne,21.9,3,DEN@NO,DEN,NO,O,Back,0.0,0.0,16,0.0,0.0,0.0,0.0,0.0,0.0,0.0,0.0,0.0,0.0,0.0,0.0,0.0,0.0,0.0,,,0.0,,0.887919704646,,PF,4000
201574.0,Jason,Thompson,6.2,5,TOR@GS,GS,TOR,,,0.0,0.0,16,0.0,0.0,0.0,0.0,0.0,0.0,0.0,0.0,0.0,0.0,0.0,0.0,0.0,0.0,0.0,,,0.0,,0.786477605736,,PF,4000
1626169.0,Stanley,Johnson,14.3,10,CLE@DET,DET,CLE,,,12.7,14.0,16,0.874762113905,0.0659496404256,1.82710273483,1.25479604646,0.796652831983,2.49742422134,0.577112358709,0.942631944516,3.29407705332,2.39957029234,0.369098339626,6.13394724677,0.829314996804,5.99755392111,16.0,0.000482753739086,1.61236950371e-11,11.6060816097,12.4273747351,6.35814081765,6.28709305028,SF,3900
203476.0,Gorgui,Dieng,13.8,10,MIN@MIA,MIN,MIA,,,16.7,17.5,16,0.875116859763,0.859577690635,0.0268016165739,1.92393472576,1.90387054771,3.35382938525,0.978443632135,1.52644725513,5.25769993296,2.84624945143,0.00559350544834,5.79052891075,1.55781367093,7.25590607924,22.0,0.014198158414,2.15913337723e-09,17.0274166788,18.0776192999,7.29336963376,6.9007579482,C,3900
203501.0,Tim,Hardaway Jr.,16.7,70,ATL@BKN,ATL,BKN,,,0.0,0.0,16,0.0,0.0,0.0,0.0,0.0,0.0,0.0,0.0,0.0,0.0,0.0,0.0,0.0,0.0,0.0,,,0.0,,0.561033765165,,SG,3900
202347.0,Quincy,Pondexter,12.6,75,DEN@NO,NO,DEN,O,Knee,0.0,0.0,16,0.0,0.0,0.0,0.0,0.0,0.0,0.0,0.0,0.0,0.0,0.0,0.0,0.0,0.0,0.0,,,0.0,,0.580124192446,,SF,3900
202687.0,Bismack,Biyombo,15.1,11,TOR@GS,TOR,GS,,,4.4,4.5,16,0.095007965985,0.475694930724,3.7520739695e-06,0.926068277875,0.914769907958,1.26769181547,0.0804509073187,0.29850968939,2.18246172342,0.592587953595,1.03395220182e-06,1.28854603815,0.635456317213,1.82063325836,7.0,2.15052994334e-07,2.28350479927e-17,5.39588126214,5.65426003256,2.60195736392,2.38459600994,C,3900
200757.0,Thabo,Sefolosha,17.5,9,ATL@BKN,ATL,BKN,,,18.9,20.25,16,1.7787622126,0.768993942861,2.37939597562,1.7762546305,1.3676523509,3.46780485994,1.72851881017,1.43033382578,4.83545721083,3.57512871128,0.940963880987,7.48659458518,1.11043899948,9.20166030303,30.0,0.0138487728321,4.33651484011e-07,21.2370439552,22.6852401293,8.07929341592,8.20440156301,SF,3900
2405.0,Amar'e,Stoudemire,5.6,1,MIN@MIA,MIA,MIN,GTD,Knee,0.0,0.0,16,0.0,0.0,0.0,0.0,0.0,0.0,0.0,0.0,0.0,0.0,0.0,0.0,0.0,0.0,0.0,,,0.0,,0.764982710592,,PF,3900
1889.0,Andre,Miller,12.3,6,MIN@MIA,MIN,MIA,,,0.0,0.0,16,0.0,0.0,0.0,0.0,0.0,0.0,0.0,0.0,0.0,0.0,0.0,0.0,0.0,0.0,0.0,,,0.0,,0.927561903149,,PG,3900
203080.0,Thomas,Robinson,10.7,10,ATL@BKN,BKN,ATL,,,2.8,4.0,16,0.438032164739,0.438247966833,0.0175105207745,1.40281111926,1.69899890345,2.28250839972,0.455774621528,1.09619872121,3.98150730317,1.86846496715,0.000427910105949,3.5735443298,0.69298525377,4.43034309818,13.0,0.000683277510286,1.14125728427e-13,10.5570465646,11.3054601617,5.1064067254,4.70397560317,PF,3800
203124.0,Kyle,O'Quinn,15.3,11,CHA@NY,NY,CHA,,,0.0,0.0,16,0.0,0.0,0.0,0.0,0.0,0.0,0.0,0.0,0.0,0.0,0.0,0.0,0.0,0.0,0.0,,,0.0,,0.974424158103,,C,3800
201564.0,O.J.,Mayo,19.0,71,MIL@WAS,MIL,WAS,O,Hamstring,0.0,0.0,16,0.0,0.0,0.0,0.0,0.0,0.0,0.0,0.0,0.0,0.0,0.0,0.0,0.0,0.0,0.0,,,0.0,,0.744187689592,,SG,3800
1626170.0,Jerian,Grant,15.2,11,CHA@NY,NY,CHA,,,4.0,4.0,16,2.06470235366,0.0448963641092,0.870376833623,1.57437719126,0.21641895617,1.38531605984,0.388603365136,0.842597768627,1.60173501601,1.45859584949,0.120181093321,3.66180574588,1.27551179392,4.31288458621,13.0,5.36539943853e-06,3.45483386196e-11,9.35642182578,9.91790605576,4.47015585369,4.25034808386,PG,3800
203948.0,Johnny,O'Bryant,12.1,10,MIL@WAS,MIL,WAS,,,5.5,6.75,16,1.20795051795,0.398350779066,0.0472139215937,2.09865444062,1.89100125912,2.58635895985,0.375044001371,1.0417796781,4.47736021898,2.69531090957,0.0130031410188,6.44842094041,1.35207440202,6.75569936218,25.0,0.00472965003227,2.89031633947e-09,14.4454672847,15.2038211889,7.6249990703,7.32732607592,C,3700
203914.0,Gary,Harris,15.0,10,DEN@NO,DEN,NO,,,27.3,30.0,16,2.19195701065,0.342825609234,3.78526110334,1.58896048776,0.718246147007,2.32925782776,1.53789923915,1.86932331099,3.04750397477,3.69482308058,1.29520424669,9.0642246015,1.16882641702,9.85367682487,32.0,0.000776800576797,7.41729592798e-08,18.6907434963,20.4265478973,9.19383412908,9.73777046568,SG,3700
201949.0,James,Johnson,10.1,7,TOR@GS,TOR,GS,,,5.4,7.0,16,0.70292946433,0.400151449562,0.348379326409,0.841130363208,0.370794077169,0.776319046296,0.367625736424,0.655965253271,1.14711312346,1.21562301519,0.080981454867,2.20175722833,0.52393127115,3.03615875639,9.0,1.02337224105e-08,4.37262266274e-17,6.34667781974,6.77250684534,3.600881966,3.23764539141,SF,3700
708.0,Kevin,Garnett,12.1,9,MIN@MIA,MIN,MIA,,,15.4,15.75,16,1.30329298498,0.252121286811,0.0534599817976,0.645539171742,0.535606149026,2.49874364406,0.683910077202,0.577399427775,3.03434979308,1.77138817405,0.00721827810218,3.81361110924,0.391754393605,3.94174901981,15.0,7.08489794613e-05,8.50899272906e-11,10.8325715492,11.2767041655,5.0780445594,4.74302974927,PF,3700
1626159.0,Justise,Winslow,15.4,9,MIN@MIA,MIA,MIN,,,18.7,22.75,16,1.60410027761,0.277161832737,1.89206673095,2.0484025681,1.21178597961,4.46373978526,0.78226072579,1.72790851526,5.67552576487,3.14121906639,0.471091427782,7.27146449331,1.35499835227,8.10852791284,31.0,0.0270296718813,1.97621467304e-07,17.7162458489,19.1400672093,7.61904621809,7.51630846271,SF,3700
203915.0,Spencer,Dinwiddie,12.8,2,CLE@DET,DET,CLE,,,6.7,7.25,16,2.73624423312,0.152317866634,1.80024246026,1.43500771198,0.126488582648,0.488362262155,0.500008916047,1.01603409851,0.614850844803,1.83929367351,0.365797264153,5.11214997804,1.07619621019,5.12058082136,14.0,8.13120517477e-05,1.12968573741e-13,10.2513876517,10.9731678433,5.43973862363,5.46019889015,PG,3700
202335.0,Patrick,Patterson,12.7,11,TOR@GS,TOR,GS,,,3.9,6.0,16,1.08320791358,0.306976376945,3.18778295688,0.391578142433,0.808909554597,1.97246633192,0.608885751051,0.883763559895,2.78137588651,2.24903935094,1.14871317913,5.51999899104,0.32696805218,5.9737599332,20.0,0.000149068999104,3.44233584396e-11,11.8841835635,13.0397143309,6.64954789919,7.31231977252,PF,3700
200751.0,Randy,Foye,10.4,10,DEN@NO,DEN,NO,,,9.8,11.5,16,2.4529023195,0.256443735707,5.69508052517,1.21043796593,0.169598817651,1.23337531421,0.683725387407,1.36515162501,1.40297413186,3.09708554068,1.57149840228,9.05158498496,0.969319592809,8.73498907645,25.0,0.000116320559707,2.64295485874e-10,14.6130981351,16.151746337,9.70689545009,10.8436345687,SG,3600
101123.0,Gerald,Green,10.6,3,MIN@MIA,MIA,MIN,,,8.3,8.5,16,0.608226490368,0.0766013109797,3.10090025045,0.892443562883,0.236039937,0.433788469984,0.239534000484,0.732277735123,0.669828406984,2.36107937984,1.11870862215,6.12232425283,0.772492958196,6.61336034002,12.0,1.11112351829e-09,8.71190310916e-19,8.22948705176,9.18847165241,6.86335591096,7.47435606267,SG,3600
201975.0,Jodie,Meeks,1.7,2,CLE@DET,DET,CLE,O,Foot,0.0,0.0,16,0.0,0.0,0.0,0.0,0.0,0.0,0.0,0.0,0.0,0.0,0.0,0.0,0.0,0.0,0.0,,,0.0,,0.592046369819,,SG,3600
202338.0,Kevin,Seraphin,6.1,7,CHA@NY,NY,CHA,,,24.0,25.25,16,1.18179367008,1.2079001877,0.0207271259088,0.954582630932,1.49744503817,1.92358369761,0.28830279784,1.83856644743,3.42102873578,4.13570984351,1.71732776334e-05,8.15446034692,0.688491499586,8.95992835988,21.0,0.00141733035782,1.5777572845e-09,15.9916928716,17.084162119,9.62800103159,9.17848414521,PF,3600
2571.0,Leandro,Barbosa,11.7,9,TOR@GS,GS,TOR,GTD,Personal,13.7,14.25,16,1.81238557825,0.132939005501,1.78765189168,1.11406106764,0.514162499273,0.462928580615,0.877373684263,0.793382437501,0.977091079888,2.89625128967,0.690208719036,6.35253184609,0.797762476441,7.28047377482,16.0,7.18654818463e-06,8.85864757383e-13,12.3988043801,13.1894652922,6.97334086936,7.0027369322,SG,3600
2592.0,James,Jones,3.6,10,CLE@DET,CLE,DET,,,13.1,13.75,16,0.53066177739,0.147962773396,3.34828177402,0.884757773108,0.207819509442,0.57809637266,0.277047487303,0.326511756867,0.785915882102,1.5125970364,1.2957595877,4.02221246386,0.677584581931,4.99853824242,14.0,2.1674195263e-09,6.38933483529e-19,7.26113873155,8.11157020119,6.18625341797,7.12985867271,SF,3500
203461.0,Anthony,Bennett,3.6,7,TOR@GS,TOR,GS,,,0.0,0.0,16,0.0,0.0,0.0,0.0,0.0,0.0,0.0,0.0,0.0,0.0,0.0,0.0,0.0,0.0,0.0,,,0.0,,0.756369668843,,PF,3500
201202.0,Joel,Anthony,6.5,49,CLE@DET,DET,CLE,,,0.0,0.0,16,0.0,0.0,0.0,0.0,0.0,0.0,0.0,0.0,0.0,0.0,0.0,0.0,0.0,0.0,0.0,,,0.0,,0.883784498561,,C,3500
201177.0,Josh,McRoberts,8.6,9,MIN@MIA,MIA,MIN,,,2.1,3.75,16,1.47387871538,0.0994250700368,0.938920179925,0.50149668798,0.437559587496,0.855612851188,0.387022726375,0.804256929262,1.29317243868,0.984315678059,0.305010834639,2.2867662629,0.362011805043,2.6356539958,12.0,1.05351137144e-07,8.94511792319e-14,6.56691765885,7.18621032077,3.38551368538,3.41684783892,PF,3500
1626181.0,Norman,Powell,3.3,7,TOR@GS,TOR,GS,,,0.0,0.0,16,0.0,0.0,0.0,0.0,0.0,0.0,0.0,0.0,0.0,0.0,0.0,0.0,0.0,0.0,0.0,,,0.0,,0.75953773768,,SG,3500
2034.0,Mike,Miller,3.3,8,DEN@NO,DEN,NO,,,0.0,0.0,16,0.26326671229,0.0173959063983,0.629440932332,0.0350983004512,0.0268973651893,0.152713315327,0.100047908916,0.135004756292,0.179610680516,0.293276087828,0.236132909726,0.76646724539,0.02763815153,0.850323236911,4.0,6.79531547466e-16,5.44663457824e-30,1.5606389963,1.75518836334,1.92223609228,2.1561835992,SF,3500
201962.0,Toney,Douglas,16.3,8,DEN@NO,NO,DEN,,,8.9,9.5,16,2.04922469379,0.155783234734,2.29641392981,1.14726265827,0.351376427418,0.563701959834,0.90687028919,1.02461294161,0.915078387252,2.24833989911,0.815726892533,5.5164104358,0.894829370856,6.20723606161,17.0,1.41652392521e-05,1.34573371982e-12,11.4798612732,12.4458063575,6.20599176199,6.51941661891,PG,3500
203382.0,Aron,Baynes,8.0,10,CLE@DET,DET,CLE,,,6.4,6.5,16,0.324593229643,0.169515721469,0.0201823941531,0.793807390564,0.795831769434,1.05076286378,0.138086480047,0.459834590304,1.84659463322,1.35808853591,0.00502242431017,2.54160683798,0.630672841316,3.35187233744,9.0,7.94015509762e-07,2.11992236148e-18,6.2100455545,6.53480498449,3.99799352913,3.61703859567,C,3500
203200.0,Justin,Holiday,7.4,9,ATL@BKN,ATL,BKN,,,9.8,11.5,16,1.58331536198,0.567592421464,3.54065132748,0.886583303556,0.352144158082,1.10135284168,1.1292585887,1.11856381369,1.45349699976,2.71816172914,0.974134481209,7.17555870463,0.707055736328,7.11751367581,23.0,3.3397474008e-06,7.89233724598e-12,13.5118213251,14.6308503322,7.49708298895,8.00760642751,SG,3500
1626199.0,Darrun,Hilliard,0.0,0,CLE@DET,DET,CLE,,,0.0,0.0,16,0.0,0.0,0.0,0.0,0.0,0.0,0.0,0.0,0.0,0.0,0.0,0.0,0.0,0.0,0.0,,,0.0,,0.845620626624,,SG,3500
203940.0,Adreian,Payne,7.7,5,MIN@MIA,MIN,MIA,,,14.8,15.0,16,0.756014602927,0.234972949258,0.492669941543,0.944118244328,1.02556229296,1.78750482931,0.485629876974,1.03980277028,2.81306712228,2.45241951445,0.23928360465,5.17260129201,0.677655130253,5.8217777638,17.0,0.000139666892115,1.201197711e-12,10.7328830971,11.513289141,6.24522537239,5.98046095311,PF,3500
201582.0,Alexis,Ajinca,9.9,10,DEN@NO,NO,DEN,,,6.0,6.0,16,0.160982416776,0.201350729021,0.00599664483038,0.288941757873,0.446041348808,0.558109153955,0.112752806611,0.275442461137,1.00415050276,0.708290430891,0.00185778156039,1.35577375075,0.243522889992,1.66196153333,4.0,2.37292954201e-10,6.64508923191e-24,3.46118037194,3.65003801878,2.68866779829,2.39482812371,C,3500
204014.0,Damjan,Rudez,1.8,5,MIN@MIA,MIN,MIA,,,0.0,0.0,16,0.0,0.0,0.0,0.0,0.0,0.0,0.0,0.0,0.0,0.0,0.0,0.0,0.0,0.0,0.0,,,0.0,,0.541006870973,,SF,3500
203925.0,Joe,Harris,2.4,4,CLE@DET,CLE,DET,,,0.0,0.0,16,0.0,0.0,0.0,0.0,0.0,0.0,0.0,0.0,0.0,0.0,0.0,0.0,0.0,0.0,0.0,,,0.0,,0.60152111977,,SG,3500
203118.0,Mike,Scott,7.3,11,ATL@BKN,ATL,BKN,,,14.8,15.5,16,1.02612240955,0.0643228182612,1.71745314241,0.995140087787,0.555992146101,0.982771407384,0.203551348523,0.485425211421,1.53876355348,2.01264435769,0.538399707908,4.67329887022,0.841647725188,5.40533614847,13.0,9.23526012366e-07,1.26584986612e-13,8.84135914912,9.43021117175,5.43806568839,5.51641274265,SF,3500
203475.0,Erick,Green,0.9,3,DEN@NO,DEN,NO,,,0.0,0.0,16,0.0,0.0,0.0,0.0,0.0,0.0,0.0,0.0,0.0,0.0,0.0,0.0,0.0,0.0,0.0,,,0.0,,0.673447419146,,SG,3500
203082.0,Terrence,Ross,10.4,7,TOR@GS,TOR,GS,O,Finger,0.0,0.0,16,0.0,0.0,0.0,0.0,0.0,0.0,0.0,0.0,0.0,0.0,0.0,0.0,0.0,0.0,0.0,,,0.0,,0.627888815371,,SG,3500
1626173.0,Rashad,Vaughn,3.1,6,MIL@WAS,MIL,WAS,,,4.0,5.0,16,0.279302520818,0.196780525907,1.44797960113,0.606686337443,0.407533567208,0.821070145115,0.263897517594,0.645293664962,1.22860371232,1.44808054211,0.522502697348,3.4829837994,0.469708275502,3.88837205707,11.0,5.45312372773e-08,5.41531129758e-20,6.05771271513,6.7030411637,4.4188762715,4.59150881919,SG,3500
203950.0,Jarnell,Stokes,1.2,2,MIN@MIA,MIA,MIN,,,0.0,0.0,16,0.0,0.0,0.0,0.0,0.0,0.0,0.0,0.0,0.0,0.0,0.0,0.0,0.0,0.0,0.0,,,0.0,,0.875565325727,,PF,3500
1626163.0,Frank,Kaminsky,7.2,9,CHA@NY,CHA,NY,,,13.5,13.75,16,1.87269784701,0.574449245824,2.41211074838,1.16736970502,0.728818724554,2.94240260431,0.78053781974,0.785548106411,3.67122132887,2.89914647043,0.976774262605,6.98772345108,0.863910430037,7.63897763349,24.0,0.00177034986093,4.75256935186e-08,16.7779160234,17.8452939417,7.38319779799,7.68180795185,PF,3500
201971.0,DeJuan,Blair,5.5,3,MIL@WAS,WAS,MIL,,,5.5,5.5,16,0.209557226166,0.0492087095956,0.00347055101104,0.32163497859,0.539050988059,0.539051907902,0.22704414342,0.395884506151,1.07810289596,0.743181403702,6.37857266164e-07,1.60948164751,0.202630298325,1.68899374359,5.0,4.78214692513e-10,5.68218480077e-23,3.45367425787,3.70552197539,2.80089775935,2.53701304603,C,3500
201961.0,Wayne,Ellington,7.7,10,ATL@BKN,BKN,ATL,,,8.7,8.75,16,1.28097442856,0.087879362929,3.24372881425,0.582172665146,0.357580222596,1.05441807867,0.881459424098,0.420868817225,1.41199830127,2.81271722661,1.06008965724,7.68583163707,0.50315385716,7.18867796762,23.0,1.19365216037e-06,8.94995419569e-13,12.3223463288,13.1334272716,7.74267969721,8.25502648241,SG,3500
1626162.0,Kelly,Oubre,6.0,5,MIL@WAS,WAS,MIL,,,9.6,10.75,16,0.395258854125,0.0743228423155,1.19577682943,1.01062204306,0.141110277209,1.13918350124,0.194172998366,0.433105817564,1.28029377845,1.24853141136,0.34496419976,2.99892446343,0.61826941789,3.46029644037,8.0,5.0995887602e-08,9.1451586414e-19,5.6934231195,6.14647289358,3.9766513395,4.00707313497,SF,3500
1626196.0,Josh,Richardson,5.5,3,MIN@MIA,MIA,MIN,,,0.0,0.0,16,0.0,0.0,0.0,0.0,0.0,0.0,0.0,0.0,0.0,0.0,0.0,0.0,0.0,0.0,0.0,,,0.0,,0.727293651797,,SG,3500
201229.0,Anthony,Tolliver,10.0,9,CLE@DET,DET,CLE,,,5.1,5.25,16,0.806917901171,0.199024880801,3.46376494048,0.759884843428,0.502672845787,1.57861572344,0.347119106515,0.394166123222,2.08128856922,1.56685788855,1.14840384888,4.42128428976,0.468647101347,4.75076672732,19.0,9.78653032262e-06,1.51923147977e-13,9.15681171356,10.0321758079,6.21032338326,7.08579371625,PF,3500
2570.0,Kendrick,Perkins,9.5,3,DEN@NO,NO,DEN,O,Pectoral,0.0,0.0,16,0.0,0.0,0.0,0.0,0.0,0.0,0.0,0.0,0.0,0.0,0.0,0.0,0.0,0.0,0.0,,,0.0,,0.785342715413,,C,3500
201967.0,Dante,Cunningham,11.1,10,DEN@NO,NO,DEN,,,26.0,26.75,16,0.961545997971,0.616423012616,1.24900446111,0.931725787538,1.28342205606,3.08395320894,0.685384334687,0.592591562088,4.367375265,2.91751114681,0.320253236472,5.98933952938,0.547917411139,6.70319294123,31.0,0.00408932543595,3.37661109609e-10,15.3973853887,16.0783105404,6.71735847757,6.43818807693,PF,3500
203584.0,Troy,Daniels,2.8,4,CHA@NY,CHA,NY,,,0.0,0.0,16,0.0,0.0,0.0,0.0,0.0,0.0,0.0,0.0,0.0,0.0,0.0,0.0,0.0,0.0,0.0,,,0.0,,0.591707650147,,SG,3500
1626145.0,Tyus,Jones,2.9,2,MIN@MIA,MIN,MIA,,,0.0,0.0,16,0.0,0.0,0.0,0.0,0.0,0.0,0.0,0.0,0.0,0.0,0.0,0.0,0.0,0.0,0.0,,,0.0,,0.807685603354,,PG,3500
2400.0,Drew,Gooden,13.0,5,MIL@WAS,WAS,MIL,,,-1.0,-0.5,16,0.253899823443,0.12180359364,0.402865049678,0.255720154156,0.506727815463,0.597961487245,0.145448022214,0.189267116849,1.10468930271,0.612414171022,0.120940742066,1.6650219182,0.209993929093,1.5557630132,5.0,8.90175777815e-10,2.17934260487e-22,3.60747602648,3.81781442241,2.55841090953,2.50649323302,PF,3500
2760.0,Anderson,Varejao,5.3,9,CLE@DET,CLE,DET,,,0.0,0.0,16,0.0,0.0,0.0,0.0,0.0,0.0,0.0,0.0,0.0,0.0,0.0,0.0,0.0,0.0,0.0,,,0.0,,0.857458869482,,C,3500
203900.0,Markel,Brown,8.1,5,ATL@BKN,BKN,ATL,,,0.0,0.0,16,0.0,0.0,0.0,0.0,0.0,0.0,0.0,0.0,0.0,0.0,0.0,0.0,0.0,0.0,0.0,,,0.0,,0.685709187795,,SG,3500
203123.0,Kostas,Papanikolaou,5.5,6,DEN@NO,DEN,NO,,,8.6,9.25,16,1.10004609419,0.21288029296,1.63937943504,0.358931856526,0.630569288527,1.02660328246,0.449156335116,0.807333426677,1.65717257099,1.3269594042,0.475121385613,3.27342124436,0.2399548804,3.36899507442,13.0,5.21779986622e-07,1.34206408003e-13,7.52441113038,8.24849794774,4.24402020499,4.42113072339,SF,3500
203099.0,Jared,Cunningham,4.9,8,CLE@DET,CLE,DET,,,0.0,0.0,16,0.164392942869,0.0122181971987,0.198454069236,0.290467423468,0.029634280231,0.080472930449,0.0595913292465,0.0985294608575,0.11010721068,0.251011609798,0.0616038282189,0.624568952206,0.19458300469,0.758210052506,2.0,6.90941195336e-19,4.43762336712e-35,1.18201771166,1.26758971673,1.60448957192,1.56045741273,SG,3500
2365.0,Chris,Andersen,2.9,2,MIN@MIA,MIA,MIN,,,0.0,0.0,16,0.0,0.0,0.0,0.0,0.0,0.0,0.0,0.0,0.0,0.0,0.0,0.0,0.0,0.0,0.0,,,0.0,,0.79683328697,,C,3500
2419.0,Tayshaun,Prince,8.3,10,MIN@MIA,MIN,MIA,,,6.8,7.5,16,0.641875009276,0.0923746485866,0.377831043048,0.465101831304,0.412125646358,0.827950018521,0.27059611086,0.292404020058,1.24007566488,1.17835966351,0.144357185437,2.64352949326,0.306774110698,2.80785062316,13.0,1.8046497779e-08,3.29175506362e-17,5.69229143377,5.97267584683,3.66856948419,3.48487509211,SF,3500
203488.0,Mike,Muscala,5.3,6,ATL@BKN,ATL,BKN,,,9.1,10.25,16,0.830825416335,0.474850765541,0.627163685604,0.968679035047,1.03869647004,1.45245601342,0.365471297742,0.661345022379,2.49115248346,2.05951010703,0.29816574518,3.99585820304,0.795432374672,5.21261833391,14.0,4.16842906719e-05,8.52559403864e-13,10.4675385428,11.0719140771,5.21825364626,4.98204387495,PF,3500
202714.0,Shelvin,Mack,4.1,3,ATL@BKN,ATL,BKN,,,17.4,18.5,16,3.17803879051,0.0339745580907,2.68122458726,0.688119982502,0.157707071261,0.497828584505,0.886351041103,1.24966972066,0.655535655766,2.66185091658,0.888044584311,6.77266107433,0.575150395259,6.78689681272,19.0,0.000510083619794,1.99820977961e-11,12.9315792631,14.0339783239,7.08980257923,7.4301275062,PG,3500
202498.0,Lance,Thomas,8.7,11,CHA@NY,NY,CHA,,,0.0,0.0,16,0.326206749191,0.0259820964426,0.416189137548,0.771970575892,0.309054647871,0.566008395006,0.155288349297,0.464685324901,0.875063042877,1.18208969293,0.171861383759,2.70803753893,0.609022880965,3.14506365059,10.0,1.06179458033e-09,2.97059565788e-21,4.58230499241,4.94433150048,3.73528337575,3.58357735621,SF,3500
2756.0,Sasha,Vujacic,13.1,9,CHA@NY,NY,CHA,,,2.0,2.0,16,0.253054041081,0.0126902198532,0.46436472939,0.10317466904,0.100009108827,0.237206503275,0.118063152029,0.157692921355,0.337215612102,0.354090826914,0.126771666435,1.02052769972,0.0829269927471,0.917880313009,3.0,3.15581385399e-15,7.01687207906e-28,1.80593393156,1.96502700606,1.94144674169,1.98066007215,SG,3500
202708.0,Norris,Cole,15.9,75,DEN@NO,NO,DEN,O,Ankle,0.0,0.0,16,0.0,0.0,0.0,0.0,0.0,0.0,0.0,0.0,0.0,0.0,0.0,0.0,0.0,0.0,0.0,,,0.0,,0.737434341042,,PG,3500
101187.0,Alan,Anderson,13.2,74,MIL@WAS,WAS,MIL,O,Ankle,0.0,0.0,16,0.0,0.0,0.0,0.0,0.0,0.0,0.0,0.0,0.0,0.0,0.0,0.0,0.0,0.0,0.0,,,0.0,,0.577654934554,,SG,3500
203934.0,Lamar,Patterson,5.7,7,ATL@BKN,ATL,BKN,,,0.0,0.0,16,0.0,0.0,0.0,0.0,0.0,0.0,0.0,0.0,0.0,0.0,0.0,0.0,0.0,0.0,0.0,,,0.0,,0.772013044387,,SG,3500
201575.0,Brandon,Rush,7.5,6,TOR@GS,GS,TOR,,,0.0,0.0,16,0.0,0.0,0.0,0.0,0.0,0.0,0.0,0.0,0.0,0.0,0.0,0.0,0.0,0.0,0.0,,,0.0,,0.685622003497,,SG,3500
201946.0,Tyler,Hansbrough,2.9,3,CHA@NY,CHA,NY,,,0.0,0.0,16,0.0,0.0,0.0,0.0,0.0,0.0,0.0,0.0,0.0,0.0,0.0,0.0,0.0,0.0,0.0,,,0.0,,0.724898551686,,PF,3500
203101.0,Miles,Plumlee,5.0,9,MIL@WAS,MIL,WAS,,,2.0,2.0,16,0.171167812372,0.386377712775,0.000412651148482,0.231975611418,0.562296700263,0.639511801398,0.169094663751,0.394750637338,1.20180850166,0.73487155989,0.000113647624495,1.33616870447,0.140920102558,1.61077686996,6.0,1.02550516956e-09,1.4765720319e-20,4.02589290623,4.28341547533,2.6954698423,2.37159233794,C,3500
202690.0,Jimmer,Fredette,2.8,2,DEN@NO,NO,DEN,,,0.0,0.0,16,0.115015223799,0.00410950025116,0.114069386737,0.0757937728519,0.0153142368569,0.0153490685377,0.0326140640308,0.06836355853,0.0306633053946,0.144122058912,0.0325386397009,0.361649039534,0.07135398295,0.392136740475,1.0,1.98860925951e-21,1.11599143345e-42,0.606539112681,0.658523377066,1.27074250332,1.21675031412,SG,3500
202682.0,Derrick,Williams,13.2,11,CHA@NY,NY,CHA,,,6.0,6.0,16,0.276518699245,0.086992441061,0.642086396933,1.2372380127,0.224380202329,0.469833213787,0.244160584693,0.292103465185,0.694213416116,0.949358301415,0.17560377694,2.38796795871,0.896505220635,2.9708256004,6.0,9.39370593287e-11,6.82375751916e-23,4.58886233493,4.85742662694,3.39630039431,3.31327335901,PF,3500
202337.0,Luke,Babbitt,12.3,8,DEN@NO,NO,DEN,,,19.4,21.25,16,0.943208009758,0.307521309944,3.97150804914,0.766768753553,0.291705820547,2.77371310168,0.307244066352,0.650989993096,3.06541892222,2.7067237016,1.61010295796,6.28408905145,0.545676108607,7.56922646976,26.0,0.000490997220218,3.20910365319e-11,13.2410819506,14.5256358681,7.84522441741,8.77803686077,SF,3500
202388.0,Donald,Sloan,3.7,2,ATL@BKN,BKN,ATL,,,0.0,0.0,16,0.0,0.0,0.0,0.0,0.0,0.0,0.0,0.0,0.0,0.0,0.0,0.0,0.0,0.0,0.0,,,0.0,,0.742629874112,,PG,3500
2617.0,Udonis,Haslem,5.2,3,MIN@MIA,MIA,MIN,,,0.0,0.0,16,0.0,0.0,0.0,0.0,0.0,0.0,0.0,0.0,0.0,0.0,0.0,0.0,0.0,0.0,0.0,,,0.0,,0.721661096248,,PF,3500
201589.0,Darrell,Arthur,11.4,10,DEN@NO,DEN,NO,,,0.0,0.0,16,0.0,0.0,0.0,0.0,0.0,0.0,0.0,0.0,0.0,0.0,0.0,0.0,0.0,0.0,0.0,,,0.0,,0.8535238103,,PF,3500
202087.0,Alonzo,Gee,9.2,10,DEN@NO,NO,DEN,,,7.2,8.5,16,0.740775553642,0.245508927293,1.20309952176,1.23793782799,1.04894332137,1.81931681594,1.09279154391,1.13833095377,2.86826013731,2.1086432692,0.279502881818,5.00694335084,0.888724070668,5.38551349088,22.0,0.000132118053225,3.37997780973e-11,11.4768589747,12.3293870766,5.64618422587,5.48506471029,SF,3500
1626151.0,Aaron,Harrison,0.0,0,CHA@NY,CHA,NY,,,0.0,0.0,16,0.0,0.0,0.0,0.0,0.0,0.0,0.0,0.0,0.0,0.0,0.0,0.0,0.0,0.0,0.0,,,0.0,,0.845620626624,,PG,3500
203546.0,Ian,Clark,5.7,7,TOR@GS,GS,TOR,,,7.0,8.5,16,0.542294456428,0.075527852081,1.01921721129,0.390824354283,0.129109278615,0.24843359885,0.236697572853,0.394720732066,0.377542877464,0.820573124453,0.352801781078,2.08898754606,0.32793274609,2.32188077608,6.0,6.49390588077e-12,7.32638516359e-23,3.81810403148,4.21074243193,3.16596393597,3.32780111618,SG,3500
202066.0,Garrett,Temple,8.2,6,MIL@WAS,WAS,MIL,,,19.4,20.5,16,2.39010568477,0.2634342089,3.67677809839,2.85747624265,0.850331922506,1.37459400414,1.43000232743,1.20571450099,2.22492592664,3.05758583153,1.38869037338,7.71382379692,2.28928080053,9.79314283698,30.0,0.000177598698251,1.28898416074e-08,18.2293710478,19.638086218,8.39531502232,9.0852046618,PG,3500
1626178.0,Rondae,Hollis-Jefferson,14.8,10,ATL@BKN,BKN,ATL,,,13.4,14.0,16,1.76980363927,0.530603097921,0.269813141179,1.43643388082,1.73360488426,4.3016797991,1.08554176387,1.30215145574,6.03528468337,2.13838941696,0.0667307573319,4.48824900196,0.828878088219,5.17238767948,23.0,0.0123147687639,2.09951529556e-07,16.9995730263,18.00425115,5.75234028566,5.412749086,SF,3500
203142.0,Chris,Copeland,5.5,8,MIL@WAS,MIL,WAS,,,5.5,5.5,16,0.5394943629,0.0954472442918,2.01131841582,0.4586861326,0.211683545868,0.343919973523,0.150914457244,0.521029798723,0.555603519391,1.34096341529,0.6778956495,3.51200402578,0.362431784413,3.72225426449,9.0,6.06829008209e-11,1.2192230592e-20,5.16991363646,5.79715653663,4.59026979218,5.00037375741,SF,3500
2733.0,Shaun,Livingston,10.7,11,TOR@GS,GS,TOR,,,0.0,0.0,16,0.0,0.0,0.0,0.0,0.0,0.0,0.0,0.0,0.0,0.0,0.0,0.0,0.0,0.0,0.0,,,0.0,,0.794757380399,,PG,3500
203148.0,Brian,Roberts,3.1,6,CHA@NY,CHA,NY,,,0.0,0.0,16,0.0,0.0,0.0,0.0,0.0,0.0,0.0,0.0,0.0,0.0,0.0,0.0,0.0,0.0,0.0,,,0.0,,0.661116492527,,PG,3500
1626153.0,Delon,Wright,1.0,4,TOR@GS,TOR,GS,,,0.0,0.0,16,0.0,0.0,0.0,0.0,0.0,0.0,0.0,0.0,0.0,0.0,0.0,0.0,0.0,0.0,0.0,,,0.0,,0.83942543237,,PG,3500
203998.0,Bruno,Caboclo,0.0,1,TOR@GS,TOR,GS,,,0.0,0.0,16,0.0,0.0,0.0,0.0,0.0,0.0,0.0,0.0,0.0,0.0,0.0,0.0,0.0,0.0,0.0,,,0.0,,0.77495954723,,SF,3500
,Martell,Webster,5.6,32,MIL@WAS,WAS,MIL,O,Hip,0.0,0.0,16,0.0,0.0,0.0,0.0,0.0,0.0,0.0,0.0,0.0,0.0,0.0,0.0,0.0,0.0,0.0,,,0.0,,0.77495954723,,SF,3500
203999.0,Nikola,Jokic,13.3,9,DEN@NO,DEN,NO,,,1.2,1.25,16,0.0570715613632,0.0162449562222,0.0174367408749,0.094625919245,0.107991404407,0.154323136307,0.0428017118834,0.0653176117774,0.262314540714,0.15312257542,0.00431249167071,0.309107167725,0.0637555154249,0.374313157935,1.0,1.34237666229e-18,1.3610270076e-37,0.82747367327,0.87540445203,1.37719336634,1.26107698291,C,3500
204002.0,Walter,Tavares,1.1,2,ATL@BKN,ATL,BKN,,,0.0,0.0,16,0.0,0.0,0.0,0.0,0.0,0.0,0.0,0.0,0.0,0.0,0.0,0.0,0.0,0.0,0.0,,,0.0,,0.849452254747,,C,3500
2581.0,Steve,Blake,9.2,9,CLE@DET,DET,CLE,,,0.0,0.0,16,0.0,0.0,0.0,0.0,0.0,0.0,0.0,0.0,0.0,0.0,0.0,0.0,0.0,0.0,0.0,,,0.0,,0.863258918542,,PG,3500
203996.0,Damien,Inglis,4.3,5,MIL@WAS,MIL,WAS,,,0.0,0.0,16,0.0,0.0,0.0,0.0,0.0,0.0,0.0,0.0,0.0,0.0,0.0,0.0,0.0,0.0,0.0,,,0.0,,0.829738069957,,SF,3500
2757.0,Beno,Udrih,11.1,9,MIN@MIA,MIA,MIN,,,0.0,0.0,16,0.0,0.0,0.0,0.0,0.0,0.0,0.0,0.0,0.0,0.0,0.0,0.0,0.0,0.0,0.0,,,0.0,,0.817896855638,,PG,3500
203949.0,James Michael,McAdoo,4.2,9,TOR@GS,GS,TOR,,,0.0,0.0,16,0.0,0.0,0.0,0.0,0.0,0.0,0.0,0.0,0.0,0.0,0.0,0.0,0.0,0.0,0.0,,,0.0,,0.868678997074,,PF,3500
203493.0,Reggie,Bullock,1.8,5,CLE@DET,DET,CLE,,,1.5,1.5,16,0.130238089693,0.0390397876857,0.696467195011,0.113899137083,0.0853030949782,0.0987234189934,0.135346589712,0.139452019833,0.184026513972,0.386230561106,0.214644975043,1.16211332572,0.0806273096113,1.06773340687,5.0,2.24160651512e-17,1.78886157439e-32,1.69324309313,1.87949291627,2.0894941405,2.26503429305,SF,3500
201578.0,Marreese,Speights,11.1,9,TOR@GS,GS,TOR,,,5.4,6.5,16,0.259457818945,0.189581354872,0.0919671407427,0.684651213269,0.451962326547,0.698256706839,0.108752243825,0.410477170453,1.15021903339,1.15486465119,0.0148062312808,2.63911545439,0.551282806429,2.87581834009,5.0,7.51838044395e-09,2.36807594928e-21,4.83145793552,5.10161059933,3.81511445554,3.54012155671,PF,3500
203498.0,Shabazz,Muhammad,11.3,10,MIN@MIA,MIN,MIA,,,19.0,20.0,16,0.715348164278,0.127429976,1.23243362714,2.98985718176,1.23973003397,1.68481137967,0.277293184665,1.00036843363,2.92454141364,4.05056467531,0.362779441805,7.95798389531,2.21899622065,10.6829050131,20.0,0.000606097856801,3.06451310108e-12,15.0744548436,15.9031649988,8.83776245399,8.49728054783,SF,3500
203798.0,P.J.,Hairston,8.7,10,CHA@NY,CHA,NY,GTD,Quadriceps,0.0,0.0,16,0.0,0.0,0.0,0.0,0.0,0.0,0.0,0.0,0.0,0.0,0.0,0.0,0.0,0.0,0.0,,,0.0,,0.621883009138,,SF,3500
201162.0,Jared,Dudley,11.3,7,MIL@WAS,WAS,MIL,,,26.4,28.25,16,1.40661479208,0.280606152018,2.61286545955,0.998794003791,0.503409228215,2.44706508946,0.808431029832,0.826071719845,2.95047431767,2.35815761947,0.981672478142,5.11897215011,0.732809419487,6.43079713658,23.0,0.000266168358276,6.26341735195e-10,13.4332911498,14.4850862191,6.28266000565,6.69564734298,SF,3500
200811.0,Louis,Amundson,9.5,4,CHA@NY,NY,CHA,,,2.7,2.75,16,0.398578437933,0.376570213892,0.00433463061595,0.676071196544,0.740463967387,0.821407969289,0.212109310948,0.385914560394,1.56187193668,0.739313332992,2.74686300751e-06,1.64461663254,0.308852886218,1.78748229906,7.0,1.57180594659e-08,4.82359494108e-19,5.05104076926,5.3220930433,2.86666238699,2.62123137234,PF,3500
203921.0,Cleanthony,Early,2.6,5,CHA@NY,NY,CHA,,,0.0,0.0,16,0.0,0.0,0.0,0.0,0.0,0.0,0.0,0.0,0.0,0.0,0.0,0.0,0.0,0.0,0.0,,,0.0,,0.715401255468,,SF,3500
203508.0,Sergey,Karasev,1.4,3,ATL@BKN,BKN,ATL,,,0.0,0.0,16,0.0,0.0,0.0,0.0,0.0,0.0,0.0,0.0,0.0,0.0,0.0,0.0,0.0,0.0,0.0,,,0.0,,0.68691165551,,SF,3500
203898.0,Tyler,Ennis,8.6,5,MIL@WAS,MIL,WAS,,,7.4,8.0,16,1.031472753,0.0600020598833,0.552585385336,0.275046108127,0.144323518635,0.324946110861,0.245159604524,0.615668323985,0.469269629496,0.913493451702,0.183366623332,2.25649857479,0.2137615446,2.22411507133,7.0,1.78753090797e-09,1.6684306382e-19,4.32910276106,4.75208371888,3.19261474979,3.11441384349,PG,3500
203512.0,Lucas,Nogueira,3.5,2,TOR@GS,TOR,GS,,,0.0,0.0,16,0.0,0.0,0.0,0.0,0.0,0.0,0.0,0.0,0.0,0.0,0.0,0.0,0.0,0.0,0.0,,,0.0,,0.837944180257,,C,3500
201600.0,Omer,Asik,7.7,5,DEN@NO,NO,DEN,,,0.0,0.0,16,0.0,0.0,0.0,0.0,0.0,0.0,0.0,0.0,0.0,0.0,0.0,0.0,0.0,0.0,0.0,,,0.0,,0.814757610054,,C,3500
200745.0,Andrea,Bargnani,8.1,10,ATL@BKN,BKN,ATL,,,0.0,0.0,16,0.136149172458,0.104578022894,0.195734031858,0.435592518933,0.208206900181,0.245394754512,0.0221177118867,0.230269214561,0.453601654693,0.732829616165,0.0706810333554,1.7131230431,0.370049409116,1.9063896748,4.0,3.31708535855e-13,1.89777816984e-28,2.67805767412,2.85121288081,2.75747753909,2.58400104022,C,3500
201168.0,Tiago,Splitter,12.7,11,ATL@BKN,ATL,BKN,,,5.6,6.75,16,0.715029360182,0.291779263944,0.0341310779252,1.16072708923,0.892595125817,1.4429958126,0.410568712147,0.685446839412,2.33559093842,1.72135777742,2.78370022435e-06,3.39503345631,0.922004206752,4.36472254529,12.0,1.32049752656e-05,6.68327433281e-14,8.95922482444,9.41874899038,4.85269103244,4.4724872849,C,3500
201619.0,Sasha,Kaun,2.9,2,CLE@DET,CLE,DET,,,0.0,0.0,16,0.0,0.0,0.0,0.0,0.0,0.0,0.0,0.0,0.0,0.0,0.0,0.0,0.0,0.0,0.0,,,0.0,,0.905047090032,,C,3500
201150.0,Spencer,Hawes,11.7,10,CHA@NY,CHA,NY,,,22.5,24.25,16,1.68498596102,0.510802170017,1.9076208239,0.939528846268,0.538406323187,1.61025481975,0.333150271114,0.907596429062,2.14866114294,2.01493424877,0.577662867578,5.24347939665,0.609795813656,5.21732717877,17.0,1.55107861767e-05,1.52000691304e-10,11.103507945,11.9535939171,5.72035554077,5.88176803517,C,3500
202390.0,Gary,Neal,11.0,8,MIL@WAS,WAS,MIL,,,17.6,18.75,16,1.61730207299,0.0090297632152,3.00436696598,1.87269269175,0.205750102848,0.902029631791,0.574751308025,1.14118486615,1.10777973464,3.9952994487,1.0173826825,9.70364173088,1.70070109352,10.7086826734,24.0,5.29749078539e-06,1.44231551828e-12,14.4903487408,15.6250294481,9.55198598591,9.78733828655,SG,3500
2210.0,Richard,Jefferson,12.4,10,CLE@DET,CLE,DET,,,1.7,2.25,16,0.616962244876,0.0919512228841,1.99303994895,1.2414095107,0.193543506249,0.679938541368,0.387140328877,0.676752653888,0.873482047618,1.75519808551,0.823229673624,3.95617273931,0.803106223456,5.1367320681,16.0,5.45650681995e-09,6.68607881913e-18,7.39178434219,8.18544961651,5.1865693021,5.55976910019,SF,3500
