NBA_ID,First Name,Last Name,FPPG,Played,Game,Team,Opp,Status,Injury Details,Actual_FD,Actual_DK,Actual_MIN,AST,BLK,FG3A,FTA,OREB,DREB,STL,TOV,REB,FGM,FG3M,FGA,FTM,PTS,MIN,DD,TD,FD,DK,FD_std,DK_std,fd_Pos,fd_Salary
201935,James,Harden,48.0,16,HOU@NY,HOU,NY,,,49.9,51.25,1,7.6933505197,0.982817960377,10.1145000081,13.0502527577,1.19157462756,5.09997996255,2.23033492418,5.36998500443,6.29155459011,9.72504034404,3.09306672967,23.856577648,11.3269174432,33.8700648609,45.0,0.296047669089,0.0215566572033,54.0162769133,59.0711219851,21.9791225902,23.4840569827,SG,10700
202331,Paul,George,43.0,15,IND@LAL,IND,LAL,,,47.3,52.0,1,4.09350399218,0.236112037137,7.2069321499,6.96622822054,1.36651458179,5.12388118027,1.70876707932,3.72209602405,6.49039576206,8.50649286276,3.12532732733,19.2165692403,5.87468891013,26.013001963,37.0,0.130681289587,0.0011467841951,40.1093950746,44.0570888253,18.1625844257,19.2889169545,SF,9900
203083,Andre,Drummond,43.8,16,DET@BKN,DET,BKN,,,46.6,50.5,1,0.736290574231,1.6666755349,0.00655681396929,6.02390424675,6.21334639902,10.548066967,1.72150512744,2.37704448865,16.7614133661,8.02758670382,7.10345606933e-05,15.1217943744,2.34732166942,18.4025661116,37.0,0.937185986474,2.19713000629e-05,44.0200148483,47.4524881718,16.995771407,16.4906999015,C,9300
2546,Carmelo,Anthony,36.7,17,HOU@NY,NY,HOU,,,0.0,0.0,1,0.0,0.0,0.0,0.0,0.0,0.0,0.0,0.0,0.0,0.0,0.0,0.0,0.0,0.0,0.0,,,0.0,,0.843995056654,,SF,8700
200768,Kyle,Lowry,39.2,16,PHO@TOR,TOR,PHO,,,33.1,37.0,1,6.06470971021,0.462811804903,6.38868464736,5.48197538655,0.751947023349,3.26630861556,2.30844138671,2.91433084982,4.01825563891,6.01659064333,2.59185481311,14.4156299726,4.75910677893,19.3841428787,34.0,0.0938529578396,0.000730862830264,35.9312897441,39.0282673828,14.2711540405,15.4394125886,PG,8600
202339,Eric,Bledsoe,37.5,15,PHO@TOR,PHO,TOR,,,45.5,49.25,1,6.82602209204,0.721792093476,4.61237366538,6.67467037379,0.590254902417,3.20542746374,1.93545631024,3.9271269199,3.79568236616,8.09823681465,1.81558745339,17.4284160963,5.44494013332,23.457001216,38.0,0.157005761626,0.000876104862208,39.638223081,42.937501343,16.6358203378,16.943287839,SG,8500
2730,Dwight,Howard,34.1,11,HOU@NY,HOU,NY,,,24.2,24.5,1,1.6597646319,1.4137454016,0.0160520884413,5.39899879246,3.42611293587,5.9811100018,0.68824536162,2.55238878652,9.40722293767,5.24845261916,0.00736246137598,8.9075500394,3.00008133407,13.5043490338,30.0,0.39498572074,4.82698500008e-06,28.9342562467,31.2769860796,11.0025225066,10.4515327304,C,8100
201572,Brook,Lopez,35.2,15,DET@BKN,BKN,DET,,,50.3,52.25,1,1.58787605598,2.3485859962,0.179707507625,5.36290622855,3.24065601976,5.21366373421,0.687907816893,2.12565966645,8.45431975397,8.35021255138,0.00343077072281,17.1131773904,4.29422215419,20.9980780277,36.0,0.337230847812,5.95232062291e-05,37.4724037762,39.4656898238,18.6086697169,18.1748880663,C,8000
202688,Brandon,Knight,36.1,16,PHO@TOR,PHO,TOR,,,35.2,36.5,1,5.78164944162,0.424848834087,6.56629333855,4.14188739079,0.881241066386,2.90531179565,1.63620136878,3.26846386761,3.78655286204,7.84549575584,2.58946995072,17.9548832875,3.44935567361,21.729817136,37.0,0.0741662342199,0.000389050927029,35.799791271,39.0305023274,16.8015774812,17.7363510263,PG,7900
201188,Marc,Gasol,29.8,17,PHI@MEM,MEM,PHI,,,34.9,37.0,1,4.50532741286,1.18308028244,0.199902219497,5.73178987937,1.54064108053,5.64043639037,0.758649721981,2.7661277922,7.1810774709,6.30421222705,0.10879761807,13.6502412355,4.81835037662,17.5355724488,39.0,0.197620070313,0.0031154355771,34.0281887498,36.1304817407,15.0687973214,14.7103285773,C,7600
202704,Reggie,Jackson,31.8,16,DET@BKN,DET,BKN,,,27.7,29.5,1,6.01578896135,0.122236046154,4.07348223064,3.66416369469,0.735620451689,2.67807647144,0.901495432409,3.19427239954,3.41369692313,6.54043817484,1.30138611354,15.8203131285,3.03813395241,17.4203964156,30.0,0.0829773817716,0.000223814425864,29.393706723,31.9373583416,14.7193640038,14.9457242016,PG,7500
201942,DeMar,DeRozan,32.7,16,PHO@TOR,TOR,PHO,,,44.1,44.75,1,4.18649507923,0.267580082313,1.54706090873,8.64642655745,0.641408052785,3.09515729204,1.1145562824,2.564097557,3.73656534483,7.01722274554,0.36429777959,16.7156180801,7.16434965684,21.5630929275,37.0,0.0158454873465,5.56472245616e-05,32.5268891326,34.2018502408,17.042793445,16.7739449678,SG,7500
202738,Isaiah,Thomas,32.9,16,BOS@ORL,BOS,ORL,,,32.7,34.75,1,6.01829385042,0.0222591464714,6.94621300455,5.65969261683,0.425166029361,1.45010067914,1.51254497666,2.8230751128,1.8752667085,7.16761704229,2.32568327194,16.968987388,4.89889499604,21.5598123526,32.0,0.0839535392344,2.66091085756e-06,33.0841063119,35.8781871312,16.0038443607,17.0106818431,PG,7300
203506,Victor,Oladipo,29.1,14,BOS@ORL,ORL,BOS,,,42.6,44.5,1,3.75072867342,0.49012452767,3.84184466169,3.43611662324,0.580633586972,4.12250216749,1.26596646678,1.61808177725,4.70313575446,5.12074330918,1.06074477043,12.9548355694,2.73573067677,14.0379620656,30.0,0.0235447993157,0.000100979368753,27.2019181927,28.8121083913,12.1276435169,12.3657172756,SG,7300
202696,Nikola,Vucevic,30.8,13,BOS@ORL,ORL,BOS,,,31.0,34.0,1,2.18063964472,1.22257978504,0.0203611729626,2.03081044095,3.25384617799,5.19089485588,0.770109974314,1.78742589598,8.44474103387,7.76601163294,0.00677015488935,15.2825127213,1.6107213855,17.1495148063,32.0,0.321336194448,3.04065203072e-05,32.7521171367,34.5535477251,16.8187710517,16.3583504336,C,7100
204001,Kristaps,Porzingis,29.0,17,HOU@NY,NY,HOU,,,41.1,44.25,1,1.41223710663,2.59165990754,4.05828778458,4.94687625845,3.6898619899,9.3957503643,1.18388667284,2.54463925871,13.0856123542,7.28447619147,1.20254261024,17.0699066584,4.00010766794,19.7716026611,41.0,0.820304498759,0.000302899023942,42.5991470481,46.3583840455,15.9614440032,16.0870304562,PF,7000
977,Kobe,Bryant,25.7,11,IND@LAL,LAL,IND,,,23.3,25.0,1,4.21781815446,0.118760342807,6.50731753508,5.31759153137,0.607694425539,2.79904474255,1.13305189709,2.70178671569,3.40673916809,6.03661874592,1.4472498969,18.2744573816,4.3922242425,17.9127116312,33.0,0.0135469413534,2.99996426845e-05,28.1293636287,30.3946293044,15.6634386852,16.3300059106,SG,6900
2216,Zach,Randolph,27.1,12,PHI@MEM,MEM,PHI,O,Knee,30.2,33.25,1,1.8174558629,0.114710201932,0.136404047961,3.53570254005,3.01915376242,5.36893881431,0.899949736271,2.28411360313,8.38809257672,6.28684841622,0.0265734325927,13.4828062601,2.9115624922,15.5118327572,32.0,0.304603249102,6.41575111892e-06,28.0489339169,30.0806061845,14.830003319,14.4476391561,PF,6900
201144,Mike,Conley,29.4,17,PHI@MEM,MEM,PHI,,,33.3,36.5,1,7.18413707297,0.199411310128,4.62996511073,4.53272293863,0.60446830471,2.0490634068,1.36968163798,2.25065819751,2.65353171151,6.25193776143,1.72715860144,14.642303376,3.95580211606,18.1868362404,37.0,0.180843127663,7.95749643971e-05,33.0348076023,35.4278960038,13.9022995543,14.3978906683,PG,6900
203901,Elfrid,Payton,26.0,16,BOS@ORL,ORL,BOS,,,19.1,20.25,1,7.18832226737,0.31602244928,1.24565714038,2.83227800917,1.39087561932,2.76537062614,1.5402386498,2.88889057587,4.15624624545,4.47953651801,0.437845991251,11.6812915368,1.93312062258,11.3300396498,35.0,0.142007250252,0.00139619394953,27.9236501677,30.0120302208,11.7269112404,11.5789012887,PG,6700
101145,Monta,Ellis,26.6,15,IND@LAL,IND,LAL,,,25.6,28.25,1,5.48621057752,0.495798700393,3.00948791538,3.14959984907,0.629099529922,2.56859939153,1.86825804785,2.97594866846,3.19769892145,6.14051806266,0.770924107838,14.2583336148,2.28820998521,15.3401702184,36.0,0.0493451148746,8.49780825771e-05,29.1588896184,31.2664835592,13.6217966226,13.5451153183,SG,6600
202699,Tobias,Harris,28.5,16,BOS@ORL,ORL,BOS,,,33.2,36.25,1,2.13998666389,0.666700526974,2.85773692291,3.55113739096,2.03847779148,4.57919112651,0.81327455038,1.78931718601,6.61766891799,5.76840736075,1.00239090279,12.1104302902,2.83237456778,15.3715801921,33.0,0.119739625688,9.66148302859e-06,27.6933958582,29.5997717715,12.0712138316,12.0589220212,SF,6600
1626143,Jahlil,Okafor,30.5,17,PHI@MEM,PHI,MEM,,,25.1,27.25,1,1.30127955222,1.48936029707,0.192498252985,3.81166068477,2.26299994578,5.54509037922,0.494164975904,2.67112850721,7.808090325,7.0754712533,0.0432031127413,15.2336352653,2.62475272582,16.8188983452,32.0,0.245121376257,1.23426445479e-06,29.4364481022,31.5517041956,16.5385524033,16.1529369843,C,6500
202700,Donatas,Motiejunas,0.0,0,HOU@NY,HOU,NY,O,Back,0.0,0.0,1,0.0,0.0,0.0,0.0,0.0,0.0,0.0,0.0,0.0,0.0,0.0,0.0,0.0,0.0,0.0,,,0.0,,0.75313246111,,PF,6400
201152,Thaddeus,Young,30.3,15,DET@BKN,BKN,DET,,,37.5,40.5,1,1.66694327197,0.432283898246,0.807972653451,2.06181965156,2.20862343414,5.15765785801,1.52979632602,1.55451960079,7.36628129215,6.83103132081,0.163017529164,13.1017691125,1.28018908631,15.1052692571,31.0,0.186296460487,2.79253616959e-06,28.8148625634,30.3213982613,14.0232154067,13.5420849681,PF,6400
101127,Jarrett,Jack,28.8,14,DET@BKN,BKN,DET,,,20.0,23.25,1,5.62501640255,0.160090713056,2.44514138754,2.85870776282,0.216718870471,2.71615523189,0.616204912895,2.4357019033,2.93287410236,4.24947193663,0.883444608345,10.1602659737,2.49900081955,11.8813893012,27.0,0.0455735793409,4.18603704035e-05,22.9552521764,24.8299550875,10.1238051994,10.1988335775,PG,6400
203457,Nerlens,Noel,24.1,14,PHI@MEM,PHI,MEM,O,Knee,0.0,0.0,1,0.0,0.0,0.0,0.0,0.0,0.0,0.0,0.0,0.0,0.0,0.0,0.0,0.0,0.0,0.0,,,0.0,,0.937382479179,,PF,6300
203496,Robert,Covington,27.3,8,PHI@MEM,PHI,MEM,,,34.4,39.75,1,2.13607650036,0.917938112846,7.87462980553,4.65449651173,1.16769109352,4.62186691448,3.42665224266,3.93583541501,5.789558008,5.27707240628,2.57154702512,14.0032295649,3.8521110073,16.977802845,37.0,0.0678999605043,0.000191814560702,31.8827325011,35.528327006,14.3665168394,15.949325916,SF,6300
201588,George,Hill,25.8,12,IND@LAL,IND,LAL,,,24.7,26.5,1,3.96433680704,0.303918403721,4.62876212423,2.98397630827,0.643928056225,2.67409685997,1.34285681254,1.76457706587,3.31802491619,4.70417282398,1.87013273122,10.6332710534,2.21249857634,13.4909769555,33.0,0.00810010943876,1.42457088949e-05,24.9480854322,26.9435344778,10.9762189707,11.7457222767,PG,6300
202340,Avery,Bradley,24.3,14,BOS@ORL,BOS,ORL,,,17.5,20.0,1,2.10992053576,0.264486672735,5.71197026861,1.57712992705,0.588081347404,1.75343641908,1.55845651801,1.60300563232,2.34151776648,6.34331532073,2.28217518884,14.0390119356,1.13133379487,16.1001396252,32.0,0.000219213843671,1.19661406873e-08,24.1177224977,26.1777176533,13.6608304246,14.5438549822,SG,6200
201960,DeMarre,Carroll,23.8,13,PHO@TOR,TOR,PHO,,,36.9,38.75,1,1.57549255548,0.279501412388,5.1981131994,2.65533471706,1.50111427318,3.14418144958,1.8529679336,1.5113608361,4.64529572276,5.04799374551,1.9965838859,12.0759436715,1.7087557893,13.8013271662,37.0,0.0170839729129,5.28401968764e-07,24.4924987226,26.5043634143,11.9873787816,12.8673204511,SF,6100
203096,Jared,Sullinger,28.3,16,BOS@ORL,BOS,ORL,,,29.2,30.75,1,2.55107287619,0.933928340513,2.52268478549,1.87097058843,3.20030624764,5.62813931843,1.02977396692,1.3895266154,8.82844556607,4.92810983135,0.795646603476,11.1000452748,1.25293931358,11.9048055798,27.0,0.287928271055,9.33897396572e-05,28.8634275728,30.8296090363,10.9794430396,10.9589970879,PF,6100
2207,Joe,Johnson,22.8,15,DET@BKN,BKN,DET,,,17.5,19.75,1,4.36472480711,0.0935031947282,4.6805642823,2.93532599118,0.733014918093,3.76692569532,0.802010652342,2.23742288867,4.49994061341,4.84056494267,1.36256374925,13.2110880563,2.46443128711,13.5081249217,39.0,0.0257677871179,0.000199260897715,25.0087456739,27.0729854869,12.1251341968,12.6687688973,SG,6000
203095,Evan,Fournier,27.1,16,BOS@ORL,ORL,BOS,GTD,Hip,15.1,15.75,1,1.40417514071,0.00663348480698,3.2493767355,1.68299671706,0.287750140505,1.61250368455,0.688342798917,0.964911311647,1.90025382506,3.50147077586,1.25984523043,7.87846657016,1.31427018095,9.57705696311,20.0,1.82652799174e-05,3.92452313568e-11,14.38866552,15.5960838804,8.41984211597,8.875125804,SG,5900
202694,Marcus,Morris,26.3,16,DET@BKN,DET,BKN,,,17.6,19.25,1,1.69782408022,0.294265802045,4.00461457541,3.19328189838,1.30465440872,3.64114800847,1.35929062183,1.49463805752,4.94580241719,4.86842911573,1.20903327327,12.1633839854,2.38276321696,13.3286547217,35.0,0.0244259444971,3.31564743904e-07,23.6228285329,25.2585942306,11.5421851599,11.8999934807,SF,5900
2772,Trevor,Ariza,24.2,16,HOU@NY,HOU,NY,,,29.9,31.25,1,2.31164971937,0.263562001436,7.30399599033,2.7193096322,0.974131607562,4.82222254475,2.14548776311,2.06310409113,5.79635415231,4.80228102534,2.37517361306,12.5616589388,2.17403332925,14.153768993,41.0,0.0592378412947,1.37235344082e-05,27.3318639928,29.929718485,13.1294903053,14.6209891968,SF,5900
202685,Jonas,Valanciunas,24.9,14,PHO@TOR,TOR,PHO,O,Hand,0.0,0.0,1,0.0,0.0,0.0,0.0,0.0,0.0,0.0,0.0,0.0,0.0,0.0,0.0,0.0,0.0,0.0,,,0.0,,0.835640272524,,C,5700
203944,Julius,Randle,25.3,14,IND@LAL,LAL,IND,,,24.9,29.0,1,2.07724408328,0.571161191259,0.258782032315,3.52056931862,1.25974267587,6.37326904709,0.737257244498,1.76897453218,7.63301172296,4.20276794678,0.0531597819893,9.39406025948,2.33974937024,10.7984450458,27.0,0.162240754162,1.02833188433e-05,23.9217875776,25.457897302,10.6494767477,10.3136502391,PF,5700
203093,Terrence,Jones,21.6,11,HOU@NY,HOU,NY,,,16.3,17.0,1,1.07304555873,1.22678106655,1.59618100092,2.84625410244,1.98614627404,2.89556378533,0.44362902118,1.07124017224,4.88171005937,4.12421560991,0.636283819748,8.7266235543,1.67464359845,10.559358638,25.0,0.0179432932589,1.63734643421e-08,20.2965590506,21.4213215386,9.33507827631,9.18713216237,PF,5600
202693,Markieff,Morris,22.7,14,PHO@TOR,PHO,TOR,,,17.6,19.0,1,1.5845872533,0.398285406909,2.13442798783,1.92323859369,1.13252978185,3.0199247597,0.762191205325,1.8250133635,4.15245454155,4.59334910577,0.648720113889,11.0973029127,1.39961435186,11.2350326773,23.0,0.00720562354293,4.7402608667e-08,19.0907988681,20.5460969114,10.9199195256,10.8406557858,PF,5600
203903,Jordan,Clarkson,21.6,14,IND@LAL,LAL,IND,,,45.0,48.0,1,3.49949191253,0.313676720221,4.17229616915,3.03540483419,1.11390414913,2.67140785282,1.31482009197,2.29932148477,3.78531200195,7.47243537173,1.70583190458,15.936038967,2.3929556153,19.0436582633,39.0,0.00863892613299,1.80454594076e-05,29.7929426741,31.9977974944,15.1796870241,15.4376400623,PG,5500
203935,Marcus,Smart,21.7,9,BOS@ORL,BOS,ORL,O,Leg,0.0,0.0,1,0.0,0.0,0.0,0.0,0.0,0.0,0.0,0.0,0.0,0.0,0.0,0.0,0.0,0.0,0.0,,,0.0,,0.859345677586,,PG,5300
202323,Evan,Turner,20.7,16,BOS@ORL,BOS,ORL,GTD,Eye,17.8,18.0,1,3.29963049055,0.329906972521,1.33359628815,1.25915023849,0.458622222666,2.48193679451,0.773795963757,1.66679161067,2.94055901717,3.02107225157,0.227415937999,7.23827796544,1.02717797041,7.29673841154,21.0,0.00108318912289,7.17725720932e-07,16.3154692299,17.4112278919,7.59257568483,7.3400920596,SF,5200
201579,Roy,Hibbert,22.8,14,IND@LAL,LAL,IND,,,25.3,26.25,1,1.51457494197,2.04947962343,0.100072691912,3.91101371276,2.02824580218,4.23069112658,0.346555687713,1.56412844236,6.25893692876,2.9537252869,0.000459347503751,6.42966990473,3.30906948376,9.21697940506,27.0,0.0559064118999,3.42270428782e-06,22.2275083125,23.4066189398,7.9616605296,7.61456977703,C,5200
101139,C.J.,Miles,22.4,12,IND@LAL,IND,LAL,,,17.6,18.75,1,1.45948915213,0.357344731094,7.36240932701,2.83479819356,0.37978303347,1.3961639353,1.32853976355,1.50144202428,1.77594696877,5.38470968383,2.97810008563,12.5522654586,2.28800192573,16.035521379,30.0,1.96679451829e-05,7.62218671465e-11,22.2262184347,24.5548163403,13.755247148,15.3891668721,SF,5200
201941,Jordan,Hill,22.4,13,IND@LAL,IND,LAL,O,Back,19.5,20.0,1,1.11823189611,0.352767325202,0.0361163550669,1.8188890774,2.45042112669,3.58012543408,0.644849832001,1.09626961123,6.03054656078,3.3531345733,0.00967846963769,7.579113095,1.29263107784,8.00857869409,20.0,0.0357055763173,1.10018790452e-08,17.8215471144,18.7296068803,8.85112233603,8.51586526893,C,5100
1626156,D'Angelo,Russell,20.8,14,IND@LAL,LAL,IND,,,18.9,20.25,1,2.8572626376,0.271452794447,3.80210752086,1.14203290817,0.594961712811,3.87493091656,0.838140830622,1.59161322961,4.46989262937,4.03560546037,1.1711022213,9.85373775391,0.860073886239,10.1023870283,26.0,0.0103222151101,7.57176799949e-06,20.3797261605,22.0000845554,9.6695176495,10.0942605192,PG,5100
203109,Jae,Crowder,23.5,16,BOS@ORL,BOS,ORL,,,21.7,21.75,1,2.07310418083,0.466487518267,4.30076365826,3.06568401696,1.47413194556,3.18982268683,2.16852580794,1.61513432518,4.66395463239,4.28197546965,1.33091253573,10.2496513163,2.47264966946,12.3675131445,33.0,0.0163130490673,2.46957107235e-06,24.7288073018,26.4595054462,10.2591911773,10.7973821077,SF,5000
204456,T.J.,McConnell,22.6,17,PHI@MEM,PHI,MEM,,,16.6,18.75,1,4.75159162437,0.322037004363,1.13745107702,0.192687631538,0.563711882555,3.19858695176,0.925974856063,2.01722545193,3.76229883432,2.42666523909,0.350772908786,5.10393742075,0.131083434856,5.33518682183,22.0,0.00504168167082,2.17837316052e-05,17.4561311285,18.8358731243,5.93114083937,5.73002526262,PG,5000
101133,Ian,Mahinmi,21.6,14,IND@LAL,IND,LAL,,,25.0,26.5,1,1.39127102907,1.52278819041,0.00102554110029,2.91137012309,2.37471371938,4.66340816454,1.02203399265,1.23847722169,7.03812188393,3.33119911432,8.12913430991e-06,6.36478422891,1.12781763973,7.79022399751,28.0,0.0678960504697,4.70671512011e-07,22.1740439463,23.2470382036,8.04543226615,7.60881100318,C,5000
201145,Jeff,Green,18.8,17,PHI@MEM,MEM,PHI,,,17.4,19.5,1,1.59692254228,0.359116057062,2.40262143188,3.16867478475,0.788283686717,2.87954577613,0.672337319878,1.31385344481,3.66782946285,3.96623227485,0.800499024505,9.49756698538,2.85594836683,11.588911941,28.0,0.0033201619736,2.32992069611e-08,19.1347444189,20.3802924396,9.54335925125,9.60122907316,SF,4800
203484,Kentavious,Caldwell-Pope,21.0,16,DET@BKN,DET,BKN,,,32.9,34.25,1,1.53284320817,0.187491265853,4.50102354461,2.43874593795,0.632743950253,1.77332007788,1.26709205912,0.985498473451,2.40606402813,4.58645156457,1.37602306015,11.7544650124,1.89800706301,12.4469332523,34.0,0.000161687803216,9.27074566923e-10,19.5571430748,20.8584495775,11.1739617382,11.730651534,SG,4800
201951,Ty,Lawson,17.1,16,HOU@NY,HOU,NY,,,0.0,0.0,1,0.0,0.0,0.0,0.0,0.0,0.0,0.0,0.0,0.0,0.0,0.0,0.0,0.0,0.0,0.0,,,0.0,,0.874653945563,,PG,4800
2449,Luis,Scola,20.3,16,PHO@TOR,TOR,PHO,,,15.3,16.5,1,0.77631160747,0.177435374354,0.913161881009,1.18906263609,1.29619221234,2.88498859332,0.475057786909,0.844464158722,4.18118080566,3.32995870153,0.441923071739,6.90929787729,0.836402444054,7.93824291885,18.0,0.00442891037528,4.84738720044e-11,14.5806494607,15.4395454819,7.78638737041,7.56174596401,PF,4600
203924,Jerami,Grant,21.0,17,PHI@MEM,PHI,MEM,,,29.9,31.25,1,1.38359805197,1.77856609407,2.70009453243,4.08911972987,1.50508598668,3.18910277794,0.767611902928,1.50552485776,4.69418876462,3.61646985743,0.66866571943,9.00788974613,2.80993028797,10.7115357223,30.0,0.014634882143,2.86179513104e-07,22.006790454,23.3505483626,9.07117393569,9.1311341191,PF,4600
101161,Amir,Johnson,18.6,16,BOS@ORL,BOS,ORL,,,17.3,18.5,1,1.34672590158,0.803196025842,0.623662411086,1.27940132072,1.50459814449,2.65888072506,0.547431000066,1.18964934193,4.16347886955,2.67485590503,0.15896027667,4.81628415252,0.822073163165,6.3307452499,19.0,0.00261001505887,4.21598188717e-09,14.8586134556,15.7450072436,6.09030849921,5.63873837181,C,4600
203991,Clint,Capela,20.0,16,HOU@NY,HOU,NY,,,38.2,40.75,1,1.01450146587,2.74653371082,0.142310241032,5.42135993332,4.25214285266,7.20462856622,1.26217637661,1.68501378049,11.4567714189,6.01350414362,0.0391935249571,10.5084968823,2.34375153903,14.4099533512,36.0,0.621940703392,0.000355299297303,36.0122376471,38.3811568237,12.3928810338,11.8527429176,C,4600
101150,Louis,Williams,19.0,14,IND@LAL,LAL,IND,O,Personal,0.0,0.0,1,0.0,0.0,0.0,0.0,0.0,0.0,0.0,0.0,0.0,0.0,0.0,0.0,0.0,0.0,0.0,,,0.0,,0.729541449773,,SG,4500
2199,Tyson,Chandler,17.9,15,PHO@TOR,PHO,TOR,GTD,Hamstring,0.0,0.0,1,0.0,0.0,0.0,0.0,0.0,0.0,0.0,0.0,0.0,0.0,0.0,0.0,0.0,0.0,0.0,,,0.0,,0.902943515466,,C,4400
201155,Rodney,Stuckey,16.8,10,IND@LAL,IND,LAL,,,20.4,21.75,1,2.81999222928,0.250451995148,1.61133937012,2.99004239721,0.397262461263,2.33983452006,0.89542263328,1.82957018154,2.73709698132,4.39957546742,0.489867979421,10.4128899642,2.37894963301,11.6679685473,27.0,0.00091896131514,2.84113432275e-07,19.6446523441,20.942605568,10.6251014406,10.4540473601,SG,4400
204038,Langston,Galloway,18.8,17,HOU@NY,NY,HOU,,,9.0,10.5,1,2.26569292692,0.140435758224,3.30959307986,1.82837128943,0.715735588778,2.4173618466,1.02598166479,0.830290468386,3.13309743538,3.2851976527,1.40861328892,8.08609689173,1.33807322138,9.3170818157,26.0,0.000875584101203,1.03214434193e-07,17.9778825062,19.2553029424,8.4602318027,9.04985588815,SG,4400
201167,Arron,Afflalo,17.4,9,HOU@NY,NY,HOU,,,44.9,46.75,1,2.51303076339,0.125660456192,5.00540082837,1.93888683283,0.590932260672,2.95854875426,0.314916582123,1.44709097153,3.54948101494,7.03402681533,1.88916706185,15.8527466333,1.49295492736,17.4501756199,41.0,0.00368907094238,9.87278020973e-07,24.913162088,26.7643017237,14.8384637091,15.3520188257,SG,4300
202709,Cory,Joseph,17.8,16,PHO@TOR,TOR,PHO,,,20.5,22.25,1,4.0527961482,0.423632922768,1.28594112232,3.14413047628,0.80127827279,2.38302891238,0.974321357776,1.57383806896,3.18430718517,4.58561594162,0.469638786786,9.12269051622,2.49716670206,12.1380373721,33.0,0.00807435924717,1.15152209253e-05,23.2604707087,24.4535705804,9.9393998327,9.63903652176,PG,4300
203477,Isaiah,Canaan,17.6,17,PHI@MEM,PHI,MEM,,,21.7,25.75,1,2.73464403705,0.425388097024,9.11546487453,3.24966546988,0.41280749887,2.1998919078,1.0987347566,2.25182204023,2.61269940667,4.78925237214,3.2359908026,13.3415874313,2.67782437096,15.4923199178,35.0,0.000827132474329,1.89226803173e-07,23.5259489284,26.4017315866,15.1720582251,17.326909543,PG,4300
101181,Jose,Calderon,16.5,17,HOU@NY,NY,HOU,,,17.5,20.75,1,5.02809038659,0.00483462478419,4.48058404428,1.00560661134,0.434473437631,2.29696658269,1.29155332141,1.84339793409,2.73144002032,4.30632627548,1.82826698157,9.69366586406,0.921916063901,11.3628355964,38.0,0.0229069534419,1.23562588765e-05,22.932077159,24.9388791168,10.1693762892,10.9740088815,PG,4300
101141,Ersan,Ilyasova,16.4,16,DET@BKN,DET,BKN,,,15.0,15.75,1,1.15645441273,0.333040169119,3.57883962864,1.91106398884,1.57574874877,1.89564734419,0.579779771194,1.00045908964,3.47139609297,3.79245128741,1.45911066291,8.71780648564,1.47154796814,10.5155612059,26.0,0.00197724326592,8.19934165292e-10,17.2410989275,18.6474194758,9.12770108026,9.68830016361,PF,4200
201596,Mario,Chalmers,17.5,14,PHI@MEM,MEM,PHI,,,10.6,12.75,1,2.1739046747,0.0904090111231,1.66302093634,2.72494756494,0.190533459583,0.958546941999,0.978039622884,1.25922585376,1.14908040158,1.73987210545,0.469050210836,4.66270873552,2.32447561642,6.27327003816,15.0,2.19889493124e-05,1.05515433218e-11,11.7906949464,12.7123199822,5.41733534216,5.52131964478,PG,4200
203499,Shane,Larkin,15.8,15,DET@BKN,BKN,DET,,,15.4,16.5,1,3.27690104746,0.124389003684,1.67582744984,0.941334647961,0.253339208292,1.60366669595,1.25827809371,1.55486516882,1.85700590425,2.98127808853,0.767670821767,6.39096181904,0.645119516019,7.37534651484,21.0,0.000756730943195,1.9471762367e-08,15.7295741971,16.9848276424,7.07081882839,7.11036733871,PG,4200
201577,Robin,Lopez,19.2,17,HOU@NY,NY,HOU,,,7.6,8.25,1,0.975424959682,0.704141302263,0.0023946172638,0.964143986692,1.63712228622,2.08223225227,0.163450508677,1.01808300381,3.71935453849,1.93988004379,2.47275636493e-08,4.19621004027,0.818075462535,4.69783557484,15.0,0.000522072006252,4.86503528836e-11,11.3412990786,12.037091428,5.52977146501,5.19324507021,C,4200
203933,T.J.,Warren,18.0,15,PHO@TOR,PHO,TOR,,,36.2,38.25,1,0.959228811374,0.424212779263,1.53490899985,1.80559499685,1.97300569151,2.71184964928,0.848951552505,1.2273401587,4.68485534078,6.58274406787,0.587072257955,12.4596822833,1.375728897,15.1282892907,30.0,0.0193978035687,1.96122594302e-09,23.5079474215,24.6784931081,12.9662680105,12.5980058796,SF,4100
1626178,Rondae,Hollis-Jefferson,17.5,15,DET@BKN,BKN,DET,,,8.8,9.0,1,1.41949942219,0.443670346316,0.355424232018,1.6952860596,1.60758613181,3.97486835477,1.21702566912,1.08801925971,5.58245448658,1.94716829809,0.088180041195,4.1839089336,1.16423546924,5.1467521066,21.0,0.00807822926908,2.57719348101e-08,16.2083193949,17.0876591909,5.4206021801,5.11343124826,SF,4100
101135,David,Lee,14.1,16,BOS@ORL,BOS,ORL,,,20.3,20.5,1,2.12873165136,0.408521090158,0.0163777183697,2.73609772086,1.78157577564,2.92027150718,0.60283989631,1.51382841247,4.70184728281,3.7238602821,9.48913109615e-08,7.13097270397,1.99027137453,9.43799203362,21.0,0.0125102066968,9.64198634736e-07,18.7821998105,19.792974631,8.80274166198,8.34823239352,PF,4100
202730,Lavoy,Allen,15.0,14,IND@LAL,IND,LAL,,,14.4,14.75,1,1.10094688979,0.542082255814,0.00897566588425,0.647537390352,1.65944026419,2.76662845462,0.264152873566,0.712927598706,4.42606871881,2.00297482522,0.00138717447814,4.56301528506,0.359084267361,4.36642109228,17.0,0.00125846923151,3.35404474724e-10,12.2286665496,12.809015077,5.76095737633,5.44770566355,PF,4000
2440,Matt,Barnes,16.7,17,PHI@MEM,MEM,PHI,,,36.1,37.0,1,1.46810423506,0.613184045406,4.70847732565,1.44741994799,0.761890026513,2.89890791414,1.21737883874,0.875886563089,3.66079794065,3.26121653115,1.43550663275,8.38710999916,1.10477622892,9.06271592397,27.0,0.00230723807716,9.35353383151e-09,18.4430690106,19.7852663907,9.04258180802,9.90335491984,SF,4000
2754,Tony,Allen,16.0,17,PHI@MEM,MEM,PHI,,,16.8,17.0,1,0.898319213923,0.266019995752,0.539410779923,1.19889985149,1.21219172326,1.84619785277,1.46196304287,0.830082802641,3.05838957603,2.49970297428,0.167895567831,5.58550233709,0.704841379042,5.87214289542,19.0,0.000262422488537,8.6931585216e-10,13.5155724821,14.1678747825,6.54410222746,6.26506741341,SG,4000
203932,Aaron,Gordon,18.4,16,BOS@ORL,ORL,BOS,,,23.0,24.25,1,1.36451752576,1.07404301633,1.53472510575,2.53287715528,1.9506590939,2.68809208032,0.632596300518,1.09328169246,4.63875117422,2.9793114586,0.425835007731,6.58213706194,1.72248453817,8.1069424631,22.0,0.00874450231136,1.75773368535e-08,18.040217102,19.044829817,7.27033862188,7.11458478399,PF,3900
200782,P.J.,Tucker,14.7,16,PHO@TOR,PHO,TOR,,,11.0,12.25,1,0.928918356194,0.0934953530057,1.93552745084,1.24332136325,1.17100960281,2.34820318399,0.88928520113,0.862826306802,3.5192127868,2.04195112834,0.616762486111,4.96640426473,0.925661209797,5.62632595259,22.0,0.000672037580311,6.37887758926e-11,12.3454936325,13.2622567249,5.67178333727,5.84192646097,SF,3900
203141,Mirza,Teletovic,12.2,16,PHO@TOR,PHO,TOR,,,23.9,27.0,1,1.0921233632,0.371534051812,4.52061694075,0.646426522817,0.682332633435,1.57689865581,0.404410818201,0.690254597174,2.25923128924,2.67679380569,1.83041925799,6.82957002739,0.503313375307,7.68732024468,18.0,4.93879217083e-05,1.22026711303e-11,12.8982179794,14.2715905534,8.45416513753,9.60057903621,PF,3900
201977,Marcus,Thornton,18.0,14,HOU@NY,HOU,NY,,,20.5,22.0,1,1.23364703199,0.102516213299,4.47018542183,0.765661660563,0.727887190456,1.42127684461,0.79974910312,0.613849260705,2.14916403507,3.89864550563,1.5185675892,9.49711240816,0.592268000819,9.90812660128,21.0,4.89333828206e-05,3.64431064627e-11,15.5282753635,16.7020153904,9.71645370753,10.4592184473,SG,3900
203088,Kendall,Marshall,0.0,0,PHI@MEM,PHI,MEM,O,Knee,0.0,0.0,1,0.0,0.0,0.0,0.0,0.0,0.0,0.0,0.0,0.0,0.0,0.0,0.0,0.0,0.0,0.0,,,0.0,,0.899244200232,,PG,3900
203482,Kelly,Olynyk,16.7,15,BOS@ORL,BOS,ORL,,,7.8,8.5,1,1.27722071009,0.583554937972,2.56485766934,1.23921122143,1.1843015606,2.05612432886,0.950149988126,1.15554697686,3.24042588946,2.65515236879,0.904029276262,6.4126246397,0.906205466612,7.12053948046,17.0,0.000643430784899,6.90313162283e-10,14.8367444883,16.0295190576,6.97192376263,7.29462490227,C,3800
203210,JaMychal,Green,14.6,17,PHI@MEM,MEM,PHI,,,5.1,7.25,1,0.530606573592,0.43674438961,0.617150266926,1.43224508794,1.45278125555,2.80060450605,0.52235464715,1.295520058,4.2533857616,2.40373402628,0.207015204238,4.98078913583,1.16002365553,6.17450691232,17.0,0.0028090472841,1.70652509022e-12,12.6971577022,13.6653081923,6.08984765885,5.79580359768,PF,3800
203138,Hollis,Thompson,16.5,17,PHI@MEM,PHI,MEM,,,28.5,29.75,1,1.40992318945,0.346508167501,4.95286141295,1.29889410279,0.795035061146,2.71865691159,0.803063458977,1.33885897142,3.51369197274,3.26958808837,1.93143634817,8.09507834167,0.907929727178,9.37854225209,28.0,0.00182442312985,4.38735187308e-09,16.6701416851,18.4837105914,9.43194633285,10.5787006275,SF,3800
203894,Shabazz,Napier,9.3,15,BOS@ORL,ORL,BOS,,,11.2,12.25,1,1.33209177096,0.0429296468957,1.26520271135,0.638723566156,0.142821418349,0.454550876013,0.321772659929,0.717889841419,0.597372294362,1.03771052707,0.433148675238,2.6391113443,0.467768169902,2.97633789929,9.0,5.15113014357e-08,4.78800669785e-17,5.70283708118,6.3082250315,3.70175374348,3.89438416737,PG,3700
203917,Nik,Stauskas,15.8,15,PHI@MEM,PHI,MEM,,,10.7,11.75,1,0.985859621113,0.171764823628,2.62193192387,0.768192832249,0.132561779487,0.866742469855,0.325150835859,0.576108646865,0.999304249342,1.45659197078,0.758952200637,4.29010172283,0.596615439907,4.2687515821,13.0,2.18041920178e-08,1.13280591598e-15,7.36442878509,8.08192445401,5.234425455,5.76802993874,SG,3700
201584,Courtney,Lee,16.8,17,PHI@MEM,MEM,PHI,,,3.7,5.75,1,0.81016058357,0.153271120294,1.69321769491,1.10997340171,0.272132706402,1.10223384994,0.703704208388,0.579911485522,1.37436655634,2.04602374057,0.443736092315,5.01036352544,1.00066622789,5.53644980135,17.0,3.53822864771e-07,7.17054862381e-15,9.53496971615,10.1155123636,5.57214406244,5.58402695754,SG,3700
1713,Vince,Carter,12.0,6,PHI@MEM,MEM,PHI,,,1.2,2.25,1,0.515276801885,0.169108947954,1.84431935206,0.47814517563,0.268569470116,0.713338362093,0.336841177342,0.448555559016,0.981907832209,1.08915298544,0.575923168843,3.17418380337,0.381380651877,3.1356097916,9.0,4.35429760377e-09,1.00624689978e-18,5.65015908465,6.21149384673,4.15432217368,4.548403393,SF,3700
2581,Steve,Blake,10.0,12,DET@BKN,DET,BKN,,,12.2,13.75,1,3.69462351287,0.0803433217496,2.89330721629,0.22902345232,0.189806376911,0.953780339252,0.591095873283,1.49247141859,1.14358671616,1.55066239853,0.83712207545,4.47996103937,0.163450293842,4.10189716635,18.0,0.000477978576898,1.79400702153e-10,10.8665434665,12.0892365178,5.53307613152,6.13130058966,PG,3700
201148,Brandan,Wright,14.1,7,PHI@MEM,MEM,PHI,O,Knee,0.0,0.0,1,0.0,0.0,0.0,0.0,0.0,0.0,0.0,0.0,0.0,0.0,0.0,0.0,0.0,0.0,0.0,,,0.0,,0.863752431736,,C,3700
203094,Andrew,Nicholson,11.7,7,BOS@ORL,ORL,BOS,,,27.6,29.0,1,0.749844189473,0.736190723234,2.54308143757,0.915172515193,1.07134563546,2.37745788116,0.252108444121,1.01046649701,3.44880351662,3.75232520594,0.966353798603,8.91619548722,0.672066723324,9.1430709338,23.0,0.00155991026073,2.25564688398e-11,15.3725332757,16.5357234647,8.92977583388,9.10774016739,PF,3700
201228,C.J.,Watson,13.1,8,BOS@ORL,ORL,BOS,O,Calf,0.0,0.0,1,0.0,0.0,0.0,0.0,0.0,0.0,0.0,0.0,0.0,0.0,0.0,0.0,0.0,0.0,0.0,,,0.0,,0.825825484982,,PG,3600
202687,Bismack,Biyombo,14.3,16,PHO@TOR,TOR,PHO,,,15.6,18.0,1,0.434915691939,2.11560794971,1.23476858949e-05,3.71999651777,3.68281420623,6.92255828678,0.325884851307,1.53250592793,10.605372493,2.50028460502,3.40262935173e-06,5.27963465114,2.39686210183,7.39743471449,33.0,0.214787684115,1.57963088822e-05,24.1267349181,25.7454871232,6.99549779118,6.67719253619,C,3600
203124,Kyle,O'Quinn,13.7,15,HOU@NY,NY,HOU,,,1.0,1.0,1,0.309074168213,0.251414308036,0.144126517979,0.316487305739,0.373389436337,0.549768888724,0.151262653611,0.290193167624,0.923158325061,0.575123277286,0.0226933721168,1.26101204578,0.233074217006,1.4060141437,4.0,6.73091145596e-11,1.26436410031e-22,3.49257614176,3.69517732798,2.45213088675,2.2308187709,C,3600
101138,Brandon,Bass,12.7,13,IND@LAL,LAL,IND,,,14.3,14.5,1,1.00366085872,0.4839034797,0.156472227545,1.77573322422,1.76532407358,2.21034594764,0.328637528447,0.889992570607,3.97567002123,2.69808324629,0.0315544984913,5.29498890041,1.43408846293,6.861809454,18.0,0.0023158857141,2.67063111026e-10,13.8731942132,14.5362250782,6.74422783401,6.32931122381,PF,3600
201973,Jonas,Jerebko,8.0,16,BOS@ORL,BOS,ORL,,,14.1,15.25,1,1.15826873721,0.275800275718,1.35116464684,1.11974190193,1.20607409934,2.02688385123,0.444976413472,0.977471802012,3.23295795057,1.8877179199,0.451997950956,4.65833656736,0.959567426882,5.18700121763,18.0,0.000294527848392,1.23659233282e-10,11.2680354405,12.1448600067,5.33295962941,5.35902425622,PF,3600
201975,Jodie,Meeks,1.7,2,DET@BKN,DET,BKN,O,Foot,0.0,0.0,1,0.0,0.0,0.0,0.0,0.0,0.0,0.0,0.0,0.0,0.0,0.0,0.0,0.0,0.0,0.0,,,0.0,,0.592046369819,,SG,3600
201976,Patrick,Beverley,11.4,9,HOU@NY,HOU,NY,,,22.6,23.25,1,3.1976895417,0.58370261059,5.27878895655,0.850442838914,0.9810392771,2.95838996152,1.57653725753,1.95459844327,3.93942923862,3.60676525163,1.76214783241,9.60632685749,0.713331770561,9.68901010622,34.0,0.00511602876707,7.26175347895e-06,21.5787407981,23.6417812263,10.0983086393,11.1660229067,PG,3600
101112,Channing,Frye,12.0,11,BOS@ORL,ORL,BOS,,,11.9,14.0,1,0.697300550553,0.370557209384,3.66699421289,0.363223278003,0.572635333595,1.66013964992,0.400863532512,0.630827738994,2.23277498351,2.18607228718,1.5722768925,5.16498805675,0.29329714592,6.23771861278,17.0,3.10776769272e-05,1.24621014069e-13,10.8750131636,12.0882508451,7.08785326057,8.06434682714,PF,3600
1626170,Jerian,Grant,12.4,17,HOU@NY,NY,HOU,,,10.2,11.25,1,1.81891209498,0.0327134442402,0.723382402185,1.40183637471,0.189333085829,1.2329495131,0.350387112663,0.747711956633,1.42228259893,1.34281144985,0.141138911263,3.33532696631,1.14996662905,3.97672844002,12.0,1.47887322249e-06,3.40186758173e-12,8.43032485838,8.94586664059,4.2365102284,4.05341604956,PG,3600
1891,Jason,Terry,8.6,14,HOU@NY,HOU,NY,,,12.0,13.5,1,1.58775842057,0.22782621589,4.05245780339,0.574093519612,0.16771557428,0.646648957833,0.788699880995,1.08260496685,0.814364532113,2.20475373903,1.46951910737,5.34681133613,0.479564043033,6.35859062846,20.0,1.86675119963e-06,5.48122550664e-14,10.6679129248,11.9846959886,7.39338774482,8.37065819207,PG,3500
203893,Russ,Smith,2.5,9,PHI@MEM,MEM,PHI,,,0.0,0.0,1,0.0,0.0,0.0,0.0,0.0,0.0,0.0,0.0,0.0,0.0,0.0,0.0,0.0,0.0,0.0,,,0.0,,0.801797030131,,PG,3500
203915,Spencer,Dinwiddie,10.8,6,DET@BKN,DET,BKN,GTD,Knee,0.0,0.0,1,0.0,0.0,0.0,0.0,0.0,0.0,0.0,0.0,0.0,0.0,0.0,0.0,0.0,0.0,0.0,,,0.0,,0.843549742537,,PG,3500
203135,Robert,Sacre,3.4,1,IND@LAL,LAL,IND,,,0.0,0.0,1,0.0,0.0,0.0,0.0,0.0,0.0,0.0,0.0,0.0,0.0,0.0,0.0,0.0,0.0,0.0,,,0.0,,0.791501831316,,C,3500
204028,Tarik,Black,9.3,8,IND@LAL,LAL,IND,,,0.0,0.0,1,0.0,0.0,0.0,0.0,0.0,0.0,0.0,0.0,0.0,0.0,0.0,0.0,0.0,0.0,0.0,,,0.0,,0.817652716967,,C,3500
203900,Markel,Brown,6.3,7,DET@BKN,BKN,DET,,,0.0,0.0,1,0.0,0.0,0.0,0.0,0.0,0.0,0.0,0.0,0.0,0.0,0.0,0.0,0.0,0.0,0.0,,,0.0,,0.677657990084,,SG,3500
203963,Shayne,Whittington,-2.0,1,IND@LAL,IND,LAL,,,0.0,0.0,1,0.0,0.0,0.0,0.0,0.0,0.0,0.0,0.0,0.0,0.0,0.0,0.0,0.0,0.0,0.0,,,0.0,,0.827925034471,,C,3500
1626209,Mario,Hezonja,6.3,16,BOS@ORL,ORL,BOS,,,0.0,0.0,1,0.0521183658073,0.00780702524766,0.139475002408,0.0589487142317,0.0272680088479,0.102427004495,0.0227501542104,0.0780983580101,0.129695013343,0.1210915706,0.0482526146877,0.303336815443,0.0482785642647,0.338714320152,1.0,9.04540056057e-21,3.51609468687e-40,0.55554188578,0.625202122796,1.21425890205,1.21381763045,SF,3500
203461,Anthony,Bennett,3.6,7,PHO@TOR,TOR,PHO,,,0.0,0.0,1,0.0,0.0,0.0,0.0,0.0,0.0,0.0,0.0,0.0,0.0,0.0,0.0,0.0,0.0,0.0,,,0.0,,0.756369668843,,PF,3500
1626169,Stanley,Johnson,13.9,16,DET@BKN,DET,BKN,,,18.5,20.25,1,1.47212999497,0.144822561484,3.33892103667,1.96202268862,1.23888968484,3.55421572117,0.940179165696,1.79509813339,4.79310540602,4.29842359646,0.83296993058,10.9319337653,1.39260406661,10.8224211901,27.0,0.0165315604838,5.86178550404e-08,19.1572479907,20.7357348096,10.3188222083,10.4714451011,SF,3500
201202,Joel,Anthony,5.7,2,DET@BKN,DET,BKN,,,0.0,0.0,1,0.0,0.0,0.0,0.0,0.0,0.0,0.0,0.0,0.0,0.0,0.0,0.0,0.0,0.0,0.0,,,0.0,,0.897750024864,,C,3500
203909,K.J.,McDaniels,4.4,5,HOU@NY,HOU,NY,,,1.2,1.25,1,0.244374861591,0.257737499584,0.606776026867,0.502789049022,0.273395375542,0.337179228983,0.158060443889,0.385922958163,0.610574604525,0.60682010799,0.155152819637,1.69726773376,0.3523042603,1.72109729592,5.0,5.22423019633e-12,2.36087177443e-24,3.26602204251,3.56708866165,2.61478121175,2.60342640263,SF,3500
1626181,Norman,Powell,3.2,8,PHO@TOR,TOR,PHO,,,0.0,0.0,1,0.0,0.0,0.0,0.0,0.0,0.0,0.0,0.0,0.0,0.0,0.0,0.0,0.0,0.0,0.0,,,0.0,,0.760235738429,,SG,3500
201156,Nick,Young,13.5,14,IND@LAL,LAL,IND,,,25.9,29.0,1,0.978760293707,0.270361116897,6.80924235052,2.46544183286,0.333607072585,1.62252014376,0.789276677177,1.00172536225,1.95612721634,4.7811576729,2.70530323163,12.0183950631,2.18180143687,14.4494200143,28.0,3.27849848973e-05,3.41062826817e-12,19.3824633404,21.3338331756,12.8477937757,14.3740640128,SG,3500
1626175,Jordan,Mickey,6.1,2,BOS@ORL,BOS,ORL,,,0.0,0.0,1,0.0,0.0,0.0,0.0,0.0,0.0,0.0,0.0,0.0,0.0,0.0,0.0,0.0,0.0,0.0,,,0.0,,0.940961584844,,PF,3500
203473,Dewayne,Dedmon,13.1,14,BOS@ORL,ORL,BOS,,,0.0,0.0,1,0.0,0.0,0.0,0.0,0.0,0.0,0.0,0.0,0.0,0.0,0.0,0.0,0.0,0.0,0.0,,,0.0,,0.942412416794,,C,3500
202720,Jon,Leuer,14.7,16,PHO@TOR,PHO,TOR,,,25.8,27.0,1,1.36543270094,0.312591276393,2.04663962038,1.49870811765,1.30564739328,4.16340403569,0.64986562675,0.983170087865,5.46905142897,3.54015084224,0.899957177995,7.95894392215,1.01985402152,9.000112884,23.0,0.0265734307151,4.80542178549e-08,18.5528673686,19.8077438632,8.33153285138,8.42807492325,PF,3500
202711,Bojan,Bogdanovic,13.8,15,DET@BKN,BKN,DET,,,6.4,6.5,1,0.692877827317,0.0299449041155,2.63028360988,1.06861764114,0.414050536363,1.75838192387,0.479874683543,1.09262382354,2.17243246023,2.9381384151,0.757040743275,6.83628660474,0.786748697422,7.4200662709,21.0,3.29610020217e-05,1.27390999182e-13,10.9933173159,12.0268206639,7.20221852499,7.3750094457,SF,3500
202498,Lance,Thomas,8.5,17,HOU@NY,NY,HOU,,,16.6,18.25,1,1.18502865737,0.0718133160004,2.00072056761,2.84221126218,1.27934442942,1.98952747176,0.500156134947,1.49706266769,3.26887190118,4.40079127124,0.687790848717,10.1774013748,2.39167147709,11.8810448683,36.0,0.00152707146928,7.86619698312e-10,17.22811037,18.4862713328,10.2950137087,10.2174640766,SF,3500
2756,Sasha,Vujacic,9.6,13,HOU@NY,NY,HOU,,,0.0,0.0,1,0.0,0.0,0.0,0.0,0.0,0.0,0.0,0.0,0.0,0.0,0.0,0.0,0.0,0.0,0.0,,,0.0,,0.755136142978,,SG,3500
203382,Aron,Baynes,10.3,16,DET@BKN,DET,BKN,,,2.7,3.75,1,0.419849796938,0.245826823549,0.0481141010491,0.886930706422,1.12264867809,1.65248947819,0.187005766063,0.633066875209,2.77513815628,1.62072371169,0.00577827666884,3.19030767985,0.705454479249,3.95268017929,11.0,3.66059652852e-05,1.17977643526e-15,8.14521896626,8.60345335896,4.60405314812,4.22902680687,C,3500
202338,Kevin,Seraphin,7.4,13,HOU@NY,NY,HOU,,,33.4,36.25,1,2.24178489797,1.78163944144,0.023843250042,1.09809699343,2.21275008305,3.09509566462,0.527713642223,2.89925984247,5.30784574767,6.1299857227,1.97551148411e-05,12.7136163793,0.792001049675,13.0519922502,32.0,0.0359048073437,4.83802096225e-06,24.5035308192,26.2724346305,14.1074609415,13.6823304168,PF,3500
202335,Patrick,Patterson,12.2,16,PHO@TOR,TOR,PHO,,,9.6,10.75,1,0.824617937216,0.190959067413,2.64649504256,0.303903971684,0.74446248504,2.01112416293,0.499400422667,0.70055073773,2.75558664797,1.73079171437,0.925683636115,4.36871071555,0.233553918666,4.62082098353,16.0,7.78011155459e-05,1.48960374788e-12,9.84462010934,10.7956333303,5.58365778546,6.15188204271,PF,3500
203527,Ryan,Kelly,11.2,6,IND@LAL,LAL,IND,,,0.0,0.0,1,0.0,0.0,0.0,0.0,0.0,0.0,0.0,0.0,0.0,0.0,0.0,0.0,0.0,0.0,0.0,,,0.0,,0.777282627425,,SF,3500
101236,Chuck,Hayes,6.8,2,HOU@NY,HOU,NY,,,0.0,0.0,1,0.0,0.0,0.0,0.0,0.0,0.0,0.0,0.0,0.0,0.0,0.0,0.0,0.0,0.0,0.0,,,0.0,,0.809432383888,,C,3500
202682,Derrick,Williams,11.7,16,HOU@NY,NY,HOU,,,17.3,18.5,1,0.693279558656,0.181024155667,1.6897300289,3.08534702912,0.506205640008,1.4884406119,0.508080957846,0.725710233696,1.99464625191,2.40771205447,0.52257255433,5.79423272936,2.25844307652,7.59643973979,15.0,1.69567238469e-05,6.7300341457e-14,11.6824345734,12.4063337151,6.52572734223,6.54083360521,PF,3500
1626199,Darrun,Hilliard,4.9,2,DET@BKN,DET,BKN,,,0.0,0.0,1,0.0,0.0,0.0,0.0,0.0,0.0,0.0,0.0,0.0,0.0,0.0,0.0,0.0,0.0,0.0,,,0.0,,0.807594211164,,SG,3500
203458,Alex,Len,12.1,16,PHO@TOR,PHO,TOR,,,17.9,18.25,1,0.558807758317,1.40096319834,0.0243072512941,3.02906682517,2.83130266184,4.69547653447,0.834346435598,1.95051009316,7.52677919631,3.46406023063,0.00732781041845,7.32848259009,2.06561866535,9.00106693703,28.0,0.117422798883,2.68155097069e-07,21.3915227848,22.9229156992,8.86073915294,8.49747776755,C,3500
202388,Donald,Sloan,3.7,2,DET@BKN,BKN,DET,O,Illness,0.0,0.0,1,0.0,0.0,0.0,0.0,0.0,0.0,0.0,0.0,0.0,0.0,0.0,0.0,0.0,0.0,0.0,,,0.0,,0.742629874112,,PG,3500
203955,Bryce,Cotton,0.0,0,PHO@TOR,PHO,TOR,,,0.0,0.0,1,0.0,0.0,0.0,0.0,0.0,0.0,0.0,0.0,0.0,0.0,0.0,0.0,0.0,0.0,0.0,,,0.0,,0.712676905194,,PG,3500
1626167,Myles,Turner,11.5,8,IND@LAL,IND,LAL,O,Finger,0.0,0.0,1,0.0,0.0,0.0,0.0,0.0,0.0,0.0,0.0,0.0,0.0,0.0,0.0,0.0,0.0,0.0,,,0.0,,0.811034325937,,PF,3500
203462,Archie,Goodwin,7.8,11,PHO@TOR,PHO,TOR,,,0.0,0.0,1,0.0,0.0,0.0,0.0,0.0,0.0,0.0,0.0,0.0,0.0,0.0,0.0,0.0,0.0,0.0,,,0.0,,0.762858901274,,PG,3500
1897,Metta,World Peace,11.6,10,IND@LAL,LAL,IND,,,16.1,16.75,1,1.34400853823,0.57126406353,3.93172819426,1.58622505878,1.09241906317,1.96996609671,1.45596103689,0.923980993139,3.06238515988,3.23795411443,1.37435304905,8.61292768906,1.05690730468,8.90716858259,27.0,0.000640304817517,3.02444212295e-09,17.7285127895,19.0317595349,8.81212662637,9.51657295825,SF,3500
1626204,Larry,Nance Jr.,10.4,9,IND@LAL,LAL,IND,,,11.6,12.75,1,0.56536240621,0.186528919691,0.261984761151,0.688007814593,0.828204195658,2.13979229229,0.432366652909,0.659726658194,2.96799648795,1.78125453142,0.0830435076012,3.78016559201,0.501208518068,4.14676108852,15.0,7.60749111186e-05,4.51154386307e-14,9.13446497038,9.65436399004,4.94865736228,4.63895916212,PF,3500
203524,Solomon,Hill,4.8,6,IND@LAL,IND,LAL,,,0.0,0.0,1,0.0,0.0,0.0,0.0,0.0,0.0,0.0,0.0,0.0,0.0,0.0,0.0,0.0,0.0,0.0,,,0.0,,0.716710703627,,SG,3500
203923,James,Young,2.5,2,BOS@ORL,BOS,ORL,,,1.0,1.0,1,0.0817059720069,0.0152105467336,0.394693307354,0.191587704661,0.0557172710103,0.0770712580572,0.0605091065292,0.0505211059715,0.132788529068,0.22101222383,0.107821583107,0.622931562561,0.114120858846,0.663966889613,2.0,1.29057609405e-19,4.56257565621e-37,1.04679028306,1.13260105405,1.57014407357,1.63735965949,SF,3500
1626202,Joseph,Young,3.3,6,IND@LAL,IND,LAL,,,0.0,0.0,1,0.0,0.0,0.0,0.0,0.0,0.0,0.0,0.0,0.0,0.0,0.0,0.0,0.0,0.0,0.0,,,0.0,,0.801486658726,,SG,3500
203922,Glenn,Robinson III,9.0,11,IND@LAL,IND,LAL,,,0.0,0.0,1,0.0,0.0,0.0,0.0,0.0,0.0,0.0,0.0,0.0,0.0,0.0,0.0,0.0,0.0,0.0,,,0.0,,0.68231599318,,SF,3500
203082,Terrence,Ross,9.8,10,PHO@TOR,TOR,PHO,,,3.9,4.0,1,0.531970195875,0.232350661615,2.66589491789,0.451324672359,0.17729572868,0.843104371338,0.436249218692,0.564280618747,1.02040010002,1.79450107594,0.870279771108,4.81425295754,0.414216269534,4.87349819252,14.0,1.97827062153e-08,7.00821308466e-18,7.66885274822,8.43715297783,5.70621171637,6.23348210182,SG,3500
1626149,Montrezl,Harrell,7.1,13,HOU@NY,HOU,NY,,,0.0,0.0,1,0.0,0.0,0.0,0.0,0.0,0.0,0.0,0.0,0.0,0.0,0.0,0.0,0.0,0.0,0.0,,,0.0,,0.787311069298,,PF,3500
201147,Corey,Brewer,13.1,16,HOU@NY,HOU,NY,,,0.0,1.0,1,0.454172109844,0.0600167263009,0.825570393375,0.6839793159,0.187208344154,0.520893095835,0.331711499596,0.345404294056,0.708101439989,0.832418258514,0.197524008418,2.40855764445,0.504415626175,2.36677615162,7.0,6.25129248932e-11,4.40028451019e-21,4.33580820211,4.64267742544,3.16542611189,3.16573512649,SF,3500
1626179,Terry,Rozier,3.4,10,BOS@ORL,BOS,ORL,,,9.4,9.5,1,1.13652227762,0.092911184882,1.39984732965,0.461513314337,0.776082591819,1.13659237985,0.268225242982,0.756011488769,1.91267497167,1.95682672901,0.329397779525,5.3089676947,0.349327788998,4.59237902653,12.0,3.71413857794e-06,1.30146164971e-12,8.55863377592,9.19697772987,5.58797870264,5.54113666131,PG,3500
203516,James,Ennis,0.9,5,PHI@MEM,MEM,PHI,,,0.0,0.0,1,0.0,0.0,0.0,0.0,0.0,0.0,0.0,0.0,0.0,0.0,0.0,0.0,0.0,0.0,0.0,,,0.0,,0.688459236676,,SF,3500
1626158,Richaun,Holmes,9.8,8,PHI@MEM,PHI,MEM,GTD,Hamstring,4.4,5.5,1,0.621121469918,0.773112631987,1.0148814802,1.69470724439,1.35999703983,1.15216828452,0.337096392875,0.719867890932,2.51216532435,1.7052361877,0.206842539154,3.93987491642,1.12005942075,4.73737433531,15.0,3.24041025426e-05,3.81586851146e-13,10.1842050882,10.7732171756,4.83965356364,4.64240581457,PF,3500
203515,Phil (Flip),Pressey,12.2,11,PHI@MEM,PHI,MEM,,,8.9,10.5,1,3.72578007858,0.125014078374,1.52445759049,1.2909178616,0.184328803,1.02298171865,0.911188036736,1.39547835647,1.20731052165,1.80077123305,0.415382625886,4.78725104069,0.803149985156,4.82007507714,16.0,0.000652058358944,4.27597271327e-10,12.5344436947,13.5012178008,5.32509839648,5.36621393863,PG,3500
1626148,Anthony,Brown,2.3,3,IND@LAL,LAL,IND,,,0.0,0.0,1,0.0,0.0,0.0,0.0,0.0,0.0,0.0,0.0,0.0,0.0,0.0,0.0,0.0,0.0,0.0,,,0.0,,0.787319822327,,SF,3500
1626185,Jarell,Martin,0.0,0,PHI@MEM,MEM,PHI,O,Foot,0.0,0.0,1,0.0,0.0,0.0,0.0,0.0,0.0,0.0,0.0,0.0,0.0,0.0,0.0,0.0,0.0,0.0,,,0.0,,0.845620626624,,PF,3500
203960,Jakarr,Sampson,8.8,17,PHI@MEM,PHI,MEM,,,16.5,17.0,1,0.505793336505,0.217386928153,0.812737557835,1.26383874096,0.399173039232,1.18977152115,0.32503944728,0.896487235921,1.58894456038,1.68650191643,0.208232729273,3.55361168826,0.884332952061,4.4655695142,12.0,6.49564241137e-07,1.25746727306e-16,7.31935850635,7.95116669132,4.61910062564,4.38097807484,SF,3500
1626153,Delon,Wright,1.0,4,PHO@TOR,TOR,PHO,,,0.0,0.0,1,0.0,0.0,0.0,0.0,0.0,0.0,0.0,0.0,0.0,0.0,0.0,0.0,0.0,0.0,0.0,,,0.0,,0.83942543237,,PG,3500
203998,Bruno,Caboclo,0.0,1,PHO@TOR,TOR,PHO,,,0.0,0.0,1,0.0,0.0,0.0,0.0,0.0,0.0,0.0,0.0,0.0,0.0,0.0,0.0,0.0,0.0,0.0,,,0.0,,0.77495954723,,SF,3500
1626176,Rakeem,Christmas,0.0,0,IND@LAL,IND,LAL,,,0.0,0.0,1,0.0,0.0,0.0,0.0,0.0,0.0,0.0,0.0,0.0,0.0,0.0,0.0,0.0,0.0,0.0,,,0.0,,0.845620626624,,PF,3500
203092,Tyler,Zeller,7.2,12,BOS@ORL,BOS,ORL,,,0.0,0.0,1,0.0,0.0,0.0,0.0,0.0,0.0,0.0,0.0,0.0,0.0,0.0,0.0,0.0,0.0,0.0,,,0.0,,0.790075116323,,C,3500
201961,Wayne,Ellington,7.3,14,DET@BKN,BKN,DET,,,18.2,20.5,1,1.26058136835,0.139840248005,3.31179272051,0.702226526308,0.317359542542,1.49242712586,0.844158509265,0.55906599618,1.8097866684,2.9911066113,1.06454176678,7.99639408247,0.570250363494,7.61700535287,24.0,8.09343226119e-06,7.10417701161e-12,13.0885529258,13.9908582809,8.01877294433,8.50634936467,SG,3500
1626154,RJ,Hunter,6.4,11,BOS@ORL,BOS,ORL,,,0.0,0.0,1,0.238980802433,0.0670222245719,0.952629354314,0.129943400016,0.0968369354037,0.816882874776,0.224057988909,0.304826543018,0.91371981018,0.663189292156,0.260538256776,1.77661122179,0.0957351975046,1.68265203859,6.0,3.16064961531e-10,6.52553019835e-23,3.4149208984,3.74328928928,2.77429555702,2.88496081362,SG,3500
201949,James,Johnson,8.1,12,PHO@TOR,TOR,PHO,,,11.7,12.25,1,0.881710506395,0.512015152483,0.45470522713,0.931101622557,0.514048381552,1.06654262512,0.476010395015,0.898784363945,1.58059100667,1.72549037317,0.124174329856,3.02429130301,0.579973423876,4.15512850008,12.0,4.96833657985e-07,1.75541425045e-14,8.45167019872,9.04217984121,4.43043295838,4.01671760125,SF,3500
203928,Cory,Jefferson,4.4,1,PHO@TOR,PHO,TOR,,,0.0,0.0,1,0.0,0.0,0.0,0.0,0.0,0.0,0.0,0.0,0.0,0.0,0.0,0.0,0.0,0.0,0.0,,,0.0,,0.782521726406,,PF,3500
203493,Reggie,Bullock,1.4,10,DET@BKN,DET,BKN,,,0.0,0.0,1,0.0,0.0,0.0,0.0,0.0,0.0,0.0,0.0,0.0,0.0,0.0,0.0,0.0,0.0,0.0,,,0.0,,0.529679417499,,SF,3500
201160,Jason,Smith,11.0,11,BOS@ORL,ORL,BOS,,,9.1,10.25,1,0.769778309537,0.590334911298,0.246508139608,1.10762262759,0.721042274787,1.65476570854,0.262627874282,0.859503971381,2.37580798332,2.31725650841,0.100533230941,4.89571861884,0.956393533655,5.69143978142,15.0,3.47857639536e-05,3.77409118852e-13,10.5434984255,11.1423596045,6.11795713461,5.79246379885,PF,3500
1626174,Christian,Wood,8.8,11,PHI@MEM,PHI,MEM,,,0.0,0.0,1,0.0,0.0,0.0,0.0,0.0,0.0,0.0,0.0,0.0,0.0,0.0,0.0,0.0,0.0,0.0,,,0.0,,0.884380700576,,PF,3500
203919,Jordan,Adams,9.0,2,PHI@MEM,MEM,PHI,O,Knee,0.0,0.0,1,0.0,0.0,0.0,0.0,0.0,0.0,0.0,0.0,0.0,0.0,0.0,0.0,0.0,0.0,0.0,,,0.0,,0.836764843022,,SG,3500
200811,Louis,Amundson,6.1,9,HOU@NY,NY,HOU,,,0.0,0.0,1,0.0,0.0,0.0,0.0,0.0,0.0,0.0,0.0,0.0,0.0,0.0,0.0,0.0,0.0,0.0,,,0.0,,0.893392561635,,PF,3500
203080,Thomas,Robinson,9.9,15,DET@BKN,BKN,DET,,,14.4,15.75,1,0.33914694213,0.500514080658,0.0135572786242,1.24736436115,1.60565711575,2.12193246097,0.449560725194,0.945547711456,3.72758957672,1.70483118327,0.000331303483613,3.41172995142,0.633265725297,4.04325939532,12.0,0.00032673517603,7.79337235273e-14,9.97968920083,10.6394982899,4.8699983272,4.50308827362,PF,3500
1626164,Devin,Booker,7.8,13,PHO@TOR,PHO,TOR,,,0.0,0.0,1,0.0,0.0,0.0,0.0,0.0,0.0,0.0,0.0,0.0,0.0,0.0,0.0,0.0,0.0,0.0,,,0.0,,0.726039662583,,SG,3500
201229,Anthony,Tolliver,10.3,15,DET@BKN,DET,BKN,,,9.5,9.75,1,0.830217391102,0.260566973032,4.14483355534,0.745289117192,0.700114354847,1.98423632605,0.432837150468,0.384937396447,2.68435068089,1.79695508043,1.3910262895,5.32660823237,0.493587415074,5.47852386544,22.0,0.000101666825682,2.05841085852e-12,10.9469416197,11.969293497,7.17342365408,8.23848732203,PF,3500
203921,Cleanthony,Early,2.6,5,HOU@NY,NY,HOU,,,0.0,0.0,1,0.327538769345,0.0971758494467,0.766812154657,0.390484317576,0.179826132497,0.276153095301,0.218176863953,0.320912515023,0.455979227797,0.72244645673,0.208423255468,1.88319341842,0.291824640594,1.94514080952,6.0,5.9146140223e-13,1.68394768634e-24,3.29341694867,3.58088379531,2.82509061517,2.83888110859,SF,3500
203508,Sergey,Karasev,2.6,6,DET@BKN,BKN,DET,,,1.2,1.25,1,0.366982353471,0.0183009935466,0.593249793363,0.414163901411,0.148876405499,0.289850352896,0.192980670817,0.281738789853,0.438726758395,0.491879658545,0.154690888799,1.31180750872,0.341367752531,1.47981795842,6.0,1.6321906716e-13,1.21372564398e-24,2.69758813757,2.93773931482,2.30125432415,2.31512992047,SF,3500
203512,Lucas,Nogueira,3.5,2,PHO@TOR,TOR,PHO,,,6.4,6.5,1,0.324691971583,0.144366992737,0.309050401412,0.700478848191,0.396819019563,0.683384746953,0.266344683983,0.34049515123,1.08020376652,0.83896197536,0.076434999607,1.93816216855,0.487984462049,2.24234341238,6.0,1.94197820111e-09,5.9466041011e-21,4.50655409178,4.76902935844,3.04501332581,2.85134254649,C,3500
201603,Sonny,Weems,3.9,10,PHO@TOR,PHO,TOR,,,0.0,0.0,1,0.0,0.0,0.0,0.0,0.0,0.0,0.0,0.0,0.0,0.0,0.0,0.0,0.0,0.0,0.0,,,0.0,,0.737219791634,,SF,3500
1626155,Sam,Dekker,1.1,3,HOU@NY,HOU,NY,O,Back,0.0,0.0,1,0.0,0.0,0.0,0.0,0.0,0.0,0.0,0.0,0.0,0.0,0.0,0.0,0.0,0.0,0.0,,,0.0,,0.824869165214,,SF,3500
101179,Ronnie,Price,8.4,14,PHO@TOR,PHO,TOR,,,6.9,8.0,1,3.33268371708,0.223061944162,3.11851046127,0.894035034656,0.335980776126,0.804585214292,1.37216524692,1.31320431206,1.14056599042,1.96164190112,0.969114429213,5.19391544081,0.73119693097,5.62359516242,22.0,0.000480918209004,1.08199513116e-09,13.8685499966,15.0674590473,6.26518243586,6.87284101226,PG,3500
200745,Andrea,Bargnani,8.8,15,DET@BKN,BKN,DET,,,0.0,0.0,1,0.0886155152295,0.0771764318286,0.146345877979,0.274645183037,0.138996881482,0.190761053646,0.0131944582431,0.159553173736,0.329757935128,0.592466570387,0.0421652089494,1.38432338463,0.235545034249,1.46264338397,3.0,5.34248486524e-15,5.08491832977e-32,2.01246478538,2.12981187348,2.39908216981,2.21404913816,C,3500
1626273,Marcelo,Huertas,9.7,8,IND@LAL,LAL,IND,,,0.0,0.0,1,0.0,0.0,0.0,0.0,0.0,0.0,0.0,0.0,0.0,0.0,0.0,0.0,0.0,0.0,0.0,,,0.0,,0.966956516481,,PG,3500
201978,Chase,Budinger,10.6,15,IND@LAL,IND,LAL,,,1.0,1.5,1,0.700682730544,0.154518023252,1.31169389654,0.608977904041,0.281665686485,0.700839358461,0.337571302084,0.430843111929,0.982505044946,1.2511489921,0.500263417673,2.93599961421,0.439419360327,3.4419807622,11.0,5.456462822e-09,2.17887122527e-17,6.22534645069,6.74002497592,4.02182604356,4.20871661596,SF,3500
203906,Roy Devyn,Marble,1.1,4,BOS@ORL,ORL,BOS,,,0.0,0.0,1,0.0764218522313,0.0109598479611,0.108541295862,0.0792483375154,0.0255346982606,0.0461761636048,0.0393723896367,0.049600205642,0.0717108618653,0.0814125302843,0.0207605290671,0.238667389562,0.0373528148539,0.22093840449,1.0,8.18549571808e-24,4.97754263147e-42,0.472688486629,0.511454397076,1.0681052509,1.03573533017,SG,3500
