NBA_ID,First Name,Last Name,FPPG,Played,Game,Team,Opp,Status,Injury Details,Actual_FD,Actual_DK,Actual_MIN,AST,BLK,FG3A,FTA,OREB,DREB,STL,TOV,REB,FGM,FG3M,FGA,FTM,PTS,MIN,DD,TD,FD,DK,FD_std,DK_std,fd_Pos,fd_Salary
203076.0,Anthony,Davis,43.5,14,MEM@NO,NO,MEM,,,57.8,61.0,0,2.05481592891,3.28404410373,1.56540346016,8.71441526615,2.49030098616,8.74709742891,1.54625754726,2.3537967749,11.2373984151,10.3192652759,0.573140613396,19.9851450565,6.63752588772,27.8491970528,41.0,0.683899137221,0.00148886403285,51.7231055714,54.7787594842,20.7239949599,20.3238300861,PF,10800
2544.0,LeBron,James,45.1,17,WAS@CLE,CLE,WAS,,,40.6,47.25,0,6.80388407607,0.618914993752,4.24259332122,7.95836680094,1.43990376934,5.09474641795,1.37431125764,3.71357089117,6.53465018729,9.49520264571,1.30981462914,19.3830742759,5.64782018084,25.9480401014,37.0,0.275032553231,0.0188091970181,44.2683280519,47.5757297423,18.5527713933,18.5420280555,SF,10100
203081.0,Damian,Lillard,39.0,18,DAL@POR,POR,DAL,GTD,Abdomen,47.6,53.0,0,7.63516148875,0.342156186909,8.66992114021,5.73201515309,0.796297568191,3.62528840024,1.20572576197,3.78354425933,4.42158596843,9.28969879867,3.09915319732,22.0682598157,4.96882425826,26.6473750529,41.0,0.253860507477,0.00366103265204,42.7182400866,46.7724419725,20.1875424904,21.5100258392,PG,9400
202339.0,Eric,Bledsoe,38.0,16,PHO@BKN,PHO,BKN,,,33.9,37.0,0,6.83483697828,0.685221287685,4.58134670843,6.79248711679,0.611015329441,3.09368577861,2.04005957867,3.93081915144,3.70470110805,7.94125944063,1.82493100503,17.1027094786,5.42239659897,23.1298464853,38.0,0.156878942965,0.00075175337314,39.3474858636,42.6481696718,16.3890469317,16.7083324829,SG,8700
201572.0,Brook,Lopez,36.4,17,PHO@BKN,BKN,PHO,,,33.2,34.5,0,1.64932758381,2.34719381962,0.175994876043,5.48775217714,3.22083429958,5.34159292847,0.673696123471,2.17600096081,8.56242722805,8.64898268258,0.00335989339607,17.7021904793,4.34689043191,21.6482156905,37.0,0.352009805131,6.27561978519e-05,38.2628986652,40.30890343,19.2071535856,18.7714180649,C,8400
201567.0,Kevin,Love,37.3,17,WAS@CLE,CLE,WAS,,,19.6,20.0,0,2.1484578255,0.466121963559,6.20790760625,3.94001810444,2.42152577197,7.33695722276,0.590867612632,2.18471842412,9.75848299473,6.19569299937,2.42015244838,13.6392772189,3.35330309058,18.1648415377,33.0,0.48583894414,4.04827169449e-05,33.0269685979,36.5462080482,13.7243234215,14.7949783343,PF,8300
202322.0,John,Wall,33.6,14,WAS@CLE,WAS,CLE,,,59.8,65.5,0,9.9237331102,1.02397132319,4.7365330395,5.72714888636,0.8078360672,2.73254927564,2.58905177087,5.08361414302,3.54038534284,7.63852980532,1.47284455188,18.2732792387,4.27806948603,21.0279736485,41.0,0.527995404834,0.0020731888459,42.3044677703,46.5579290587,16.9064230798,17.1901118236,PG,8100
202688.0,Brandon,Knight,36.0,17,PHO@BKN,PHO,BKN,,,37.4,40.75,0,5.84651763054,0.41575369518,6.75584507326,4.38334068684,0.862375495529,3.17323761506,1.60117396007,3.33997390748,4.03561311059,8.10198292406,2.6755158232,18.4193927416,3.61131397726,22.4907956486,38.0,0.0813547661462,0.000627985240116,36.7971892301,40.1306308559,17.2254735543,18.1910638481,PG,7900
201188.0,Marc,Gasol,30.1,18,MEM@NO,MEM,NO,,,67.6,71.25,0,4.91055078153,1.41336011377,0.204280161457,6.67479798703,1.57438176259,6.42816640866,0.775264467276,2.97998455411,8.00254817125,7.00429427287,0.111180331271,15.0732215493,5.7413537793,19.8611226563,42.0,0.30725666761,0.00800498296656,38.2272712421,40.6578810437,16.5311572026,16.1682493735,C,7600
203506.0,Victor,Oladipo,30.0,15,ORL@MIN,ORL,MIN,,,31.8,33.5,0,3.52203013343,0.523397922673,3.56067614729,3.15543513565,0.561510029173,3.81142780293,1.2592507075,1.53114146128,4.3729378321,4.7887729111,0.990452628099,12.0445220092,2.52968330336,13.0976817537,28.0,0.0144094797538,4.01638135364e-05,25.6624081514,27.1635867988,11.3990849905,11.6034393062,SG,7500
203952.0,Andrew,Wiggins,29.6,16,ORL@MIN,MIN,ORL,,,34.8,36.5,0,1.95521929395,0.699157745716,2.52107836195,7.66577934428,1.72116528617,1.97079194077,0.791144899862,2.25703469677,3.69195722694,7.461838277,0.768242512611,17.0470774384,5.71195398879,21.4038730554,36.0,0.00476123980789,1.82341604657e-07,29.490621263,31.1950001358,16.8885671994,16.7252949367,SF,7400
201936.0,Tyreke,Evans,0.0,0,MEM@NO,NO,MEM,GTD,Knee,42.0,45.25,0,6.62084309299,0.514830331085,2.94866740285,3.51911242989,1.12533517394,1.28847557238,0.969727379194,2.52255840962,2.41381074632,6.15758950827,0.969518092962,13.1855800256,2.65960867774,15.9443057872,31.0,0.122160882766,2.57251813847e-05,29.2187003332,31.2687476215,12.955722721,12.9193889846,PG,7400
202696.0,Nikola,Vucevic,30.8,14,ORL@MIN,ORL,MIN,,,40.4,44.5,0,2.61274796046,1.38804592742,0.0220876131515,2.20300477651,3.77695257854,6.12545507942,0.959012233789,2.18619226874,9.90240765797,8.98072137557,0.00734420175335,17.7525776013,1.74729597324,19.7160829261,37.0,0.51780195846,0.000202933764937,38.0260181101,40.3952184672,19.283422758,18.8218235182,C,7100
201937.0,Ricky,Rubio,30.5,11,ORL@MIN,MIN,ORL,GTD,Ankle,17.5,18.75,0,7.33301839239,0.0677758994485,1.73621188636,3.60026849925,0.694407707042,2.63872799797,1.63364760841,2.13508015186,3.33313570501,2.8567378536,0.31901597618,8.1972977986,2.96250064793,8.99499233131,27.0,0.107093792572,0.00024973934219,25.2620496298,26.8171443859,8.17774281982,8.09739974016,PG,7100
203078.0,Brad,Beal,28.9,11,WAS@CLE,WAS,CLE,,,38.8,40.25,0,3.56661089447,0.383807446791,6.14686361782,3.90906036941,1.16551280883,3.45398845834,1.41046464808,3.02647801025,4.61950126717,8.29195885075,2.37096201532,18.6381197489,3.06936233477,22.0242420516,42.0,0.0234623597037,7.4574599369e-05,33.4796260934,36.4447384329,17.2820956003,18.0071462622,SG,7000
201144.0,Mike,Conley,29.6,18,MEM@NO,MEM,NO,,,15.9,17.5,0,4.60802310129,0.125299264635,3.00311980661,2.84811754479,0.379815136999,1.35012080736,0.86063374195,1.47679205291,1.72993594436,4.0848799195,1.11655308322,9.51343205747,2.48561175325,11.7719246755,24.0,0.0144204727935,2.00406158786e-07,21.2549564209,22.6597570966,9.61755117963,9.87690101896,PG,7000
2216.0,Zach,Randolph,27.3,13,MEM@NO,MEM,NO,,,21.2,21.5,0,1.41097941543,0.0890551110315,0.105897099227,2.83392583804,2.52189181422,4.25715635461,0.698674767689,1.77326852459,6.77904816883,5.14775009014,0.0206302486629,11.0902739872,2.34937555111,12.66550598,26.0,0.118549912416,2.85863440877e-07,22.7190241386,24.1327516599,12.4330515403,12.0539125099,PF,6900
1626157.0,Karl-Anthony,Towns,30.7,17,ORL@MIN,MIN,ORL,,,18.2,19.0,0,0.731480272187,1.62137348265,0.503036728053,2.17322675833,1.64763125593,5.42978158026,0.645395561316,1.5686641806,7.07741283618,4.43234743128,0.145118769717,8.94128306869,1.77552379928,10.7853374316,22.0,0.119322731643,9.55626893622e-07,23.3403271506,24.7300762319,10.115528703,9.71976735704,C,6800
977.0,Kobe,Bryant,25.5,13,LAL@PHI,LAL,PHI,,,28.0,31.75,0,3.98201389281,0.109211092048,6.86247702981,5.09669794167,0.61050157202,2.78066180806,1.09361623663,2.63955359752,3.39116338008,5.91292124837,1.53756173081,18.1484820921,4.14239638149,17.505800609,32.0,0.0100071918177,1.99104230303e-05,27.3143185642,29.5875049163,15.5408519903,16.3190927685,SG,6700
203468.0,C.J.,McCollum,29.6,18,DAL@POR,POR,DAL,,,22.3,25.5,0,3.71709850149,0.349928436848,6.14630456368,3.22994610579,0.644417080117,2.74116148752,1.2041673316,2.47569603781,3.38557856764,8.0394557066,2.37123315869,18.5816198318,2.70748900622,21.1576335781,40.0,0.00747935979449,1.28920783441e-05,31.4284711106,34.0324723532,17.1176135408,17.8733854455,SG,6700
202699.0,Tobias,Harris,28.8,17,ORL@MIN,ORL,MIN,,,19.3,21.5,0,2.21038129877,0.674080845404,3.12290009219,3.77727024,2.15445456111,4.72329328867,0.868982708115,1.9025357078,6.87774784978,6.01908843957,1.10689841934,12.8049578371,3.0038454083,16.1489207068,35.0,0.144911367595,1.51780255809e-05,28.9013814739,30.9673985154,12.6241069726,12.6693073608,SF,6700
201152.0,Thaddeus,Young,30.9,17,PHO@BKN,BKN,PHO,,,13.8,15.0,0,1.93897179296,0.47724334707,0.892005404409,2.4735760768,2.48765960026,5.84206572946,1.68890195061,1.81485555977,8.32972532972,7.68947747791,0.179972077529,15.1550244219,1.51199345164,17.070920485,36.0,0.306260655488,1.44983532336e-05,32.4924836057,34.3658181691,15.9749715637,15.5194954589,PF,6700
202397.0,Ishmael,Smith,30.2,17,MEM@NO,NO,MEM,,,4.7,5.75,0,3.48460555566,0.155620617823,0.843062036261,0.879413516248,0.283235518328,1.31880163544,0.539894005571,1.06057207428,1.60203715376,2.22918787805,0.255869529659,5.56126708492,0.637861704886,5.35210699065,14.0,0.000533123278978,3.84086581665e-09,12.8319170812,13.5710394373,6.18925715592,6.02361458891,PG,6600
201583.0,Ryan,Anderson,28.5,17,MEM@NO,NO,MEM,,,28.6,30.0,0,1.24455342333,0.453027134051,6.03736649728,2.9963641727,2.14126098482,4.14647349035,0.554487862175,1.41212458352,6.28773447517,6.66044235629,2.24548171515,14.9192020912,2.58399574143,18.1503621692,33.0,0.0997474415684,7.95488146508e-08,28.1653790833,30.4581903574,14.3644340929,15.2552365059,PF,6500
1717.0,Dirk,Nowitzki,29.3,17,DAL@POR,DAL,POR,,,44.4,47.25,0,2.16940287728,0.702085839665,4.43284134785,3.86359142932,0.791697248951,6.2617696166,0.780956078098,1.25436075612,7.05346686555,8.07216972822,1.91150366958,16.3452266998,3.47518410195,21.531027228,37.0,0.172371114867,1.55303510147e-05,34.961014862,37.1552236814,15.6566202118,15.9555758424,PF,6500
101114.0,Deron,Williams,27.3,17,DAL@POR,DAL,POR,,,52.2,54.0,0,8.28635456007,0.437273798136,5.30423384767,4.58329340007,0.308905634529,3.25098814645,1.80407917218,2.74616053129,3.55989378097,6.96285694081,1.96531327949,16.4977094327,4.15834632723,20.0493734883,45.0,0.315386041201,0.00116786298749,38.487323275,41.4976375202,15.3698697067,15.9838036357,PG,6500
203901.0,Elfrid,Payton,25.6,17,ORL@MIN,ORL,MIN,,,29.1,30.5,0,6.89015242532,0.29265594187,1.20023039696,2.80971565016,1.33472013237,2.88787430276,1.4271891775,2.76891559357,4.22259443513,4.42792346923,0.405690200255,11.4248470684,1.88387848423,11.1454156229,34.0,0.118901660413,0.00127043680383,27.2185322283,29.199128648,11.5458526329,11.3817790789,PG,6500
1626143.0,Jahlil,Okafor,30.2,18,LAL@PHI,PHI,LAL,,,21.0,22.25,0,1.25587183899,1.37866445905,0.172049805507,3.45745487248,2.16135187229,5.05564985783,0.446354800022,2.48393760516,7.21700173012,6.60815925529,0.038613790147,14.2684726745,2.35284914824,15.607781449,30.0,0.175962093333,4.9787054405e-07,27.3180921966,29.2041626144,15.5701658927,15.1861501403,C,6400
203496.0,Robert,Covington,28.1,9,LAL@PHI,PHI,LAL,,,36.0,40.25,0,2.11556320712,0.929845075752,7.51864113031,4.25638571205,1.0675511126,4.22866216608,2.91939464506,3.57122651184,5.29621327868,5.08166276182,2.56038659836,13.1029949917,3.42573576259,16.1494478846,34.0,0.0406887851806,3.88792135729e-05,29.8055015595,33.1972685939,13.7848582839,15.3322419832,SF,6400
101127.0,Jarrett,Jack,28.7,16,PHO@BKN,BKN,PHO,,,30.8,32.5,0,6.32504413188,0.170252490058,2.68609181364,3.16878175689,0.230475126481,3.0600530804,0.783935772559,2.71892555026,3.29052820688,4.69069724486,0.939521359654,11.2767863873,2.78624237251,13.1071582219,30.0,0.0895671950371,0.000188742925526,25.7328092429,27.8614761296,11.049821727,11.1383934419,PG,6400
2585.0,Zaza,Pachulia,26.4,18,DAL@POR,DAL,POR,,,42.7,46.25,0,2.97969867997,0.691969727966,0.0679210756206,6.57459433134,3.98079081809,8.29959428223,1.30267279774,2.74798149116,12.2803851003,4.55584128454,0.0,9.52584137391,5.12523779938,14.2369203685,38.0,,,34.6842340691,,11.3934834347,,C,6400
203457.0,Nerlens,Noel,24.1,14,LAL@PHI,PHI,LAL,GTD,Knee,28.3,30.25,0,1.23579567756,0.974427493082,0.00460270991379,2.64632944056,1.80699473429,4.5386766348,1.23814814731,2.23982179508,6.34567136909,3.48246798118,0.00126763065869,8.05136465524,1.64747612294,8.61367971595,26.0,0.0524774034594,8.38474871353e-08,20.2675083609,21.784052999,9.36551945364,9.04268153062,PF,6300
203903.0,Jordan,Clarkson,23.9,16,LAL@PHI,LAL,PHI,,,28.0,28.75,0,3.33297823276,0.289044403148,4.00722163258,2.79682225002,1.08070165187,2.67877997508,1.21301655627,2.12002144512,3.75948162696,7.37428614735,1.62610865578,15.7164314933,2.20486948983,18.5795504403,38.0,0.00742741617579,1.21797803898e-05,28.9744962155,31.0467130109,14.9962209656,15.2136429994,PG,6100
203486.0,Mason,Plumlee,26.6,18,DAL@POR,POR,DAL,,,14.5,14.75,0,1.60836730189,0.758275264842,0.0396376291376,3.31708680084,1.9752102342,3.85669980522,0.882676554876,1.42371918276,5.83191003942,2.91785818298,0.000708102313566,5.25841850178,1.81458102825,7.65100549652,21.0,0.0275410067107,2.06884460389e-07,18.9200329533,19.9651542286,7.10971393419,6.63863256115,C,6000
203944.0,Julius,Randle,26.0,16,LAL@PHI,LAL,PHI,,,30.2,32.25,0,2.14596319018,0.562109134132,0.307975462438,3.61718690169,1.39481952233,6.68068309644,0.774045817605,1.75179194321,8.07550261877,4.39859395722,0.0583248087246,9.86269365233,2.4042490047,11.2597617279,28.0,0.208953620012,1.72479429467e-05,25.0898276159,26.7121432967,11.0721943353,10.7379931292,PF,5900
101162.0,Marcin,Gortat,25.2,14,WAS@CLE,WAS,CLE,,,35.2,38.75,0,1.76783898436,1.41596863887,0.0105651030966,3.62987772969,2.7979627157,5.77884861609,0.68341351723,2.22618402988,8.57681133179,5.372116554,0.000194207525234,10.375788256,2.70498343064,13.4494107462,33.0,0.301091004566,5.76517903041e-06,28.3659231032,30.3596065909,12.0807194268,11.6302578316,C,5900
2590.0,Mo,Williams,25.0,14,WAS@CLE,CLE,WAS,,,19.1,20.75,0,4.6082407581,0.199611654535,4.05525553396,1.92341763035,0.239065405701,2.02705814632,0.573376218213,2.27428351597,2.26612355202,5.11166737484,1.4298677324,10.9122526357,1.73512633775,13.3883288198,28.0,0.0161467871493,2.0517534278e-06,22.2917304489,24.2813385867,10.8991445749,11.3011464974,PG,5800
203897.0,Zach,LaVine,23.7,17,ORL@MIN,MIN,ORL,,,27.5,28.75,0,4.38332312998,0.136356340952,3.88058346087,3.1527487931,0.631547109809,2.83558045237,0.687919157873,2.67272798681,3.46712756218,5.57019862123,1.35982147272,12.7347923732,2.84850742225,15.3487261374,29.0,0.0158048024461,4.04266863984e-05,25.0600869179,27.2735465095,12.271139877,12.5742978224,SG,5800
2207.0,Joe,Johnson,22.3,17,PHO@BKN,BKN,PHO,,,16.4,19.0,0,3.83110184428,0.0801505519372,4.19151592192,2.51614930369,0.62833735718,3.31867091721,0.821996893321,2.09726522034,3.94700827439,4.32866782648,1.21282290508,11.6832012026,2.11250031025,11.9826588683,35.0,0.0100635068869,3.37896488931e-05,22.1727512342,24.0403423399,10.9156175831,11.3860179273,SG,5800
203095.0,Evan,Fournier,26.4,17,ORL@MIN,ORL,MIN,,,18.7,19.75,0,2.00282644257,0.00895481279563,4.45796791457,2.41497426988,0.388444956997,2.21254059753,0.964977829674,1.33833340968,2.60098555452,4.86977786226,1.73646816593,10.8857434501,1.88145982553,13.357483716,28.0,0.000342250784284,1.43372707043e-08,20.0924379205,21.7604014052,11.0209049172,11.6760227166,SG,5700
202329.0,Al-Farouq,Aminu,24.3,18,DAL@POR,POR,DAL,,,4.7,5.75,0,0.997868320025,0.543841632825,2.25654920666,1.53093130908,0.88443188151,3.02350874228,0.432348269414,1.00636617583,3.90794062379,2.11892202528,0.701336390488,5.60439558015,1.10497164856,6.0441520896,18.0,0.00161595976975,1.77277717723e-10,13.1764969468,14.2281692014,6.11808915429,6.390814563,SF,5700
201569.0,Eric,Gordon,26.0,17,MEM@NO,NO,MEM,,,16.2,16.75,0,1.84110193488,0.135923224709,4.03986068426,1.94800342503,0.219379100471,0.910779209039,0.562377685257,0.927300817626,1.13015830951,3.25147494583,1.46413892311,7.98829359101,1.67624401559,9.64333283037,20.0,1.33406909686e-05,4.43694913548e-12,14.2304767064,15.4827245033,8.69255666021,9.45046701114,SG,5600
202684.0,Tristan,Thompson,23.1,17,WAS@CLE,CLE,WAS,,,17.2,18.75,0,0.893354599922,0.652607471497,0.000201732464624,2.69817385422,2.93252436443,6.16978524714,0.404741129739,0.984986084449,9.10230961156,3.26959169924,2.42457026132e-06,5.94299696983,1.52611786004,8.06530368309,27.0,0.179603414892,7.52162833569e-09,21.4578182349,22.6748331149,7.70082942267,7.24243300175,PF,5600
202693.0,Markieff,Morris,22.4,15,PHO@BKN,PHO,BKN,,,8.7,10.25,0,1.98108822844,0.461314577354,2.56936248951,2.22759346414,1.31175399562,3.54641096516,0.882809389912,2.25956179911,4.85816496079,5.46599080736,0.751380968961,13.3878374324,1.62110504268,13.3044676264,28.0,0.0221018393921,9.49738907845e-07,22.5345840574,24.3161192978,12.8268710155,12.7750186251,PF,5500
203490.0,Otto,Porter,23.3,14,WAS@CLE,WAS,CLE,,,16.0,16.75,0,2.67022366551,0.530097610073,4.19427320582,2.70797804282,1.57421226482,3.90642661166,1.8022121956,1.69430549755,5.48063887648,5.48470092781,1.21805178708,12.1757267423,2.29032103753,14.4777746802,42.0,0.0460740071187,2.19380678968e-05,28.0301909441,29.8295783551,11.7054886838,11.988349609,SF,5400
2747.0,J.R.,Smith,19.5,14,WAS@CLE,CLE,WAS,,,27.3,29.5,0,2.57835044333,0.741646264233,6.78158428032,1.16292056728,0.721423977541,2.06662867081,1.12441922981,1.49175924681,2.78805264835,4.88952095097,2.49320278791,12.5738351955,0.664012863744,12.9362575536,36.0,0.000763296435189,1.73517121012e-07,22.3898181379,24.5228472529,12.8950981317,14.3230382067,SG,5300
201579.0,Roy,Hibbert,22.5,16,LAL@PHI,LAL,PHI,,,27.0,27.5,0,1.8590516455,2.4781069285,0.115816014993,4.63249546247,2.55973810726,5.21487512838,0.454178178147,1.81019536601,7.77461323564,3.5246075003,0.000531611535224,7.65358928809,3.93585404586,10.985600658,33.0,0.180267982439,5.1209117281e-05,27.1580888563,28.7227386079,9.21001061903,8.86321356037,C,5200
1626156.0,D'Angelo,Russell,21.1,16,LAL@PHI,LAL,PHI,,,20.8,22.5,0,4.06115786838,0.358708367373,5.37943771204,1.6524628497,0.931124575578,5.26165191114,1.12629420131,2.24837321921,6.19277648672,5.69683748774,1.61960181099,14.0203208226,1.21754216523,14.2308189517,37.0,0.0903894206356,0.000741824635766,28.4755194565,30.8569554008,13.0487685264,13.7038639898,PG,5100
204456.0,T.J.,McConnell,22.3,18,LAL@PHI,PHI,LAL,,,25.0,26.25,0,4.59198978795,0.296054911574,1.16057984408,0.177027751372,0.517776627174,3.12547662993,0.91665775716,1.89521683324,3.6432532571,2.336317287,0.360265534612,4.91658906007,0.120430177741,5.15333028635,21.0,0.0037731847953,1.31840455875e-05,16.943427381,18.2590305571,5.75842210052,5.5741414808,PG,4900
203924.0,Jerami,Grant,21.5,18,LAL@PHI,PHI,LAL,,,38.4,38.75,0,1.54725994932,1.9363563226,2.70812603157,4.12388414554,1.48425559664,3.46427541399,0.802405644721,1.48563943556,4.94853101063,3.83429469982,0.65946099519,9.20249576021,2.86208304273,11.1901334376,31.0,0.0210270602907,8.60849132788e-07,23.4411450734,24.7926650123,9.29379621137,9.31291792932,PF,4800
201950.0,Jrue,Holiday,19.0,13,MEM@NO,NO,MEM,,,19.2,21.25,0,5.45379378635,0.377298211838,2.96652632725,2.80035218616,0.230241435566,1.38533031104,0.946793179291,2.6026216665,1.61557174661,4.72851107645,1.01256246299,11.3028954893,2.2779167525,12.7475013684,26.0,0.0405834870281,3.17606861826e-07,22.9124392596,24.861686095,11.0190389379,11.1595158658,PG,4800
201593.0,Nikola,Pekovic,0.0,0,ORL@MIN,MIN,ORL,O,Achilles,0.0,0.0,0,0.0,0.0,0.0,0.0,0.0,0.0,0.0,0.0,0.0,0.0,0.0,0.0,0.0,0.0,0.0,,,0.0,,0.771302157252,,C,4800
202083.0,Wesley,Matthews,17.4,16,DAL@POR,DAL,POR,,,28.5,30.75,0,2.44114178135,0.106901661596,8.55408878623,3.02672040904,0.713936334324,2.4356727082,1.18890840464,1.51164468856,3.14960904252,5.33183802973,2.88825878945,14.1234742948,2.55951299416,16.1114478431,40.0,0.00162104581095,3.26365090354e-07,24.63266681,26.992531549,14.9017659048,16.7430630133,SG,4700
201145.0,Jeff,Green,18.7,18,MEM@NO,MEM,NO,,,14.3,14.5,0,1.73267987207,0.379297022976,2.62967231089,3.34674233859,0.832582252319,3.22543063177,0.756136452618,1.38768704558,4.05801288409,4.32716849144,0.845484045413,10.5374738396,3.01644187724,12.5162629055,31.0,0.00700329861146,9.84132784767e-08,20.8680780802,22.198069513,10.3635914074,10.4365158979,SF,4700
202334.0,Ed,Davis,19.3,18,DAL@POR,POR,DAL,,,22.7,25.75,0,1.69056250351,1.23131758808,7.2884790035e-06,3.79318557035,3.97610839459,5.93420813778,0.884258716431,1.43140847673,9.91031653237,4.25739792391,9.0238311472e-07,6.82659157504,2.02460406745,10.5394008176,32.0,0.348732983685,4.24799338706e-06,27.767368544,29.5017012797,8.82505443848,8.23265057578,PF,4600
203939.0,Dwight,Powell,20.8,18,DAL@POR,DAL,POR,,,13.1,13.25,0,0.693983126901,0.450701216461,0.290407371165,1.7171683724,1.02308904546,2.51834767305,0.470491524797,0.607281975116,3.5414367185,2.04337925708,0.0604282287026,4.13690150592,1.21281932506,5.36000606793,13.0,0.000557479828866,2.21036803191e-12,11.8858083279,12.3975714855,5.4898146722,5.12739655666,PF,4600
202718.0,Chandler,Parsons,13.2,13,DAL@POR,DAL,POR,,,0.0,0.0,0,0.0,0.0,0.0,0.0,0.0,0.0,0.0,0.0,0.0,0.0,0.0,0.0,0.0,0.0,0.0,,,0.0,,0.72366534098,,SF,4500
203476.0,Gorgui,Dieng,18.4,17,ORL@MIN,MIN,ORL,,,26.9,28.25,0,1.25847503428,1.51220890934,0.023781024764,2.99221474793,2.4926507541,4.95707257071,1.45660287833,1.94369593108,7.44972332481,3.80986676771,0.00496310702817,7.38733746093,2.55996180463,10.1846584471,29.0,0.137322918429,1.16050622978e-06,25.0059666325,26.558770177,9.04993514078,8.61981580449,C,4500
101150.0,Louis,Williams,19.0,14,LAL@PHI,LAL,PHI,GTD,Personal,11.5,12.5,0,1.93569524459,0.149633653467,3.64569276586,4.61998789206,0.192589605013,1.2198913686,0.70907406165,1.19757153878,1.41248097361,3.06802446834,1.02740046358,8.312927886,3.85650773146,11.0199571317,21.0,2.60280458885e-05,5.93070533338e-11,16.1383210584,17.3214701505,8.59963175193,9.07920837394,SG,4500
2199.0,Tyson,Chandler,17.9,15,PHO@BKN,PHO,BKN,GTD,Hamstring,0.0,0.0,0,0.0,0.0,0.0,0.0,0.0,0.0,0.0,0.0,0.0,0.0,0.0,0.0,0.0,0.0,0.0,,,0.0,,0.902943515466,,C,4400
203933.0,T.J.,Warren,19.1,16,PHO@BKN,PHO,BKN,,,13.6,13.75,0,0.58611400106,0.259304921954,0.93774175297,1.10352296912,1.24082289257,1.72736496241,0.585509614696,0.751070374296,2.96818785498,4.12856749328,0.358667626778,7.82441809243,0.84080230604,9.45660491938,19.0,0.000562378561687,8.67371660839e-13,14.836160046,15.5402820071,8.7752446982,8.40127895877,SF,4400
203477.0,Isaiah,Canaan,17.8,18,LAL@PHI,PHI,LAL,,,25.1,27.25,0,2.46072788781,0.348643891572,7.77746718741,2.66323446652,0.338305456053,1.93446755372,0.944272888241,1.8464097459,2.27277300978,4.10236515104,2.8274165486,11.3285600978,2.19458717401,13.2267340247,30.0,0.000296273913562,2.52994886213e-08,20.3845772819,22.8355735664,13.1794819351,15.0501556479,PG,4400
203086.0,Meyers,Leonard,16.6,11,DAL@POR,POR,DAL,,,34.9,37.25,0,1.63347660076,0.593692105677,4.47227899614,1.4237028423,1.21348593556,3.98982533771,0.350252885834,1.0638733771,5.20331127327,4.41958876018,1.37632312798,9.72224290298,1.30080474559,11.5163053939,32.0,0.028032594941,2.38969970395e-07,21.0345104289,22.5568238544,9.93925974351,10.4933402099,C,4400
203521.0,Matthew,Dellavedova,19.2,16,WAS@CLE,CLE,WAS,,,24.9,26.5,0,5.13570994499,0.101894186767,2.93955951414,0.967894623276,0.462534402605,1.48654898953,0.713224514005,1.26299188453,1.94908339213,2.69739720971,1.24915839906,6.45410889633,0.828824211327,7.4727770298,27.0,0.0136527339153,5.12869953315e-07,17.8824875349,19.2564974857,7.2138953858,7.78329272844,PG,4300
2440.0,Matt,Barnes,17.8,18,MEM@NO,MEM,NO,,,24.7,25.5,0,1.53472790887,0.586516060051,4.67766494055,1.47145220526,0.772245666608,2.99028650332,1.16443381956,0.837793383378,3.76253216993,3.33683795734,1.41656601509,8.50074718982,1.14371040308,9.23395233285,27.0,0.00285782548195,1.55160218799e-08,18.7151891759,20.0347822684,9.08941808893,9.91852117287,SF,4300
1626178.0,Rondae,Hollis-Jefferson,17.8,17,PHO@BKN,BKN,PHO,,,18.3,19.75,0,1.52477331828,0.461091508745,0.367865021414,1.75983349265,1.77327578993,4.48972082115,1.28150987121,1.22725012495,6.26299661107,2.19677394208,0.0912665761655,4.60432760883,1.2085633339,5.69337779423,23.0,0.0191154460849,1.09977366567e-07,17.7540863399,18.7551680201,5.86308984132,5.53211438611,SF,4200
2403.0,Nene,Hilario,16.7,12,WAS@CLE,WAS,CLE,O,Calf,0.0,0.0,0,0.0,0.0,0.0,0.0,0.0,0.0,0.0,0.0,0.0,0.0,0.0,0.0,0.0,0.0,0.0,,,0.0,,0.86682779914,,PF,4100
201596.0,Mario,Chalmers,17.1,15,MEM@NO,MEM,NO,,,21.8,22.0,0,3.50470938365,0.13731792937,2.52588307974,4.34166211366,0.340109520393,1.60804321686,1.48549767554,1.91257801319,1.94815273725,2.84547804221,0.712417964927,7.28483501445,3.68268704837,10.0860610977,24.0,0.00208133873026,8.48334895939e-08,19.0139616545,20.426989543,7.72694478082,7.89622567235,PG,4100
203499.0,Shane,Larkin,15.5,17,PHO@BKN,BKN,PHO,,,35.0,35.75,0,4.88132225182,0.227205097632,2.37027888367,1.26376509565,0.34011055786,2.45407778144,1.80964212619,2.08797956068,2.7941883393,4.30305947795,1.0908209476,9.12210212199,0.866088939395,10.5630288429,30.0,0.018120208666,1.18606434931e-05,23.2237531148,24.9800786808,9.42720278455,9.53097901188,PG,4100
201196.0,Ramon,Sessions,16.1,14,WAS@CLE,WAS,CLE,,,8.2,8.25,0,2.11923145423,0.0341882969405,0.938874006264,2.54533055002,0.229093964956,1.05008471914,0.603892189046,0.922848643579,1.2791786841,1.63734903646,0.338790013045,4.24252198147,1.95264118894,5.56612927491,14.0,1.31363401985e-05,1.31865321112e-11,10.6333032056,11.3281011726,5.13419941854,5.10312640864,PG,4100
203932.0,Aaron,Gordon,18.7,17,ORL@MIN,ORL,MIN,,,13.4,14.0,0,0.785630398133,0.669367854844,0.960719887311,1.4585231463,1.12322420529,1.59889345849,0.364789857971,0.630032592727,2.72211766378,1.79224004375,0.270729304502,3.96935568981,0.991869488356,4.84707888035,13.0,6.60849982366e-05,9.80135671956e-13,10.730348507,11.3169344663,4.95895318612,4.794772189,PF,4000
203141.0,Mirza,Teletovic,12.9,17,PHO@BKN,PHO,BKN,,,18.0,20.25,0,1.10538829543,0.376051115812,4.94566454979,0.654282645877,0.690623976141,1.8016438172,0.40935725618,0.698671611087,2.49226779334,2.87380966816,2.01715438895,7.28266399819,0.509430221808,8.27420394707,19.0,0.000120937296714,3.33467933382e-11,13.7951528751,15.2778606708,9.06532432939,10.327978258,PF,4000
203138.0,Hollis,Thompson,17.2,18,LAL@PHI,PHI,LAL,,,18.5,21.25,0,1.44117807356,0.385480466593,5.16586403571,1.45542605071,0.872246213037,2.82339569391,0.79729141865,1.45355469649,3.69564190695,3.37048968553,2.00040480893,8.45124003091,1.06721270837,9.80859688837,29.0,0.0027430905847,7.97590414089e-09,17.317123361,19.2329998689,9.75939408987,10.9556137239,SF,4000
2755.0,Kevin,Martin,16.5,16,ORL@MIN,MIN,ORL,,,16.2,17.75,0,1.16136119651,0.00642534726817,2.63048361073,4.10741355094,0.210053265461,1.66780490995,0.474362244122,1.09916948336,1.87785817541,3.58467263446,0.868561689542,9.57317550569,3.57194953155,11.60985649,23.0,2.04585790761e-05,8.66519995283e-12,15.4677337947,16.5455229778,9.40593172086,9.59123593072,SG,4000
2754.0,Tony,Allen,16.1,18,MEM@NO,MEM,NO,,,11.6,11.75,0,0.742331088504,0.204625192237,0.440587632485,0.947873100502,0.983764903953,1.44578107758,1.15022388979,0.638507840669,2.42954598153,1.94846363246,0.129146918997,4.37342592587,0.567838473064,4.59391265699,15.0,2.3176729159e-05,9.29159345605e-12,10.694054791,11.199394235,5.39265838644,5.12374306665,SG,4000
202347.0,Quincy,Pondexter,0.0,0,MEM@NO,NO,MEM,O,Knee,0.0,0.0,0,0.0,0.0,0.0,0.0,0.0,0.0,0.0,0.0,0.0,0.0,0.0,0.0,0.0,0.0,0.0,,,0.0,,0.580124192446,,SF,3900
202357.0,Nemanja,Bjelica,18.3,13,ORL@MIN,MIN,ORL,,,19.6,20.5,0,1.91725956625,0.406064112473,3.2372894457,1.34401295998,0.877910343597,4.38360891388,0.56529054152,0.879920536973,5.26151925748,2.25650808231,1.17946904529,5.36467965071,0.860418596703,6.55290380661,24.0,0.0121005576547,3.96735599319e-07,16.805405036,18.1163278167,6.74123701723,7.41693325858,SF,3900
203088.0,Kendall,Marshall,0.0,0,LAL@PHI,PHI,LAL,O,Knee,0.0,0.0,0,0.0,0.0,0.0,0.0,0.0,0.0,0.0,0.0,0.0,0.0,0.0,0.0,0.0,0.0,0.0,,,0.0,,0.899244200232,,PG,3900
202389.0,Timofey,Mozgov,15.3,14,WAS@CLE,CLE,WAS,,,-1.6,0.5,0,0.216024928414,0.409238966841,0.0949547509799,1.10670176134,0.746076352194,1.18018234136,0.177996624924,0.627394491482,1.92625869355,1.23908844769,0.0242137478307,2.52567113798,0.86087410697,3.36326475018,9.0,1.11668607871e-06,2.80296287926e-17,6.54588926712,6.96800799648,3.89812970246,3.58117748241,C,3900
203094.0,Andrew,Nicholson,13.7,8,ORL@MIN,ORL,MIN,,,21.2,22.0,0,0.925014780348,0.908197107358,3.22188873573,1.46788860106,1.49109836046,3.27180270758,0.311065680691,1.33129982732,4.76290106805,5.13699709758,1.19211958383,11.9312339626,1.08324802342,12.5493618024,31.0,0.018480812194,1.86463009228e-09,20.7595910034,22.2871669862,11.515335591,11.7141619643,PF,3900
200826.0,Jose Juan,Barea,16.1,16,DAL@POR,DAL,POR,O,Ankle,0.0,0.0,0,0.0,0.0,0.0,0.0,0.0,0.0,0.0,0.0,0.0,0.0,0.0,0.0,0.0,0.0,0.0,,,0.0,,0.851534784102,,PG,3800
200782.0,P.J.,Tucker,14.4,17,PHO@BKN,PHO,BKN,,,15.1,16.25,0,1.29370608163,0.125251105385,2.74077137225,1.6656158222,1.61802374139,3.24433213453,1.24061253445,1.20516636103,4.86235587592,2.9326064258,0.875526468883,6.94892731566,1.24006230618,7.98080162666,31.0,0.0112230899181,2.1301066124e-08,17.2827487189,18.5830476264,7.40475242741,7.6795874502,SF,3800
1889.0,Andre,Miller,13.0,9,ORL@MIN,MIN,ORL,,,0.0,0.0,0,0.0,0.0,0.0,0.0,0.0,0.0,0.0,0.0,0.0,0.0,0.0,0.0,0.0,0.0,0.0,,,0.0,,0.931302506677,,PG,3800
201156.0,Nick,Young,14.0,16,LAL@PHI,LAL,PHI,,,4.2,5.25,0,0.409630593702,0.113151489226,2.92016414058,1.07874375233,0.139621175976,0.702510583308,0.330327942358,0.442695655638,0.842131759284,2.02446303139,1.15567677935,5.10029785879,0.936580896146,6.14118373828,12.0,5.76599034925e-09,1.63763058204e-19,8.2104509475,9.05174376161,6.29310015128,6.97011210891,SG,3700
202720.0,Jon,Leuer,15.3,17,PHO@BKN,PHO,BKN,,,4.4,4.5,0,0.694548927064,0.159006320097,1.06611253194,0.762346851912,0.689193744515,2.14284969297,0.330591646744,0.500128250545,2.83204343749,1.82581438756,0.457792302041,4.12361478155,0.518768460355,4.62818953752,12.0,8.55778830463e-05,3.28481653478e-13,9.54753273624,10.1682235512,5.01118998653,5.00543561288,PF,3700
2549.0,Chris,Kaman,7.5,3,DAL@POR,POR,DAL,O,Ankle,0.0,0.0,0,0.0,0.0,0.0,0.0,0.0,0.0,0.0,0.0,0.0,0.0,0.0,0.0,0.0,0.0,0.0,,,0.0,,0.808058892286,,C,3700
202087.0,Alonzo,Gee,10.6,17,MEM@NO,NO,MEM,,,6.2,6.75,0,1.07263505374,0.306464092349,1.26229761545,1.14196136756,1.08262951808,2.52940236479,1.31909885986,1.25766011264,3.61203188287,2.47364455208,0.28519400892,5.51230445821,0.847968192096,6.08045130518,28.0,0.000939488995295,1.44992605102e-09,14.017307937,14.9707458298,6.16675972268,5.94458639785,SF,3700
2734.0,Devin,Harris,15.9,17,DAL@POR,DAL,POR,,,1.9,4.0,0,2.61640527924,0.311260395258,2.84489112799,2.66786148036,0.353751813894,1.67506070824,1.17287650561,1.26581933389,2.02881252213,2.9165224596,0.728988579261,7.01664601817,1.85266576458,8.41469926304,24.0,0.000203486327164,9.47862519248e-09,16.4763366763,17.5754865169,7.42790752088,7.61176811108,SG,3700
201162.0,Jared,Dudley,13.9,13,WAS@CLE,WAS,CLE,,,16.9,19.0,0,1.8678772466,0.385682262462,3.55151568452,1.68436686194,0.654383789262,3.14374031902,0.871027764653,1.33405631321,3.79812410829,3.38113640023,1.54096396841,7.00486455173,1.37595907721,9.67919584609,32.0,0.00327042294747,8.61086664694e-08,18.2181243869,19.8504466259,8.19821642166,8.85191175416,SF,3700
201148.0,Brandan,Wright,14.1,7,MEM@NO,MEM,NO,O,Knee,0.0,0.0,0,0.0,0.0,0.0,0.0,0.0,0.0,0.0,0.0,0.0,0.0,0.0,0.0,0.0,0.0,0.0,,,0.0,,0.863752431736,,C,3700
708.0,Kevin,Garnett,13.3,15,ORL@MIN,MIN,ORL,,,17.6,19.0,0,1.89389555394,0.397559242448,0.0550649619965,0.756832103643,0.735511161242,4.04436112648,0.980179981815,0.824515410938,4.77987228772,2.19221893921,0.00743498587189,4.84722866226,0.495428176939,4.88730104124,20.0,0.00288575701641,8.56805982203e-08,15.394954155,16.0542518604,6.08922367004,5.75539340801,PF,3700
101109.0,Raymond,Felton,15.9,18,DAL@POR,DAL,POR,,,19.9,20.5,0,4.84083924824,0.232392022582,3.86552938819,2.63954492622,0.621296868776,2.53796236673,1.38125468395,2.41816830883,3.15925923551,5.17473776607,1.15267950904,13.2028657851,2.09060907999,13.5927641212,40.0,0.0232180933356,3.5198747082e-05,25.4542591804,27.4325787873,12.2839438421,12.5654310492,PG,3700
201228.0,C.J.,Watson,13.1,8,ORL@MIN,ORL,MIN,O,Calf,0.0,0.0,0,0.0,0.0,0.0,0.0,0.0,0.0,0.0,0.0,0.0,0.0,0.0,0.0,0.0,0.0,0.0,,,0.0,,0.825825484982,,PG,3600
203894.0,Shabazz,Napier,9.4,16,ORL@MIN,ORL,MIN,,,2.7,2.75,0,0.889886703918,0.0281574153255,0.846029719879,0.418910907526,0.093668257712,0.31430876163,0.211240241542,0.471077303807,0.407977019342,0.682513792295,0.284152639353,1.77963682434,0.30678872512,1.95596894906,6.0,3.64874208554e-10,8.87888903858e-21,3.78808943808,4.18610326117,2.85157152579,2.97378293355,PG,3600
203917.0,Nik,Stauskas,15.5,16,LAL@PHI,PHI,LAL,,,9.2,10.25,0,1.10767462494,0.193016855767,3.05093710596,0.863189126741,0.148951522577,1.00008518031,0.390950751188,0.647673456302,1.14903670289,1.69001605252,0.905099839384,4.9514845521,0.670394123654,4.95552606807,15.0,1.02784693314e-07,1.68091188863e-14,8.51614380656,9.34998244372,5.90251759237,6.54016541401,SG,3600
203210.0,JaMychal,Green,14.0,18,MEM@NO,MEM,NO,,,6.8,7.0,0,0.275971930472,0.22731706784,0.320898517724,0.745248301061,0.790344712928,1.4914514773,0.272805605375,0.675558565207,2.28179619023,1.2677881577,0.107641324563,2.62562375258,0.603601761845,3.24681940181,9.0,4.55546235401e-06,5.11708203731e-18,6.72361950701,7.2293160946,3.8579734539,3.59822211367,PF,3600
101138.0,Brandon,Bass,12.9,15,LAL@PHI,LAL,PHI,,,6.6,7.25,0,0.806475769087,0.388832968393,0.125730777437,1.42686227649,1.41849816854,1.88336552043,0.264071475143,0.750898445555,3.30186368897,2.23952006618,0.025355116938,4.3262224283,1.15233904564,5.65673429493,15.0,0.00039695986021,6.13667427446e-12,11.3835948168,11.9374102224,5.78785869028,5.37696666661,PF,3600
203090.0,Maurice,Harkless,13.6,18,DAL@POR,POR,DAL,,,9.9,11.25,0,0.840972508006,0.328551700793,1.47926270721,1.19357100508,1.13524227768,1.76612761819,0.537478930688,0.948242029949,2.90136989587,1.92790773905,0.428793722941,4.26995078657,0.734306146305,5.01891534734,17.0,0.00012398717203,2.8641459435e-12,10.5458372174,11.3796095694,5.15400291203,5.11657961466,SF,3600
201961.0,Wayne,Ellington,7.5,16,PHO@BKN,BKN,PHO,,,15.4,17.0,0,0.998998116057,0.110821998891,2.77159861751,0.556507499312,0.251504262934,1.28075757019,0.767011021194,0.541078115393,1.53226183313,2.61548155332,0.892650705413,6.68014635188,0.451917710141,6.5755315222,20.0,1.44136342808e-06,1.692977728e-13,11.1273308208,11.9208104849,7.00321129637,7.37215232414,SG,3600
202379.0,Jeremy,Evans,4.5,14,DAL@POR,DAL,POR,,,0.0,0.0,0,0.0,0.0,0.0,0.0,0.0,0.0,0.0,0.0,0.0,0.0,0.0,0.0,0.0,0.0,0.0,,,0.0,,0.827110232354,,PF,3500
1626145.0,Tyus,Jones,2.9,2,ORL@MIN,MIN,ORL,,,0.0,0.0,0,0.0,0.0,0.0,0.0,0.0,0.0,0.0,0.0,0.0,0.0,0.0,0.0,0.0,0.0,0.0,,,0.0,,0.807685603354,,PG,3500
203893.0,Russ,Smith,2.5,9,MEM@NO,MEM,NO,,,0.0,0.0,0,0.0,0.0,0.0,0.0,0.0,0.0,0.0,0.0,0.0,0.0,0.0,0.0,0.0,0.0,0.0,,,0.0,,0.801797030131,,PG,3500
2743.0,Kris,Humphries,13.9,14,WAS@CLE,WAS,CLE,,,2.4,2.5,0,0.351660420064,0.256939747821,0.874057692659,0.551328009561,0.631072179732,1.36613426672,0.126481520756,0.367569675089,1.99720644645,1.19571949389,0.306275869577,2.87563494079,0.475416616459,3.17313147382,9.0,1.77054381367e-06,1.07397500387e-17,6.49654270172,6.93332845219,3.81408662181,3.81095862816,PF,3500
2400.0,Drew,Gooden,10.7,6,WAS@CLE,WAS,CLE,GTD,Calf,0.0,0.0,0,0.0,0.0,0.0,0.0,0.0,0.0,0.0,0.0,0.0,0.0,0.0,0.0,0.0,0.0,0.0,,,0.0,,0.827079292319,,PF,3500
203135.0,Robert,Sacre,3.4,1,LAL@PHI,LAL,PHI,,,0.0,0.0,0,0.0,0.0,0.0,0.0,0.0,0.0,0.0,0.0,0.0,0.0,0.0,0.0,0.0,0.0,0.0,,,0.0,,0.791501831316,,C,3500
2760.0,Anderson,Varejao,6.3,14,WAS@CLE,CLE,WAS,,,5.9,6.0,0,0.502199536794,0.162422914553,0.0472604646518,0.598999203578,0.831119697628,1.29584806961,0.231533658298,0.488781289282,2.12696776723,1.33955176471,2.03318537784e-07,2.56159957466,0.402484309431,3.08158804217,9.0,1.88264958089e-06,3.35835790226e-16,6.68638052446,7.03712248309,3.96036239028,3.58022760879,C,3500
204028.0,Tarik,Black,9.3,8,LAL@PHI,LAL,PHI,,,0.0,0.0,0,0.0,0.0,0.0,0.0,0.0,0.0,0.0,0.0,0.0,0.0,0.0,0.0,0.0,0.0,0.0,,,0.0,,0.817652716967,,C,3500
203900.0,Markel,Brown,6.3,7,PHO@BKN,BKN,PHO,,,0.0,0.0,0,0.0,0.0,0.0,0.0,0.0,0.0,0.0,0.0,0.0,0.0,0.0,0.0,0.0,0.0,0.0,,,0.0,,0.677657990084,,SG,3500
2592.0,James,Jones,5.4,17,WAS@CLE,CLE,WAS,,,1.0,1.5,0,0.539348583128,0.231053802199,3.40574326163,0.787315375264,0.16741530411,0.614846927543,0.260469968484,0.300317409857,0.782262231653,1.55409210303,1.34212615486,4.1350783964,0.5831347638,5.03344512472,14.0,2.16582674533e-09,7.40673105915e-19,7.4639128089,8.32424770609,6.29046981543,7.25793187866,SF,3500
1626209.0,Mario,Hezonja,5.9,17,ORL@MIN,ORL,MIN,,,0.0,0.0,0,0.0,0.0,0.0,0.0,0.0,0.0,0.0,0.0,0.0,0.0,0.0,0.0,0.0,0.0,0.0,,,0.0,,0.710179004282,,SF,3500
201580.0,JaVale,McGee,10.9,4,DAL@POR,DAL,POR,,,0.0,0.0,0,0.0,0.0,0.0,0.0,0.0,0.0,0.0,0.0,0.0,0.0,0.0,0.0,0.0,0.0,0.0,,,0.0,,0.879246703795,,C,3500
203473.0,Dewayne,Dedmon,13.1,14,ORL@MIN,ORL,MIN,,,0.0,0.0,0,0.0,0.0,0.0,0.0,0.0,0.0,0.0,0.0,0.0,0.0,0.0,0.0,0.0,0.0,0.0,,,0.0,,0.942412416794,,C,3500
101111.0,Charlie,Villanueva,11.0,16,DAL@POR,DAL,POR,,,17.6,18.75,0,0.619961247218,0.498016823022,5.29848555112,0.664289137339,0.67738448199,2.25561221937,0.377613994195,0.697077315362,2.93299670136,3.76242931145,1.65521757747,9.28346265971,0.412000602911,9.59207680329,18.0,0.00051567423558,7.70152655439e-13,15.0957990348,16.4193698277,9.94712437246,10.9297090022,PF,3500
203099.0,Jared,Cunningham,6.4,15,WAS@CLE,CLE,WAS,,,0.0,0.0,0,0.0843486061915,0.00722978672043,0.10794595282,0.138785224644,0.0141038892262,0.06073587946,0.0340633979083,0.0568425791732,0.0748397686862,0.120363439398,0.0341166099065,0.31712471257,0.0936139564505,0.368457445154,1.0,1.00053600957e-22,1.08850142455e-40,0.610531866949,0.659753449923,1.21522420394,1.19169150121,SG,3500
2419.0,Tayshaun,Prince,7.4,17,ORL@MIN,MIN,ORL,,,3.5,3.5,0,0.610908646696,0.0947525419219,0.3122458783,0.451851650232,0.338375430268,0.898907678996,0.230542039709,0.27152876701,1.23728310926,1.06840596195,0.109987817027,2.50156252395,0.28247754594,2.52927728687,13.0,1.18784895053e-08,1.35993187887e-17,5.30944038428,5.56206284958,3.48065987154,3.29582738076,SF,3500
201962.0,Toney,Douglas,13.0,15,MEM@NO,NO,MEM,,,0.0,0.0,0,0.0,0.0,0.0,0.0,0.0,0.0,0.0,0.0,0.0,0.0,0.0,0.0,0.0,0.0,0.0,,,0.0,,0.802653577454,,PG,3500
202711.0,Bojan,Bogdanovic,12.9,17,PHO@BKN,BKN,PHO,,,15.4,16.25,0,0.575594599878,0.0248787136487,2.24667662873,0.887788489099,0.343980739568,1.67597273352,0.398937254381,0.908052670811,2.01995347308,2.53261730595,0.659621111973,5.83317873029,0.653616794724,6.37847251861,18.0,1.33145451654e-05,8.95002692567e-15,9.60538785137,10.4902423882,6.38633366403,6.51111912655,SF,3500
203459.0,Allen,Crabbe,12.7,18,DAL@POR,POR,DAL,,,22.9,25.5,0,1.76985727378,0.320807313518,4.02247485738,1.30258512818,0.344607960406,2.07911705726,0.903266084685,1.17080899658,2.42372501767,4.56435555254,1.57410051641,10.0328459182,1.10522606818,11.8080376897,35.0,0.000168740204456,2.64207657863e-09,18.6486314214,20.142525547,10.2273393617,10.7829834613,SG,3500
202708.0,Norris,Cole,0.0,0,MEM@NO,NO,MEM,GTD,Ankle,16.4,17.5,0,3.02726365554,0.15608515884,2.78411675405,1.61814275117,0.14584851679,0.392797692683,0.639333851122,1.10593352234,0.538646209473,2.86828040203,0.851417290942,7.53942080676,1.00156155727,7.58953965227,23.0,0.000444520741164,9.37243555734e-13,13.2617150845,14.2679895828,7.62819036893,7.92783342964,PG,3500
101187.0,Alan,Anderson,0.0,0,WAS@CLE,WAS,CLE,O,Ankle,0.0,0.0,0,0.0,0.0,0.0,0.0,0.0,0.0,0.0,0.0,0.0,0.0,0.0,0.0,0.0,0.0,0.0,,,0.0,,0.577654934554,,SG,3500
1626257.0,Salah,Mejri,2.2,5,DAL@POR,DAL,POR,,,0.0,0.0,0,0.0,0.0,0.0,0.0,0.0,0.0,0.0,0.0,0.0,0.0,0.0,0.0,0.0,0.0,0.0,,,0.0,,0.871664190769,,C,3500
203098.0,John,Jenkins,6.4,7,DAL@POR,DAL,POR,,,0.0,0.0,0,0.521908932269,0.0328780214323,1.33832237567,0.517575729846,0.143977124061,0.297127310069,0.18683526691,0.453495850834,0.44110443413,1.33223044086,0.431811505443,3.01841308836,0.45552194624,3.55179433341,9.0,1.78465601724e-11,7.66011892126e-22,4.84991377862,5.31462267849,4.07212784855,4.15881570603,SG,3500
202690.0,Jimmer,Fredette,1.1,4,MEM@NO,NO,MEM,,,0.0,0.0,0,0.0,0.0,0.0,0.0,0.0,0.0,0.0,0.0,0.0,0.0,0.0,0.0,0.0,0.0,0.0,,,0.0,,0.716480655305,,SG,3500
204025.0,Tim,Frazier,2.2,10,DAL@POR,POR,DAL,,,0.0,0.0,0,0.0,0.0,0.0,0.0,0.0,0.0,0.0,0.0,0.0,0.0,0.0,0.0,0.0,0.0,0.0,,,0.0,,0.945956130832,,PG,3500
203527.0,Ryan,Kelly,11.2,6,LAL@PHI,LAL,PHI,,,0.0,0.0,0,0.0,0.0,0.0,0.0,0.0,0.0,0.0,0.0,0.0,0.0,0.0,0.0,0.0,0.0,0.0,,,0.0,,0.777282627425,,SF,3500
202337.0,Luke,Babbitt,11.7,13,MEM@NO,NO,MEM,,,0.0,0.0,0,0.0,0.0,0.0,0.0,0.0,0.0,0.0,0.0,0.0,0.0,0.0,0.0,0.0,0.0,0.0,,,0.0,,0.618673104462,,SF,3500
203940.0,Adreian,Payne,8.3,12,ORL@MIN,MIN,ORL,,,0.0,0.0,0,0.0,0.0,0.0,0.0,0.0,0.0,0.0,0.0,0.0,0.0,0.0,0.0,0.0,0.0,0.0,,,0.0,,0.784657864499,,PF,3500
203458.0,Alex,Len,12.5,17,PHO@BKN,PHO,BKN,,,38.8,43.0,0,0.798205591854,1.84666039259,0.0280548730021,3.95568624431,3.26829156404,6.49103474054,1.11514124335,2.55675587349,9.75932630458,4.30372905448,0.00845759103676,8.99511937043,2.76654840171,11.3824641017,35.0,0.371169486423,9.03050069033e-06,27.6578114534,29.985165822,10.6148830294,10.2459037507,C,3500
202388.0,Donald,Sloan,3.7,2,PHO@BKN,BKN,PHO,,,0.0,0.0,0,0.0,0.0,0.0,0.0,0.0,0.0,0.0,0.0,0.0,0.0,0.0,0.0,0.0,0.0,0.0,,,0.0,,0.742629874112,,PG,3500
201582.0,Alexis,Ajinca,10.5,14,MEM@NO,NO,MEM,,,13.6,13.75,0,0.482647049029,0.6325529535,0.0165431295625,0.951228860174,1.30764266794,2.07890369105,0.311317794835,0.798671502458,3.38654635898,2.49274790592,0.00512511944956,4.51080485146,0.825843313871,5.81646424516,13.0,0.000512835526048,8.80164694029e-13,11.6933604437,12.2653553259,6.10014773469,5.63097964959,C,3500
204014.0,Damjan,Rudez,3.9,8,ORL@MIN,MIN,ORL,,,0.0,0.0,0,0.0,0.0,0.0,0.0,0.0,0.0,0.0,0.0,0.0,0.0,0.0,0.0,0.0,0.0,0.0,,,0.0,,0.546496040019,,SF,3500
203925.0,Joe,Harris,1.7,5,WAS@CLE,CLE,WAS,,,0.0,0.0,0,0.0,0.0,0.0,0.0,0.0,0.0,0.0,0.0,0.0,0.0,0.0,0.0,0.0,0.0,0.0,,,0.0,,0.60401784843,,SG,3500
1626242.0,Luis,Montero,1.6,2,DAL@POR,POR,DAL,,,0.0,0.0,0,0.0,0.0,0.0,0.0,0.0,0.0,0.0,0.0,0.0,0.0,0.0,0.0,0.0,0.0,0.0,,,0.0,,0.817576197931,,SF,3500
203955.0,Bryce,Cotton,0.0,0,PHO@BKN,PHO,BKN,,,0.0,0.0,0,0.0,0.0,0.0,0.0,0.0,0.0,0.0,0.0,0.0,0.0,0.0,0.0,0.0,0.0,0.0,,,0.0,,0.712676905194,,PG,3500
203462.0,Archie,Goodwin,7.8,11,PHO@BKN,PHO,BKN,,,0.0,0.0,0,0.0,0.0,0.0,0.0,0.0,0.0,0.0,0.0,0.0,0.0,0.0,0.0,0.0,0.0,0.0,,,0.0,,0.762858901274,,PG,3500
1897.0,Metta,World Peace,12.3,12,LAL@PHI,LAL,PHI,,,10.5,11.75,0,0.948074207276,0.385017696528,2.73437861367,1.32255235816,0.73626313678,1.53893816939,0.981281338081,0.707232197431,2.27520130617,2.18230012036,0.926279594576,5.93163609187,0.923559371136,6.21443920643,19.0,3.32480016853e-05,5.39224797357e-12,12.3921579565,13.3227237899,6.48552860427,6.96625852119,SF,3500
1626204.0,Larry,Nance Jr.,10.4,11,LAL@PHI,LAL,PHI,,,2.9,3.5,0,0.20653277612,0.0609230261054,0.0853086382842,0.224531574172,0.291450262293,0.719124987121,0.142294098724,0.232093676448,1.01057524941,0.580588219396,0.0270409947535,1.23209146291,0.163569562966,1.35178699651,5.0,1.45647876161e-10,4.81848483633e-24,3.0486170332,3.22871313149,2.37077469243,2.15284510346,PF,3500
203943.0,Noah,Vonleh,7.2,18,DAL@POR,POR,DAL,,,1.2,1.25,0,0.13434502763,0.159693909545,0.27527649977,0.400397478472,0.415884672212,0.865740974401,0.0900705473915,0.300739819833,1.28162564661,0.578152576074,0.0734829301523,1.46543965959,0.288959654557,1.51874773686,6.0,2.34584472688e-09,7.14802130662e-24,3.45700514828,3.70819780912,2.43906191043,2.31702836965,PF,3500
203516.0,James,Ennis,0.9,5,MEM@NO,MEM,NO,,,0.0,0.0,0,0.0,0.0,0.0,0.0,0.0,0.0,0.0,0.0,0.0,0.0,0.0,0.0,0.0,0.0,0.0,,,0.0,,0.688459236676,,SF,3500
1626158.0,Richaun,Holmes,9.2,9,LAL@PHI,PHI,LAL,,,0.0,0.0,0,0.0,0.0,0.0,0.0,0.0,0.0,0.0,0.0,0.0,0.0,0.0,0.0,0.0,0.0,0.0,,,0.0,,0.823640106064,,PF,3500
201584.0,Courtney,Lee,16.0,18,MEM@NO,MEM,NO,,,20.3,21.0,0,1.5897254324,0.291422838614,3.21940823594,2.1597760874,0.616065750497,2.19438286022,1.387314052,1.151940117,2.81044861072,4.18615229679,0.843699917898,10.1183495619,1.95194432616,11.1679488376,34.0,0.000475019587724,4.15259538011e-09,19.1306089833,20.2696639732,9.78993840242,9.93012813642,SG,3500
202066.0,Garrett,Temple,10.0,12,WAS@CLE,WAS,CLE,,,13.0,13.75,0,1.89438438417,0.248277770845,3.60950406583,2.35083513439,0.785319422689,2.12739398358,1.45861292842,1.09562210597,2.91271340626,2.69767986491,1.07785061003,7.53258438839,1.75585810695,8.22906844681,28.0,0.000401468373496,1.2783921859e-08,16.8840604031,18.1170346724,7.85639898817,8.45005591388,PG,3500
1713.0,Vince,Carter,10.4,7,MEM@NO,MEM,NO,,,7.1,7.25,0,0.472908515672,0.146190741415,1.59437106519,0.413345352655,0.25963578126,0.671591853258,0.291191341738,0.387765819204,0.931227634519,0.969011091965,0.497872147332,2.77147160534,0.329694678689,2.76558900995,8.0,1.85314063797e-09,1.8741144329e-19,5.07942329198,5.56880365976,3.78000505954,4.11149077713,SF,3500
203515.0,Phil (Flip),Pressey,11.9,12,LAL@PHI,PHI,LAL,,,4.0,4.0,0,1.40745749884,0.0460818495503,0.561905886219,0.509934899801,0.0679446243323,0.377082522861,0.335955359865,0.514452193324,0.445027147194,0.663761683754,0.153107534099,1.76457133777,0.313131873521,1.79376277513,6.0,1.26006143316e-08,7.53329495253e-19,4.68860382552,5.04463506549,2.75943870823,2.71900711898,PG,3500
1626147.0,Justin,Anderson,4.4,14,DAL@POR,DAL,POR,,,0.0,0.0,0,0.129144754584,0.0620819288637,0.464677339806,0.257209382407,0.0611300759042,0.466606930897,0.0843784462819,0.190625732878,0.527737006802,0.400566127807,0.120360635182,1.01713806583,0.165201321868,1.08669421266,3.0,3.09073185255e-13,9.92584083486e-29,2.01599077011,2.19787080449,2.05914266114,2.04238703814,SF,3500
1626148.0,Anthony,Brown,2.3,3,LAL@PHI,LAL,PHI,,,0.0,0.0,0,0.0,0.0,0.0,0.0,0.0,0.0,0.0,0.0,0.0,0.0,0.0,0.0,0.0,0.0,0.0,,,0.0,,0.787319822327,,SF,3500
1626185.0,Jarell,Martin,0.0,0,MEM@NO,MEM,NO,O,Foot,0.0,0.0,0,0.0,0.0,0.0,0.0,0.0,0.0,0.0,0.0,0.0,0.0,0.0,0.0,0.0,0.0,0.0,,,0.0,,0.845620626624,,PF,3500
203960.0,Jakarr,Sampson,9.3,18,LAL@PHI,PHI,LAL,,,8.9,10.75,0,0.809548270042,0.32925276068,1.2304222025,2.08810824407,0.69164459751,2.0192350102,0.493250019444,1.48659158284,2.71087960771,2.56206143818,0.315248349133,5.59899842218,1.42709191486,6.86646314037,19.0,0.000155543459785,2.51209719287e-12,11.4922550521,12.5289523137,6.40587808975,6.19147560533,SF,3500
,Martell,Webster,0.0,0,WAS@CLE,WAS,CLE,O,Hip,0.0,0.0,0,0.0,0.0,0.0,0.0,0.0,0.0,0.0,0.0,0.0,0.0,0.0,0.0,0.0,0.0,0.0,,,0.0,,0.743453992702,,SF,3500
201971.0,DeJuan,Blair,4.6,6,WAS@CLE,WAS,CLE,,,0.0,0.0,0,0.0,0.0,0.0,0.0,0.0,0.0,0.0,0.0,0.0,0.0,0.0,0.0,0.0,0.0,0.0,,,0.0,,0.841716044253,,C,3500
203928.0,Cory,Jefferson,4.4,1,PHO@BKN,PHO,BKN,,,0.0,0.0,0,0.0,0.0,0.0,0.0,0.0,0.0,0.0,0.0,0.0,0.0,0.0,0.0,0.0,0.0,0.0,,,0.0,,0.782521726406,,PF,3500
201160.0,Jason,Smith,10.9,12,ORL@MIN,ORL,MIN,,,5.2,5.25,0,0.546678965968,0.419242366436,0.175064447799,0.849761505586,0.543644360588,1.17517679859,0.186512320425,0.610400090316,1.71882115918,1.67723922068,0.0713964033327,3.50840410985,0.742362053924,4.16823689861,11.0,9.72993537646e-07,4.20048228307e-16,7.65195002198,8.07879078626,4.77054131437,4.4606290599,PF,3500
1626162.0,Kelly,Oubre,5.7,9,WAS@CLE,WAS,CLE,,,0.0,0.0,0,0.0412881227455,0.00804729532799,0.164797430476,0.142069708736,0.0150156845739,0.171351917585,0.0227612104245,0.0495158748809,0.186367602159,0.150632124068,0.0392030651404,0.401316581302,0.0957214215616,0.436188734838,1.0,3.57406338087e-19,1.36928994646e-39,0.733863178172,0.78754102829,1.32014137817,1.28914397582,SF,3500
203498.0,Shabazz,Muhammad,10.6,17,ORL@MIN,MIN,ORL,,,10.4,11.0,0,0.49661225498,0.0824127062984,1.3153879761,2.13966096419,0.870251106361,1.50309304475,0.180788851627,0.853640067085,2.37334415111,3.24386889287,0.40712155887,6.76642144205,1.60665388395,8.50151322856,17.0,8.58478722286e-05,1.37553518906e-14,11.7672076411,12.5163844335,7.53327873254,7.30409485492,SF,3500
1626174.0,Christian,Wood,8.8,11,LAL@PHI,PHI,LAL,,,0.0,0.0,0,0.0,0.0,0.0,0.0,0.0,0.0,0.0,0.0,0.0,0.0,0.0,0.0,0.0,0.0,0.0,,,0.0,,0.884380700576,,PF,3500
203919.0,Jordan,Adams,9.0,2,MEM@NO,MEM,NO,O,Knee,0.0,0.0,0,0.0,0.0,0.0,0.0,0.0,0.0,0.0,0.0,0.0,0.0,0.0,0.0,0.0,0.0,0.0,,,0.0,,0.836764843022,,SG,3500
101112.0,Channing,Frye,12.0,12,ORL@MIN,ORL,MIN,,,6.5,7.25,0,0.711558781036,0.353102634861,3.54136921339,0.34611415797,0.545662154146,1.81745905945,0.381981421397,0.648217077478,2.3631212136,2.08310043672,1.49821700809,5.01590575986,0.279481797678,5.94389967922,17.0,4.44089837635e-05,2.14464521995e-13,10.6689343421,11.8603740591,6.86921837758,7.8143736041,PF,3500
1626146.0,Cliff,Alexander,3.7,6,DAL@POR,POR,DAL,,,0.0,0.0,0,0.0,0.0,0.0,0.0,0.0,0.0,0.0,0.0,0.0,0.0,0.0,0.0,0.0,0.0,0.0,,,0.0,,0.831707378728,,PF,3500
203080.0,Thomas,Robinson,9.8,17,PHO@BKN,BKN,PHO,,,13.6,13.75,0,0.301959253574,0.503039579214,0.0120706789193,1.11059558751,1.48701341728,1.91797748593,0.400289960851,0.841896092875,3.40499090322,1.60398978604,0.000294974978856,3.18117953877,0.563830539126,3.77210508618,11.0,0.000138579675665,2.80913736942e-14,9.27579603765,9.86734898625,4.63573350461,4.26915580228,PF,3500
1626164.0,Devin,Booker,7.8,13,PHO@BKN,PHO,BKN,,,-1.0,-0.5,0,0.305434605875,0.150333596988,0.732765326651,0.575273983916,0.107950933858,0.80457268272,0.27137293749,0.415479622736,0.912523616577,1.14407400879,0.351679754259,2.4342133786,0.396272233019,3.03610000486,8.0,1.71733099014e-09,3.33760486903e-21,5.01721369979,5.44641957169,3.58865864588,3.59942904299,SG,3500
1626192.0,Pat,Connaughton,0.9,6,DAL@POR,POR,DAL,,,0.0,0.0,0,0.0,0.0,0.0,0.0,0.0,0.0,0.0,0.0,0.0,0.0,0.0,0.0,0.0,0.0,0.0,,,0.0,,0.779796577363,,SG,3500
203508.0,Sergey,Karasev,2.1,8,PHO@BKN,BKN,PHO,,,0.0,0.0,0,0.0,0.0,0.0,0.0,0.0,0.0,0.0,0.0,0.0,0.0,0.0,0.0,0.0,0.0,0.0,,,0.0,,0.656295446008,,SF,3500
201603.0,Sonny,Weems,3.9,10,PHO@BKN,PHO,BKN,,,0.0,0.0,0,0.0,0.0,0.0,0.0,0.0,0.0,0.0,0.0,0.0,0.0,0.0,0.0,0.0,0.0,0.0,,,0.0,,0.737219791634,,SF,3500
101179.0,Ronnie,Price,8.3,15,PHO@BKN,PHO,BKN,,,6.9,7.0,0,2.00379454844,0.127399674157,1.84801674536,0.510619470587,0.191892173399,0.526440697964,0.783698950952,0.750023967788,0.718332871363,1.12037281794,0.553500345358,3.03336424017,0.417616061243,3.21186204247,13.0,2.2578248808e-06,3.85841593191e-14,8.1517265932,8.83940878008,4.17196271761,4.51795730493,PG,3500
201600.0,Omer,Asik,7.4,10,MEM@NO,NO,MEM,,,0.0,0.0,0,0.092780229563,0.137303498656,1.19226309926e-05,0.587003807707,0.429483038983,0.972146458743,0.0702454000508,0.287824266871,1.40162949773,0.312719821955,5.64466363392e-07,0.717376526503,0.334884208279,0.960324416655,5.0,2.75603972819e-10,1.63153858934e-25,2.90872368881,3.12271757978,1.84137865445,1.68420641514,C,3500
200745.0,Andrea,Bargnani,8.0,17,PHO@BKN,BKN,PHO,O,Hamstring,0.0,0.0,0,0.0,0.0,0.0,0.0,0.0,0.0,0.0,0.0,0.0,0.0,0.0,0.0,0.0,0.0,0.0,,,0.0,,0.631208647457,,C,3500
1626273.0,Marcelo,Huertas,9.7,8,LAL@PHI,LAL,PHI,,,0.0,0.0,0,0.0,0.0,0.0,0.0,0.0,0.0,0.0,0.0,0.0,0.0,0.0,0.0,0.0,0.0,0.0,,,0.0,,0.966956516481,,PG,3500
201619.0,Sasha,Kaun,1.7,4,WAS@CLE,CLE,WAS,,,0.0,0.0,0,0.0,0.0,0.0,0.0,0.0,0.0,0.0,0.0,0.0,0.0,0.0,0.0,0.0,0.0,0.0,,,0.0,,0.898056771046,,C,3500
2570.0,Kendrick,Perkins,9.5,3,MEM@NO,NO,MEM,O,Pectoral,0.0,0.0,0,0.0,0.0,0.0,0.0,0.0,0.0,0.0,0.0,0.0,0.0,0.0,0.0,0.0,0.0,0.0,,,0.0,,0.785342715413,,C,3500
201967.0,Dante,Cunningham,12.4,17,MEM@NO,NO,MEM,,,1.2,1.25,0,0.17301466784,0.100463651337,0.305151902542,0.157381403375,0.253524753586,0.751643325478,0.144398973898,0.153621679815,1.00516807906,0.557760555065,0.0802754044548,1.2397251905,0.0792359881131,1.2750325027,6.0,1.84467122182e-10,1.22462930769e-24,3.07685976999,3.24406671636,2.28563021941,2.13756326846,PF,3500
202390.0,Gary,Neal,13.2,13,WAS@CLE,WAS,CLE,GTD,Groin,0.0,0.0,0,0.0,0.0,0.0,0.0,0.0,0.0,0.0,0.0,0.0,0.0,0.0,0.0,0.0,0.0,0.0,,,0.0,,0.604567644696,,SG,3500
2210.0,Richard,Jefferson,11.0,17,WAS@CLE,CLE,WAS,,,13.9,14.5,0,0.870178259431,0.204413483225,2.12936321169,1.27186867385,0.195400820459,0.796840113224,0.422501448484,0.699180616693,0.992240933683,1.99144817643,0.791451767056,4.51831597898,0.806081164648,5.58042928457,18.0,2.64795985981e-08,6.35723455737e-16,8.63103504086,9.42596331913,5.57844004376,5.89059828755,SF,3500
201945.0,Gerald,Henderson,8.5,10,DAL@POR,POR,DAL,,,26.3,27.5,0,1.31379624438,0.185182646641,2.19218134158,2.55846909913,0.178439978506,1.98937079114,0.544287513082,1.20100336039,2.16781076964,3.80957664432,0.729627879161,9.31591182258,1.87476876659,10.2235499344,24.0,5.62773032407e-05,7.14188846604e-11,15.0535541836,16.127344758,9.33900220269,9.36501906257,SG,3500
203906.0,Roy Devyn,Marble,0.8,5,ORL@MIN,ORL,MIN,,,0.0,0.0,0,0.0,0.0,0.0,0.0,0.0,0.0,0.0,0.0,0.0,0.0,0.0,0.0,0.0,0.0,0.0,,,0.0,,0.725356439718,,SG,3500
