NBA_ID,First Name,Last Name,FPPG,Played,Game,Team,Opp,Status,Injury Details,Actual_FD,Actual_DK,Actual_MIN,AST,BLK,FG3A,FTA,OREB,DREB,STL,TOV,REB,FGM,FG3M,FGA,FTM,PTS,MIN,DD,TD,FD,DK,FD_std,DK_std,fd_Pos,fd_Salary
201939.0,Stephen,Curry,49.2,15,LAL@GS,GS,LAL,,,46.3,48.5,23,5.52585411792,0.174301899467,9.15017157751,4.8136744157,0.323866406997,3.31466130719,2.14481117804,3.13256580389,3.63852771419,8.73317251532,3.96948041129,17.3022657081,4.47102485222,25.9068502941,30.0,0.0592618196825,0.000242342243865,40.0675250792,43.8900943287,17.9601673134,19.7796109772,PG,10900
202331.0,Paul,George,42.3,13,IND@WAS,IND,WAS,,,55.6,61.5,23,4.35989485249,0.210744503951,6.95096907345,6.48888775183,1.45551519471,5.1004711813,1.78313850492,3.65537320604,6.55598637601,8.33275667036,2.99822636866,18.9442749875,5.43468064948,25.0984203589,37.0,0.140844706416,0.00178675582339,39.8378391005,43.7090655337,17.8482071266,18.9093650526,SF,9500
203081.0,Damian,Lillard,40.7,15,CHI@POR,POR,CHI,,,43.0,46.0,23,7.47547948408,0.322482622751,8.34690126042,5.80988380543,0.662599276371,3.44813195188,1.2690437874,3.62159793958,4.11073122826,9.02624297872,2.92398877985,21.5087513352,5.02590275483,26.0023774921,40.0,0.229672749506,0.00213457797182,41.7099290728,45.5391718522,19.6685692738,20.9029771047,PG,9400
201933.0,Blake,Griffin,42.1,13,LAC@DEN,LAC,DEN,,,39.0,42.0,23,4.50948314623,0.489762246082,0.559228586503,5.85727651942,2.11858823446,4.98095995807,0.850430220785,2.10622835087,7.09954819253,9.21635410904,0.19142780235,17.5724932821,4.34473357233,22.9688695928,33.0,0.195888956301,0.00309323966203,38.826708726,40.6336273657,18.9140779787,18.4337831855,PF,9200
101108.0,Chris,Paul,34.0,10,LAC@DEN,LAC,DEN,,,38.4,40.0,23,7.67020774787,0.0441992679968,3.36056620052,3.74729509351,0.323185829353,2.08192755203,1.47234519772,2.11807694925,2.40511338139,5.24266595771,1.18702700128,11.4748079779,3.20480598788,14.8771649046,28.0,0.215333288541,4.48429752649e-05,30.1836245662,32.2795666723,11.4039989884,11.5982860722,PG,8900
202322.0,John,Wall,35.9,10,IND@WAS,WAS,IND,,,22.3,28.0,23,7.99031150928,0.992055603376,3.50616003614,4.58620448571,0.481895291329,1.98570393186,1.66622210609,3.96272777979,2.46759922319,5.595877618,1.06602408087,13.0118450559,3.48305248881,15.7408318057,31.0,0.257733673132,6.71422869428e-05,32.0412457766,35.0658036046,12.5860802769,12.7294268342,PG,8800
200794.0,Paul,Millsap,38.4,15,BOS@ATL,ATL,BOS,,,42.3,43.75,23,3.33002897549,1.0784629084,2.92259258007,5.22521779271,2.25504569288,5.35016271469,1.98462236642,2.43610565787,7.60520840757,5.94068382776,1.00598021994,12.2182265766,4.05525165417,16.9425995296,32.0,0.224380148756,0.000529562625027,34.7539579737,37.193420244,12.3506536502,12.3273712699,PF,8600
202710.0,Jimmy,Butler,36.4,12,CHI@POR,CHI,POR,,,36.4,38.5,23,3.33050950565,0.61934257948,3.57683589204,7.10011654726,0.972137073518,3.68343720706,1.94351604602,1.56142098229,4.65557428057,6.63479436727,1.48207096346,14.3949758095,5.60143195976,20.3530916578,36.0,0.0229285561861,4.90776209571e-05,34.4998413216,36.2889060757,14.2546806157,14.433283673,SG,8400
201188.0,Marc,Gasol,30.4,14,DAL@MEM,MEM,DAL,,,36.0,38.5,23,4.49898118523,1.01025712715,0.216433617181,5.66447242774,1.50565161716,4.80771388451,0.713123759561,2.39942557108,6.31336550167,6.12183612135,0.117794900321,13.2092480786,4.83789034103,17.1993574841,36.0,0.118873782281,0.00174915560438,32.5712040662,34.3290407173,14.6202280325,14.2582102912,C,7800
2200.0,Pau,Gasol,33.1,12,CHI@POR,CHI,POR,,,30.8,33.0,23,2.26316551761,1.57561554528,0.371898395897,3.28595940015,2.10248051569,6.65931408345,0.599778921291,1.51025728014,8.76179459914,6.14640339055,0.0394523245442,13.1414586487,2.5825043007,14.9147634063,29.0,0.342137819885,4.54308830787e-05,31.6641968547,33.3904844095,14.3072787247,13.9173071462,PF,7800
202738.0,Isaiah,Thomas,33.4,13,BOS@ATL,BOS,ATL,,,18.0,21.5,23,5.2159703606,0.0220188553677,5.81127929342,5.18383322528,0.37449160345,1.06576896781,1.26579338993,2.42392177742,1.44026057126,5.84595485236,1.93189950601,14.0207219506,4.43124861743,18.0550578282,27.0,0.0385113620831,1.46545692142e-07,27.7590287678,30.0667199208,13.5560565253,14.3861296749,PG,7600
201599.0,DeAndre,Jordan,32.7,13,LAC@DEN,LAC,DEN,,,45.7,47.75,23,0.899119404055,2.25593214793,0.0093635439542,5.67664083407,2.81737979909,7.03584558133,0.463493246061,1.06211006147,9.85322538043,3.39347417028,0.00234067726238,4.78905832799,2.25984345667,9.04913247449,27.0,0.274132809057,3.38206017663e-05,26.5984227636,28.0346100774,7.28482802719,6.62689468034,C,7600
203110.0,Draymond,Green,34.1,15,LAL@GS,GS,LAL,,,37.9,40.25,23,5.52993363703,1.23620446344,3.51292440234,2.06659248203,1.23620437275,4.71609103582,1.1734349213,2.2379223087,5.95229540856,4.17834179333,1.44546599623,8.57128467041,1.55513272531,11.3572823082,30.0,0.0956532786481,0.00309506297273,29.3762937148,31.6683677446,9.25259516958,9.7111029723,PF,7600
201143.0,Al,Horford,33.2,15,BOS@ATL,ATL,BOS,,,21.8,23.5,23,2.65227414774,1.30429594893,2.30286089867,1.27364762442,1.82994205499,3.4795115526,0.580372688975,1.31997827926,5.3094536076,5.93610560328,0.835539434369,11.6037506229,1.12487316291,13.8326238038,27.0,0.0376453800997,1.63571679167e-05,26.6317383511,28.03148703,11.745863309,11.5562060191,C,7400
977.0,Kobe,Bryant,26.8,10,LAL@GS,LAL,GS,,,15.2,17.5,23,3.3665346677,0.101555352746,4.98801228942,4.01869204834,0.471608455872,2.15330110078,0.920856597805,2.21427807487,2.62490955665,4.63355270537,1.09343953671,13.7050747149,3.32348083747,13.6840257849,25.0,0.00246119392666,8.57681712495e-07,21.7142650807,23.5030637282,12.1542897375,12.6222706846,SG,7200
201952.0,Jeff,Teague,30.5,12,BOS@ATL,ATL,BOS,GTD,Ankle,30.5,32.5,23,5.89001586955,0.458225638903,2.39501785986,4.35247820475,0.408158554382,1.35866819021,1.34018288494,2.38946363872,1.76682674459,4.77041322841,0.854970575041,11.257035018,3.74232444461,14.1381214765,26.0,0.0661993566118,1.19898774294e-06,26.3006907832,28.1105518592,11.2516875739,11.2613122492,PG,7100
201565.0,Derrick,Rose,25.4,10,CHI@POR,CHI,POR,GTD,Ankle,28.8,30.5,23,6.28640434298,0.335709696537,3.57067296629,3.39126243493,0.563426315252,2.32186951824,0.630691409379,3.09972335414,2.88529583349,6.44340598023,0.880201479088,16.7104594413,2.8342568294,16.601270269,35.0,0.0987078764293,8.09185709848e-05,28.3263106413,30.6088424199,15.3181160336,15.3598464147,PG,7000
203078.0,Brad,Beal,28.6,7,IND@WAS,WAS,IND,,,32.3,34.0,23,2.73612152321,0.271965629003,5.00433526305,2.96137581016,1.07412840379,2.36660279002,1.18925432043,2.52990634556,3.44073119381,7.42722977084,2.11258691895,16.3669425419,2.17449512592,19.1415415865,35.0,0.00336634709877,1.57247690777e-06,27.7671348573,30.2654722873,15.4340582532,15.9672364587,SG,6900
2216.0,Zach,Randolph,27.1,12,DAL@MEM,MEM,DAL,GTD,Knee,0.0,0.0,23,0.0,0.0,0.0,0.0,0.0,0.0,0.0,0.0,0.0,0.0,0.0,0.0,0.0,0.0,0.0,,,0.0,,0.839487742541,,PF,6900
201144.0,Mike,Conley,29.4,14,DAL@MEM,MEM,DAL,,,35.6,36.25,23,5.91807670499,0.0946714003134,3.92012530007,3.4497750631,0.573497008159,1.66050715779,1.25224160004,1.66272754143,2.23400416595,5.1281633488,1.44961849268,12.1906647562,2.94967539057,14.6556205809,30.0,0.068430056968,7.85397724944e-06,27.2446390967,29.0151809695,11.8031878843,12.2160645769,PG,6900
201568.0,Danilo,Gallinari,29.5,14,LAC@DEN,DEN,LAC,,,44.1,47.5,23,2.6151837046,0.673470241676,5.46363672725,7.22210587971,1.50954913899,4.12137339083,0.676614774952,1.56894806289,5.63092252982,5.53511718584,1.91923943503,14.1646897727,6.53869741199,19.5281712187,37.0,0.0595757712281,2.3253975451e-05,31.3392757817,33.4543490759,13.5681054962,14.3715633027,SF,6900
101145.0,Monta,Ellis,26.6,13,IND@WAS,IND,WAS,,,20.5,23.25,23,5.28070778064,0.476893817071,2.95506231983,2.82385929751,0.563889404494,2.4244669354,1.84033185383,2.97536905768,2.98835633989,6.04085396242,0.772815305237,14.2084646657,2.0101212808,14.8646445109,35.0,0.0391157918262,4.178054323e-05,28.0308160738,30.1131251017,13.5518573108,13.4837937929,SG,6700
101114.0,Deron,Williams,27.5,13,DAL@MEM,DAL,MEM,,,13.9,17.0,23,6.20824712705,0.241693866857,3.68750009451,3.6870955161,0.233908455421,2.152678988,1.41349634278,2.3554005937,2.38658744342,5.07714995711,1.39573829081,12.0073948819,3.34411878233,14.8941569874,34.0,0.0875388745248,1.70618294843e-05,28.0254124356,30.1516707473,11.6688944281,12.0297833919,PG,6700
203468.0,C.J.,McCollum,29.4,15,CHI@POR,POR,CHI,,,28.4,29.5,23,3.0655680689,0.362656634701,5.43593715628,3.15100769987,0.569560799165,2.44771387855,1.10037588957,2.17285983474,3.01727467771,7.34624296816,2.06428974973,16.5050762913,2.6585683698,19.4153440559,36.0,0.00235987379622,1.43600374374e-06,28.3876309863,30.6606136311,15.466163325,16.0754443352,SG,6600
1717.0,Dirk,Nowitzki,29.2,13,DAL@MEM,DAL,MEM,,,30.0,33.0,23,1.5856291309,0.525150549898,3.51572048562,2.96649304803,0.510116342637,4.51911648671,0.550499813037,1.00725321745,5.02923282935,6.5195727726,1.69202898523,12.9284858735,2.64249418185,17.3736687123,29.0,0.0309233032375,2.04407240018e-07,26.9312393123,28.5787276232,12.837822025,13.0574267767,PF,6500
202702.0,Kenneth,Faried,26.5,13,LAC@DEN,DEN,LAC,GTD,Ankle,0.0,0.0,23,0.0,0.0,0.0,0.0,0.0,0.0,0.0,0.0,0.0,0.0,0.0,0.0,0.0,0.0,0.0,,,0.0,,0.902163830626,,PF,6500
202691.0,Klay,Thompson,25.9,14,LAL@GS,GS,LAL,,,18.6,20.25,23,2.40358960762,0.681444479373,5.57874940048,2.26920696816,0.358274321919,2.15532955485,0.578860460295,1.54615138164,2.51360387677,5.74252731281,2.31955240676,12.8804090676,1.89974130998,15.7043483424,28.0,0.000439504396676,5.25702535366e-08,23.3005159036,25.359707406,12.8565675751,13.8185154383,SG,6500
201588.0,George,Hill,25.8,10,IND@WAS,IND,WAS,,,26.3,28.5,23,3.94592720708,0.27213345923,4.66382744761,2.99915478404,0.583262898084,2.10188331201,1.28219831665,1.73785986855,2.68514621009,4.68906222392,1.96440136854,10.4204094864,2.27807663343,13.6206024498,32.0,0.00648545541596,2.93469543298e-06,24.1324723958,26.127597312,10.9120565799,11.7267579346,PG,6300
1626144.0,Emmanuel,Mudiay,26.9,14,LAC@DEN,DEN,LAC,,,15.6,17.75,23,4.85963775456,0.674352814487,2.86072215842,2.58382181248,0.676920254061,2.43004182003,0.863680256343,2.93572354841,3.10696207409,3.94524042441,0.793694973685,11.0032864818,1.81471823656,10.4988940591,24.0,0.0182271203904,2.46365923581e-05,21.6570477731,23.7045197282,10.32195202,10.466114327,PG,6200
201163.0,Wilson,Chandler,0.0,0,LAC@DEN,DEN,LAC,O,Hip,0.0,0.0,23,0.0,0.0,0.0,0.0,0.0,0.0,0.0,0.0,0.0,0.0,0.0,0.0,0.0,0.0,0.0,,,0.0,,0.647602079227,,SF,6200
2585.0,Zaza,Pachulia,27.3,14,DAL@MEM,DAL,MEM,,,28.5,32.0,23,2.44699608252,0.517746508575,0.060078491164,4.87220984293,2.95519939282,5.87924790643,0.963609906326,1.95906194637,8.83444729925,3.27520270935,0.0,7.1053911976,3.82601527984,10.3764206985,28.0,,,25.6519024648,,8.79453861306,,C,6200
203096.0,Jared,Sullinger,27.8,13,BOS@ATL,BOS,ATL,,,16.0,16.25,23,1.97762386554,0.596646263824,2.0348596671,1.444895396,2.44094353375,3.85089872654,0.807799465153,1.05054178352,6.29184226029,3.92209489654,0.678786245512,8.76284262715,1.00980911581,9.53278515439,21.0,0.0588987295353,2.49655803314e-06,21.8077813395,23.075393051,9.01321840384,8.96134732765,PF,6000
202340.0,Avery,Bradley,23.9,11,BOS@ATL,BOS,ATL,,,35.2,38.25,23,2.07288053881,0.237632455597,5.28652949516,1.53381654256,0.601181354108,1.85091222098,1.45332727403,1.44386686459,2.45209357509,6.11484720114,2.20689269456,13.2729719844,1.0924885032,15.5290756,30.0,0.000268637730329,1.39649943664e-08,23.518961293,25.4673487498,13.0455468959,13.8481980581,SG,6000
203486.0,Mason,Plumlee,26.7,15,CHI@POR,POR,CHI,,,35.9,38.75,23,2.64043650249,1.40366234867,0.0733780046629,5.52280701545,3.26337864236,6.2971336738,1.35352706623,2.18658481069,9.56051231616,5.06404902303,0.00131085375178,8.89194470453,2.96607835225,13.0954872521,35.0,0.403004327221,0.000171861514723,31.8565508043,34.0335463277,10.9288143165,10.4089847968,C,6000
202329.0,Al-Farouq,Aminu,25.9,15,CHI@POR,POR,CHI,,,13.7,15.5,23,1.16940815217,0.710157342655,2.69477516527,1.96109957413,1.0787525202,3.70944543699,0.557990363863,1.21308771845,4.78819795719,2.73151182563,0.9251072896,6.91104216771,1.47599156445,7.86412250531,22.0,0.00997175380479,4.61350175675e-09,16.6872799768,18.0107450232,7.328367673,7.67750284131,SF,6000
203903.0,Jordan,Clarkson,22.9,13,LAL@GS,LAL,GS,,,7.4,8.5,23,2.27171287211,0.244902647272,2.84336166772,2.09394026256,0.777715022852,1.57965539069,0.799405476292,1.70183956532,2.35737041354,5.10065071155,1.14785755265,11.0623988638,1.63854824306,12.9877072188,27.0,0.000243283422257,1.81829447034e-08,19.610897705,21.1539797644,11.0287617287,11.1377351033,PG,5800
203944.0,Julius,Randle,25.6,13,LAL@GS,LAL,GS,,,21.2,21.5,23,1.81294388161,0.466623538519,0.260365393071,3.20499959481,1.15483982681,5.53250688377,0.598560569505,1.51576918054,6.68734671059,3.58332001771,0.0534850407094,8.12463238915,2.1758620274,9.39598710354,24.0,0.0774682857149,1.59476710275e-06,20.7548180142,21.9900196732,9.35221986141,9.02684844702,PF,5800
203490.0,Otto,Porter,26.5,10,IND@WAS,WAS,IND,,,19.1,19.75,23,1.65012398979,0.346216632235,2.44771359358,1.82189145343,0.978861861805,2.32962803511,1.19453291678,0.925009999241,3.30848989692,3.59481714654,0.71397105788,7.52027441269,1.51164479416,9.41525014512,25.0,0.00123174261103,1.2080836574e-08,18.0171131049,19.0038757785,7.96827122873,7.95509414885,SF,5800
101162.0,Marcin,Gortat,23.5,10,IND@WAS,WAS,IND,,,32.3,33.75,23,1.37985036775,0.948845005608,0.00980629122433,2.79493122801,1.91835919465,3.84989275291,0.477718240868,1.54425789579,5.76825194756,3.83779845438,0.000180259059754,7.54242910909,2.09307595354,9.76885312135,24.0,0.0407295531881,8.34817852855e-08,20.0693996072,21.1911258622,9.1778211854,8.74537231597,C,5800
202703.0,Nikola,Mirotic,22.0,12,CHI@POR,CHI,POR,,,23.1,27.0,23,1.69953164019,0.500205457641,5.83411481527,4.21042699611,1.18513566984,4.34537664263,1.00261010936,2.08187973145,5.53051231247,4.12213904898,1.82804082939,11.045217823,3.38097703167,13.453295959,29.0,0.0453047682245,5.46216298908e-07,23.5629595968,25.8624042839,11.3673380012,12.4493058752,SF,5700
203084.0,Harrison,Barnes,24.7,15,LAL@GS,GS,LAL,,,10.9,12.5,23,1.41531493901,0.160782190732,2.33586239976,1.91805444206,0.851082485897,2.30168244929,0.641678617153,0.781058310513,3.15276493518,3.70965081614,0.964785957174,7.31458751367,1.6592297073,10.0433172968,23.0,0.000952027514855,2.3521087033e-09,16.7734709327,17.8054593617,8.04645844416,8.13144591047,SF,5500
203115.0,Will,Barton,26.4,14,LAC@DEN,DEN,LAC,,,2.6,3.75,23,1.49040399422,0.43091594415,2.03491282154,2.08048636302,0.530927993645,2.3718416646,0.909254801711,0.902947442533,2.90276965824,3.53991740177,0.73592151343,7.68427126494,1.782684764,9.59844108097,20.0,0.000490831679464,1.91682440338e-09,17.0947647114,18.0600739255,8.18087820315,8.17578520533,SG,5400
202323.0,Evan,Turner,20.4,13,BOS@ATL,BOS,ATL,,,21.3,22.5,23,4.09820458658,0.31861962692,1.54751264231,1.59321157287,0.603428730497,2.83082788025,1.00228234484,2.12393535472,3.43425661075,3.8528144341,0.324322947632,8.70274399372,1.26239073737,9.29234255319,26.0,0.0067202898527,1.49299049311e-05,20.0786259548,21.484593161,9.01447692086,8.75294975131,SF,5400
201579.0,Roy,Hibbert,23.5,13,LAL@GS,LAL,GS,,,13.7,14.5,23,1.29873828058,1.84654911824,0.0943904052239,3.21287228188,1.73996319657,3.5143979034,0.283598809024,1.38875694952,5.25436109997,2.65617137878,0.000433265021549,5.7616307487,2.77494409002,8.08772011259,23.0,0.0178086202581,4.47951467718e-07,19.2125997584,20.1966271949,7.243848382,6.89339494545,C,5400
203935.0,Marcus,Smart,21.7,9,BOS@ATL,BOS,ATL,O,Lowerleg,0.0,0.0,23,0.0,0.0,0.0,0.0,0.0,0.0,0.0,0.0,0.0,0.0,0.0,0.0,0.0,0.0,0.0,,,0.0,,0.859345677586,,PG,5300
201941.0,Jordan,Hill,22.7,12,IND@WAS,IND,WAS,,,19.5,19.75,23,1.40400336886,0.459498289513,0.0470434850764,2.36920024997,3.03414413579,4.29543062375,0.839951123214,1.42794954346,7.32957475954,4.20997645494,0.0126067246022,9.45177229566,1.68372107502,10.1162807095,25.0,0.126582525552,2.94667341799e-07,22.1887247562,23.4653563006,10.7461787259,10.4053526214,C,5200
1626156.0,D'Angelo,Russell,20.9,13,LAL@GS,LAL,GS,,,20.0,20.75,23,2.79337836394,0.313109195789,3.89383873223,1.19376560334,0.624833356363,3.84590795487,0.933387195402,1.58724456072,4.47074131124,4.06430749738,1.22724282784,10.0044657627,0.877242588034,10.2331004106,26.0,0.0104282713156,6.50324223201e-06,20.6938057517,22.3402484282,9.80620243683,10.2720840886,PG,5200
203145.0,Kent,Bazemore,23.5,12,BOS@ATL,ATL,BOS,O,Ankle,0.0,0.0,23,0.0,0.0,0.0,0.0,0.0,0.0,0.0,0.0,0.0,0.0,0.0,0.0,0.0,0.0,0.0,,,0.0,,0.824415476507,,SG,5100
203109.0,Jae,Crowder,24.0,13,BOS@ATL,BOS,ATL,,,12.6,12.75,23,1.52877493782,0.335096193035,3.24268428549,2.29775169488,1.16234483977,2.45522511798,1.83839291889,1.33514367538,3.61756995775,3.35931678156,0.987518240375,7.98425872564,1.89213602004,9.59828782353,26.0,0.00235718293897,6.55375155167e-08,19.244368728,20.5901141548,8.30807845764,8.643472154,SF,5100
203471.0,Dennis,Schroder,22.0,15,BOS@ATL,ATL,BOS,,,11.8,14.5,23,3.84014451786,0.0152492457281,2.53445278032,1.66476381759,0.25542634469,1.34909127929,0.5554956054,1.71740640425,1.60451762398,3.41567831827,0.814308267632,8.4520640137,1.32212110628,8.96778601046,19.0,0.0031569620761,2.30731236205e-08,16.077507234,17.4283259635,8.48434784318,8.6347224104,PG,5000
2738.0,Andre,Iguodala,23.0,15,LAL@GS,GS,LAL,,,24.8,25.25,23,3.02131327151,0.181330687587,2.18669973239,0.996067690185,0.717784953253,2.07958734898,1.06775804745,0.845951427393,2.79737230223,2.76281437898,0.947050774785,5.28973642191,0.56839252264,7.04107205538,22.0,0.000596452789306,2.49774509344e-07,16.582114768,17.6193799127,6.4437027717,6.64475793488,SF,4900
101139.0,C.J.,Miles,20.7,10,IND@WAS,IND,WAS,,,40.1,45.25,23,1.60658267367,0.374691932214,7.97317811903,3.31928773879,0.402634883925,1.38708635091,1.65446217042,1.86978146912,1.78972123484,6.07284540239,3.35710906883,13.8736857205,2.70866730121,18.2114671748,33.0,3.33327670686e-05,3.60514132734e-10,24.9575334033,27.6605147342,14.9998453281,16.770049791,SF,4900
202718.0,Chandler,Parsons,13.0,10,DAL@MEM,DAL,MEM,,,16.0,16.75,23,1.52562876473,0.372233398882,3.51702965999,1.86140420896,0.595261786778,2.38157824105,0.623585668358,1.31573749003,2.97684002783,4.47262593869,1.20712523493,9.46278823283,0.973390380683,11.125767493,25.0,0.000709475239206,3.35116130907e-09,17.6623193179,19.0736569047,9.67280303498,9.96750987196,SF,4800
202083.0,Wesley,Matthews,16.8,12,DAL@MEM,DAL,MEM,,,21.8,23.5,23,2.0475761883,0.111327189895,6.99154291582,2.7810527445,0.434351781412,1.91822463449,0.928986805901,1.20325573055,2.3525764159,4.43966148777,2.45137496652,11.6785858991,2.35633185438,13.6870297964,33.0,0.00018640474497,7.92517525653e-09,20.458858039,22.4040818392,12.6008630869,14.1254417008,SG,4800
101106.0,Andrew,Bogut,22.2,9,LAL@GS,GS,LAL,,,23.4,23.75,23,2.24588921332,1.62223906638,0.000141594861617,0.88277286194,1.99549378059,3.6912406263,0.612485168019,1.4472971008,5.68673440689,2.90826591829,9.30238269649e-05,4.84812587861,0.442331567587,6.25895642799,21.0,0.0147701684082,1.87290352645e-06,19.4740229043,20.5042155582,6.55280101154,5.99796739858,C,4800
201155.0,Rodney,Stuckey,18.4,8,IND@WAS,IND,WAS,,,8.9,11.0,23,2.64013906741,0.245765169043,1.45410429827,2.36222238806,0.326287642008,1.72418215705,0.751584848403,1.47762927445,2.05046979906,3.99954084138,0.417160189504,9.13783743547,1.82610595025,10.2423478225,23.0,0.000299752984642,1.50632560248e-08,17.1801909429,18.2305588395,9.53193764992,9.32212606939,SG,4700
101161.0,Amir,Johnson,18.6,13,BOS@ATL,BOS,ATL,,,13.9,15.25,23,1.39452860463,0.912686703281,0.723740587549,1.58084698899,1.69232013154,2.83530898472,0.669819218337,1.32637487401,4.52762911626,3.08478767097,0.20777457111,5.47234012695,0.983080277818,7.36043019087,22.0,0.00621288959537,1.38150114551e-08,16.7240150066,17.7267905608,6.7239304111,6.26549879104,C,4700
101150.0,Louis,Williams,19.9,13,LAL@GS,LAL,GS,,,9.2,10.25,23,2.16220473858,0.170626192549,4.02199316177,5.04286536785,0.219608559082,1.39103346557,0.763497313505,1.32052751802,1.61064202465,3.40833690804,1.12648264929,9.20884381651,4.21732916602,12.1604856314,23.0,7.28064488223e-05,5.0733902254e-10,17.8842826629,19.188429059,9.34789299182,9.87902253502,SG,4700
101133.0,Ian,Mahinmi,20.3,12,IND@WAS,IND,WAS,,,23.8,24.75,23,0.94441971905,1.19607545142,0.000897481228219,1.81949996454,1.85057971303,3.44380039163,0.848890490324,0.901747104197,5.29438010466,2.64210811716,7.11404491033e-06,5.06928511718,0.486265697461,5.77048904583,22.0,0.00820168751691,5.33518567504e-09,16.7285595293,17.4564581909,6.61136545982,6.18207179787,C,4700
2594.0,Kyle,Korver,18.6,13,BOS@ATL,ATL,BOS,,,25.9,28.75,23,2.48554331554,0.329925116213,4.82519425197,1.02334383915,0.116873098174,3.06471234383,0.665565745919,1.44794967928,3.181585442,4.29490444442,2.28169664806,8.25027734254,0.862972425066,11.734477962,33.0,0.00137611589993,3.1533292967e-07,19.8237275107,21.8496950663,9.9195080257,10.9508981758,SG,4600
203939.0,Dwight,Powell,22.9,14,DAL@MEM,DAL,MEM,,,18.1,19.5,23,1.16813847414,0.686835882757,0.395112581522,3.01263117968,1.59188494248,4.11981804176,0.693184403997,0.931711728743,5.71170298423,3.38081994564,0.100295463358,6.74419703502,2.10473601412,8.96667136876,21.0,0.0336579506708,1.54910053624e-08,19.4012515058,20.2533272235,8.13489840534,7.73897703252,PF,4600
2037.0,Jamal,Crawford,19.2,13,LAC@DEN,LAC,DEN,,,23.6,24.75,23,2.07404506128,0.10568088361,4.2495122256,3.66943690018,0.21965934523,1.17928671735,0.666948609251,1.23410099842,1.39894606258,4.29752121505,1.3043729115,11.0403708,3.41886704336,13.318282385,24.0,5.31553851637e-05,1.14779290736e-10,18.4192432393,19.7585072308,10.6660953035,11.1884542406,SG,4600
201145.0,Jeff,Green,16.6,14,DAL@MEM,MEM,DAL,,,34.9,36.25,23,2.07165053852,0.522941416488,3.11801515956,3.59910230081,0.89411826104,3.4318483759,0.852164760554,1.65944798762,4.32596663694,4.95082775701,1.0387926265,12.1172996719,3.14371303947,14.08416118,35.0,0.0115302222693,7.12065014874e-07,23.4735613186,25.0562774271,11.6591413823,11.8124583302,SF,4500
200755.0,J.J.,Redick,18.1,10,LAC@DEN,LAC,DEN,,,20.4,22.0,23,1.58368596802,0.151570795502,4.76252582703,2.61991763575,0.267357415051,0.746125185971,0.521861711324,1.22112995976,1.01348260102,5.07577399406,2.11019298402,10.5200388001,2.3001104998,14.5618514719,28.0,5.71030164637e-06,7.06541006036e-13,18.2792945991,19.9956387665,11.1270040652,11.9465506433,SG,4500
201149.0,Joakim,Noah,18.5,11,CHI@POR,CHI,POR,,,18.7,19.5,23,3.05995258471,0.766418746724,0.00798657969203,1.39206281662,2.26969585979,4.06633621215,0.560715643534,1.63311025015,6.33603207194,1.56478483887,0.0,4.03331555378,0.703449376999,3.83301905474,20.0,,,17.0473449485,,5.14087033052,,C,4400
202334.0,Ed,Davis,18.0,15,CHI@POR,POR,CHI,,,36.6,40.75,23,1.86464159517,1.48985129548,9.22636683889e-06,3.97549009734,4.34475600758,6.47921516023,1.05051490506,1.60543613305,10.8239711678,4.70083608443,1.14231208481e-06,7.60886877973,2.08093904783,11.482612359,35.0,0.465993518854,1.4015466164e-05,30.7436364212,32.7865859419,9.5929979673,8.99845624621,PF,4400
203086.0,Meyers,Leonard,16.9,9,CHI@POR,POR,CHI,O,Shoulder,0.0,0.0,23,0.0,0.0,0.0,0.0,0.0,0.0,0.0,0.0,0.0,0.0,0.0,0.0,0.0,0.0,0.0,,,0.0,,0.697045892761,,C,4400
2403.0,Nene,Hilario,18.3,9,IND@WAS,WAS,IND,GTD,Calf,25.4,25.75,23,2.22625181427,0.219136427887,0.096374905161,3.5253463553,0.977332544557,3.63605795086,0.871019258981,1.43219039972,4.61339049542,4.08233451428,0.00629022007652,7.37547839119,2.02830828113,10.1992675298,23.0,0.0125621079593,1.38653851578e-06,19.8228348197,20.7915919759,9.14013965824,8.62788840693,PF,4300
203105.0,Festus,Ezeli,20.0,15,LAL@GS,GS,LAL,,,18.9,19.25,23,0.707138739216,1.28747633883,0.00219297742815,2.49922432634,1.77997183791,2.73040091999,0.265696359671,0.852647509539,4.5103727579,2.30452970086,0.000603964038488,4.19540195386,1.38572873312,5.99539209888,16.0,0.0036278446428,3.92088344187e-09,14.7222454047,15.3798315581,5.96417690289,5.5238188143,C,4300
201596.0,Mario,Chalmers,18.3,11,DAL@MEM,MEM,DAL,,,27.2,27.75,23,2.94384371321,0.142069591594,2.29845309821,3.96717483911,0.194461437708,1.24390821135,1.48442855243,1.45403625911,1.43836964906,2.52416244384,0.684597684196,6.5924127127,3.39034169747,9.12326426934,21.0,0.000507049436507,3.32432365451e-09,17.064033447,18.2060294852,7.12844409818,7.30996992672,PG,4300
2749.0,Jameer,Nelson,16.5,12,LAC@DEN,DEN,LAC,,,6.7,7.25,23,4.30242455588,0.0338000385272,3.8499268096,0.879078998988,0.384428756362,1.47480853773,0.617067676307,1.78282541196,1.85923729409,2.98716676694,1.11964828623,8.22056359166,0.660549048224,7.75453086834,24.0,0.00511476320223,1.29752397631e-07,15.9581624728,17.5100337206,8.27359590491,8.87691933615,PG,4300
203999.0,Nikola,Jokic,16.6,13,LAC@DEN,DEN,LAC,,,25.2,26.0,23,1.30009686967,0.587131656418,0.534991641308,3.00074947437,2.77490020701,4.07721778854,1.06475109314,1.26038997752,6.85211799555,4.05048026512,0.143095379927,8.12747758852,2.22200316761,10.4660590778,24.0,0.100607280568,1.37913995528e-07,22.6821214986,23.8773814117,9.37418370349,8.98210747466,C,4300
201959.0,Taj,Gibson,16.5,12,CHI@POR,CHI,POR,,,21.9,22.25,23,0.959842368544,0.738080889175,0.0419489151911,1.68962478632,1.47185755087,2.15632372036,0.339691941179,0.753455679027,3.62818127123,2.37758790689,2.81838177931e-07,4.71674160852,1.08456776069,5.83974385631,17.0,0.000833087918524,6.95295263496e-11,13.0354149163,13.5948015924,6.21832713675,5.8159633596,PF,4200
2399.0,Mike,Dunleavy,0.0,0,CHI@POR,CHI,POR,O,Back,0.0,0.0,23,0.0,0.0,0.0,0.0,0.0,0.0,0.0,0.0,0.0,0.0,0.0,0.0,0.0,0.0,0.0,,,0.0,,0.594152155376,,SF,4200
201196.0,Ramon,Sessions,17.5,10,IND@WAS,WAS,IND,,,16.7,18.75,23,2.77424313221,0.0499667441481,0.956832477064,3.35084413306,0.288674843389,1.07321905742,0.790298797545,1.25645876973,1.36189390081,2.20841323118,0.448997376519,5.13907172788,2.53076878842,7.39659262729,17.0,0.000216601047867,3.84121369762e-10,13.6163023202,14.5374499911,6.20506330529,6.13981415566,PG,4200
203914.0,Gary,Harris,17.3,14,LAC@DEN,DEN,LAC,,,18.1,20.25,23,2.17691741775,0.291846104971,4.22447446414,1.79084118691,0.924942345882,2.29541041733,1.50643323245,1.84690511052,3.22035276322,4.62426282159,1.53997452445,10.5373359567,1.36769837379,12.1561985414,35.0,0.00144109324645,1.32996586334e-07,21.0356515482,22.8922710427,10.5706965127,11.1412560402,SG,4100
201581.0,J.J.,Hickson,16.4,12,LAC@DEN,DEN,LAC,,,18.0,18.75,23,0.964613092146,0.63824108669,0.0136443543577,2.90352134363,1.49276658103,3.13955912141,0.496315308186,1.0344341204,4.63232570245,3.35144148385,0.0,6.47542460006,1.48634142619,8.1892243939,19.0,,,16.4296135444,,8.149023601,,PF,4000
201166.0,Aaron,Brooks,15.0,10,CHI@POR,CHI,POR,O,Hamstring,0.0,0.0,23,0.0,0.0,0.0,0.0,0.0,0.0,0.0,0.0,0.0,0.0,0.0,0.0,0.0,0.0,0.0,,,0.0,,0.826692454597,,PG,4000
202730.0,Lavoy,Allen,14.9,12,IND@WAS,IND,WAS,,,4.6,6.25,23,1.06697015393,0.45829163971,0.00869867063352,0.627552730355,1.54116518988,2.17828908781,0.25599702881,0.657392245388,3.71945427769,1.63939731502,0.00134436531531,3.88570125998,0.348002008482,3.62814100384,15.0,0.000221120976424,4.43669813769e-11,10.4631264596,10.9787991605,5.0199120504,4.73640997596,PF,4000
203994.0,Jusuf,Nurkic,0.0,0,LAC@DEN,DEN,LAC,O,Knee,0.0,0.0,23,0.0,0.0,0.0,0.0,0.0,0.0,0.0,0.0,0.0,0.0,0.0,0.0,0.0,0.0,0.0,,,0.0,,0.959889227623,,C,4000
203530.0,Joffrey,Lauvergne,21.9,3,LAC@DEN,DEN,LAC,GTD,Back,0.0,0.0,23,0.0,0.0,0.0,0.0,0.0,0.0,0.0,0.0,0.0,0.0,0.0,0.0,0.0,0.0,0.0,,,0.0,,0.887919704646,,PF,4000
2754.0,Tony,Allen,15.4,14,DAL@MEM,MEM,DAL,,,20.3,21.5,23,1.47603007996,0.430211301453,0.935756850874,2.15526308271,2.056433149,2.92029503288,2.33318907437,1.34984947684,4.97672818187,3.88191825332,0.310467148123,8.6625140607,1.30337027643,9.3776739312,31.0,0.0170830621807,2.80106468042e-06,21.7407441442,22.8453718622,9.377866111,9.11076115223,SG,4000
203501.0,Tim,Hardaway Jr.,0.0,0,BOS@ATL,ATL,BOS,,,4.5,5.0,23,0.875275284818,0.0891082352754,2.46917129444,1.01388131801,0.083149484328,0.0852893332113,0.145278466307,0.523731007258,0.168438817539,1.91434015497,0.869011127086,4.91223135775,0.813692463031,5.51138390007,12.0,6.32969165805e-09,3.39684291557e-23,6.97146580425,7.67625882179,5.78217586207,6.24155843577,SG,3900
201584.0,Courtney,Lee,16.9,14,DAL@MEM,MEM,DAL,,,2.4,2.5,23,0.837396877158,0.181694693757,1.82271120328,1.22356015744,0.291847467787,1.15288280945,0.741949815447,0.564448918897,1.44473027724,1.96418249183,0.464522817134,5.13998445531,1.1247336268,5.51762142759,18.0,5.4017857255e-07,1.55355222384e-14,9.79023317552,10.3769563677,5.58259170344,5.65685063998,SG,3900
101135.0,David,Lee,13.6,13,BOS@ATL,BOS,ATL,,,22.7,24.5,23,2.36897089435,0.538666411212,0.0215952786542,3.16982967211,2.03634070451,3.47523768282,0.732329932831,1.80841673303,5.51157838733,4.28458820494,1.25121476375e-07,8.52688447501,2.43664334533,11.0058198803,25.0,0.0379816182549,6.885655571e-06,21.9067462417,23.1435266745,10.1556529359,9.72413353211,PF,3900
200757.0,Thabo,Sefolosha,17.7,12,BOS@ATL,ATL,BOS,,,38.9,39.75,23,1.62477218552,0.725967161415,1.93996470115,1.56498840228,1.15570915705,3.18513992186,1.58870537391,1.14272080015,4.34084907891,3.32016519861,0.733446889426,6.64983230802,1.02905441245,8.40283169909,26.0,0.00623159277067,9.26048158458e-08,19.5356331426,20.7001071083,7.41109778702,7.38260409841,SF,3900
2746.0,Josh,Smith,13.7,13,LAC@DEN,LAC,DEN,,,19.2,21.0,23,1.89967873133,1.31415248184,2.13530433499,1.83852759518,1.28061265649,2.59654403387,0.58736436193,1.76195881205,3.87715669036,2.62599350585,0.58211769479,6.76607971885,1.01689040704,6.85099511354,18.0,0.00202975570357,6.40269629935e-08,16.3941761145,17.763117028,7.01640177752,7.09995404915,PF,3900
2743.0,Kris,Humphries,15.7,10,IND@WAS,WAS,IND,,,0.2,0.75,23,0.330096602191,0.22242991063,0.831056554666,0.626681181082,0.624488084508,1.22792443325,0.120559387661,0.348180266645,1.85241251776,1.26630899619,0.324927264709,2.87410997942,0.540394541074,3.39793979816,9.0,1.16465943243e-06,3.73122142242e-18,6.4537780527,6.88295419126,3.90005804009,3.88099182077,PF,3800
2550.0,Kirk,Hinrich,14.4,5,CHI@POR,CHI,POR,,,8.7,8.75,23,2.7182591575,0.140396096019,2.48270116582,1.36946677675,0.289859432057,0.666589772623,0.927851887076,1.09748536555,0.95644920468,3.00737511223,1.13091829962,6.67182275266,1.12349454571,8.26916306979,26.0,0.000232760689052,3.03655998297e-11,14.5333014523,15.6956748862,7.35242081676,7.70151137976,SG,3800
203482.0,Kelly,Olynyk,17.3,12,BOS@ATL,BOS,ATL,,,7.4,8.0,23,1.23862668812,0.540570855215,2.36745335392,1.15787981016,1.09943399337,1.90655754251,0.93060140318,1.22960349437,3.00599153588,2.6237809271,0.760888597099,6.14076114647,0.843723126909,6.8521735782,16.0,0.000344460753327,2.82965910489e-10,14.0300444758,15.1761067904,6.72412968526,6.92437392467,C,3800
201589.0,Darrell,Arthur,13.3,13,LAC@DEN,DEN,LAC,,,15.5,17.25,23,1.6232705326,1.01498355242,2.03348938616,1.24344169226,1.91707143625,3.06760365625,0.958100385753,1.11302616844,4.9846750925,4.15172814186,0.57130222388,10.4728539281,0.891369298242,9.76612780585,30.0,0.0180964836242,1.49877639632e-07,21.0157854237,22.1343285495,10.2231242846,10.1508805704,PF,3800
2734.0,Devin,Harris,16.6,14,DAL@MEM,DAL,MEM,,,0.0,0.0,23,0.0,0.0,0.0,0.0,0.0,0.0,0.0,0.0,0.0,0.0,0.0,0.0,0.0,0.0,0.0,,,0.0,,0.848407124718,,SG,3800
2440.0,Matt,Barnes,15.0,14,DAL@MEM,MEM,DAL,,,28.9,31.75,23,1.81392781931,0.932484278971,6.46416007341,1.92931920317,0.952688236083,3.71595446598,1.7755206592,1.28929558656,4.66864270206,4.16168792696,1.90975134214,11.3114624257,1.59056860366,11.8236957997,38.0,0.0153376344848,5.82398746913e-07,24.2736730609,26.1296368593,11.6091107173,12.8485317665,SF,3800
200826.0,Jose Juan,Barea,15.9,14,DAL@MEM,DAL,MEM,,,21.4,23.0,23,5.38258374545,0.0631695941581,3.4265856201,2.25276303526,0.668125182527,1.52202226362,0.452228870461,2.17644551926,2.19014744615,4.37481002104,0.901788510293,10.697769057,1.84058654166,11.491995094,27.0,0.0341849906214,3.31970998311e-06,21.0483990576,22.7483108897,10.2577320983,10.437429894,PG,3700
2549.0,Chris,Kaman,7.5,3,CHI@POR,POR,CHI,,,0.0,0.0,23,0.0,0.0,0.0,0.0,0.0,0.0,0.0,0.0,0.0,0.0,0.0,0.0,0.0,0.0,0.0,,,0.0,,0.808058892286,,C,3700
203527.0,Ryan,Kelly,11.9,5,LAL@GS,LAL,GS,,,7.9,8.5,23,0.447730476997,0.206341060292,0.635259802321,0.470072742606,0.0769445433866,0.536395894015,0.171730890983,0.222118089177,0.613340437402,0.553952507326,0.17269364031,1.56631082251,0.36604958891,1.64664824387,6.0,5.2030581358e-12,2.94655661958e-22,3.58827829762,3.81635118424,2.50388851863,2.53980227134,SF,3700
203085.0,Austin,Rivers,14.0,13,LAC@DEN,LAC,DEN,,,7.6,7.75,23,1.22070594063,0.176702999512,2.17258572825,1.74968740586,0.313240686747,0.868900426858,0.719239819988,0.720701309958,1.1821411136,2.68792161744,0.56216717047,6.43667250019,1.04843674173,6.98644714707,20.0,3.74649928325e-07,1.0932659945e-13,11.3072597234,12.0078015813,6.80830442482,6.84569966685,PG,3700
101138.0,Brandon,Bass,12.8,12,LAL@GS,LAL,GS,,,12.0,12.25,23,0.689843894218,0.348350056788,0.124048586809,1.26664946421,1.2936778583,1.61120322302,0.260538381896,0.705571348899,2.90488108132,1.96259266788,0.025015883053,3.88025401486,1.03107975993,4.98128097874,13.0,0.000108250279975,3.90140437816e-13,10.0141096461,10.5248096916,5.29597101924,4.91179235483,PF,3700
201148.0,Brandan,Wright,14.1,7,DAL@MEM,MEM,DAL,O,Knee,0.0,0.0,23,0.0,0.0,0.0,0.0,0.0,0.0,0.0,0.0,0.0,0.0,0.0,0.0,0.0,0.0,0.0,,,0.0,,0.863752431736,,C,3700
201978.0,Chase,Budinger,11.6,13,IND@WAS,IND,WAS,,,9.7,10.25,23,1.0050394513,0.221636269328,1.7753536055,0.873500637235,0.404013274796,1.00526409782,0.484202643497,0.547253915503,1.40927737261,1.75924498998,0.717563633987,4.03447639655,0.630290670173,4.86634428412,15.0,3.53260261729e-07,3.93228528907e-14,8.92946021836,9.63233339162,5.07389802211,5.34848072879,SF,3700
201574.0,Jason,Thompson,5.4,6,LAL@GS,GS,LAL,,,11.9,12.0,23,0.676384051011,0.38230328525,0.00441039418554,0.787930444546,0.945298732925,1.17584127376,0.27003586536,0.570715736623,2.12114000669,1.3659777593,0.0,2.90042131122,0.474567968073,3.20652348667,12.0,,,7.50043013581,,4.20365487985,,PF,3700
201580.0,JaVale,McGee,13.2,1,DAL@MEM,DAL,MEM,,,0.0,0.0,23,0.0,0.0,0.0,0.0,0.0,0.0,0.0,0.0,0.0,0.0,0.0,0.0,0.0,0.0,0.0,,,0.0,,0.887912931317,,C,3600
203098.0,John,Jenkins,9.8,4,DAL@MEM,DAL,MEM,,,2.5,3.0,23,0.120524800747,0.00759104140623,0.303472615705,0.113929276828,0.0332457003267,0.0686042027715,0.0430865025807,0.0936812776403,0.101849903098,0.296783948219,0.0997066693072,0.680259331329,0.0996219922619,0.792896558008,2.0,7.82939325368e-20,1.98755946651e-36,1.10357745318,1.20536392181,1.69725527707,1.68212267434,SG,3600
203922.0,Glenn,Robinson III,11.0,9,IND@WAS,IND,WAS,,,0.0,0.0,23,0.0371042735093,0.00970631202555,0.0775442042084,0.102625437305,0.0394008726859,0.0838337415574,0.0317621262661,0.0414559771422,0.123234614243,0.120797838149,0.028505392865,0.270408812404,0.0715558959291,0.341656965091,1.0,2.30302648226e-21,3.6790723247e-42,0.586675811888,0.627818227604,1.18073675029,1.13959138034,SF,3600
203210.0,JaMychal,Green,14.0,14,DAL@MEM,MEM,DAL,,,20.7,23.0,23,0.482991541719,0.452662478092,0.657101556052,1.49573898073,1.55642189313,2.73578405041,0.514458807491,1.20853466342,4.29220594354,2.42884156378,0.229811912789,4.99702340794,1.19369822383,6.28119326418,17.0,0.00310724866348,1.28403278439e-12,12.8820356168,13.820480075,6.10877252429,5.82329234497,PF,3600
202066.0,Garrett,Temple,10.6,8,IND@WAS,WAS,IND,,,10.2,11.5,23,1.40653529763,0.137022204686,2.23914603404,1.59517874554,0.496740381821,1.2594993545,0.798299298291,0.790464577585,1.75623973632,1.80806055234,0.776774267938,4.61121763969,1.24520427185,5.63809964447,18.0,3.57459518168e-06,7.33301663474e-12,10.9355687029,11.8070054744,5.55994354503,5.94262891782,PG,3600
201162.0,Jared,Dudley,13.0,9,IND@WAS,WAS,IND,,,9.4,10.5,23,1.55997947756,0.283244742959,2.98777978476,1.07825486112,0.578211891944,2.61021331928,0.886101869318,0.973977452699,3.18842521122,2.73067688031,1.20111036811,5.72765889885,0.809769175148,7.47223330387,27.0,0.00063401070477,3.65455638635e-09,15.0030285455,16.2509447435,6.97131860538,7.48669486624,SF,3600
203143.0,Pablo,Prigioni,5.4,5,LAC@DEN,LAC,DEN,GTD,Illness,0.0,0.0,23,0.0,0.0,0.0,0.0,0.0,0.0,0.0,0.0,0.0,0.0,0.0,0.0,0.0,0.0,0.0,,,0.0,,0.856594469044,,PG,3600
201945.0,Gerald,Henderson,7.6,7,CHI@POR,POR,CHI,,,5.2,7.25,23,0.968262815239,0.153393897373,1.33584769622,1.39924778563,0.147808687265,1.10784941295,0.390851712084,0.994837171354,1.25565810022,2.43558828401,0.424371186962,6.2766666638,0.952917638925,6.2484653939,17.0,2.32583159088e-07,1.76229448019e-14,9.30130338458,10.0736908176,6.63232923727,6.58137632871,SG,3600
202379.0,Jeremy,Evans,4.8,11,DAL@MEM,DAL,MEM,,,7.4,8.0,23,0.139394794352,0.171664607716,0.0775967420335,0.342739282149,0.312004071334,0.487566549106,0.120227030628,0.125500390638,0.79957062044,0.476017310238,0.0342213123588,0.833781296888,0.260457671448,1.24671360428,4.0,1.18515007881e-11,7.19170278038e-26,2.87357342639,2.99341280893,2.15592062648,1.93197483417,PF,3500
203893.0,Russ,Smith,3.3,7,DAL@MEM,MEM,DAL,,,0.0,0.0,23,0.0986044574827,0.0069058676948,0.143620651475,0.185455706288,0.0274656883972,0.0704074749498,0.0381327104612,0.103853458232,0.097873163347,0.143030336811,0.0327302145568,0.388338329776,0.146391714495,0.465182602674,1.0,1.05660179527e-21,1.11405278354e-38,0.716760782995,0.789946277556,1.3511172673,1.29573398996,PG,3500
2400.0,Drew,Gooden,10.7,6,IND@WAS,WAS,IND,,,0.0,0.0,23,0.0,0.0,0.0,0.0,0.0,0.0,0.0,0.0,0.0,0.0,0.0,0.0,0.0,0.0,0.0,,,0.0,,0.827079292319,,PF,3500
203135.0,Robert,Sacre,3.4,1,LAL@GS,LAL,GS,,,0.0,0.0,23,0.0,0.0,0.0,0.0,0.0,0.0,0.0,0.0,0.0,0.0,0.0,0.0,0.0,0.0,0.0,,,0.0,,0.791501831316,,C,3500
204028.0,Tarik,Black,8.8,7,LAL@GS,LAL,GS,,,13.2,13.5,23,0.320743034278,0.248469344205,0.0165790267926,1.32470053825,1.2180640506,2.25620173423,0.187473550665,0.554285450009,3.47426578483,1.54983587725,0.00410036018434,2.85144772763,0.714321424747,3.81809353944,12.0,0.00016511233247,4.26464307511e-16,8.78592737238,9.23908123522,4.40240002523,4.00306300256,C,3500
203963.0,Shayne,Whittington,-2.0,1,IND@WAS,IND,WAS,,,0.0,0.0,23,0.0,0.0,0.0,0.0,0.0,0.0,0.0,0.0,0.0,0.0,0.0,0.0,0.0,0.0,0.0,,,0.0,,0.827925034471,,C,3500
202734.0,E'Twaun,Moore,10.4,12,CHI@POR,CHI,POR,,,0.0,0.0,23,0.560125515523,0.0922165329756,0.624281343371,0.307900260876,0.121558987445,0.532590368058,0.302276397972,0.306669379855,0.654149355502,1.06454665753,0.234167274015,2.38574371651,0.201439538937,2.56470012801,9.0,5.47074883617e-11,2.2465750658e-20,4.67218410994,4.97530990473,3.40390896205,3.32596890848,PG,3500
202332.0,Cole,Aldrich,2.6,3,LAC@DEN,LAC,DEN,,,0.0,0.0,23,0.124854969744,0.12732773977,0.000379417647118,0.124695367451,0.19770922684,0.217754642169,0.064528784679,0.119079778347,0.415463869009,0.273283085407,0.000104495412711,0.550802308829,0.0982759006839,0.644946566911,2.0,7.910597961e-16,3.96894613626e-31,1.59541893489,1.67578426522,1.70957493809,1.53670326258,C,3500
201156.0,Nick,Young,13.8,13,LAL@GS,LAL,GS,,,9.7,10.25,23,0.8293212478,0.242994705056,5.11265396118,2.11515108916,0.24947153242,1.35755136632,0.659017485016,0.900329018247,1.60702289874,3.79352811419,2.02852971834,9.59305832044,1.96095578657,11.5765417333,23.0,5.21726076527e-06,1.16267885798e-13,15.6526464454,17.1974347845,10.3061112411,11.4166299967,SG,3500
203123.0,Kostas,Papanikolaou,4.3,10,LAC@DEN,DEN,LAC,,,-1.0,-0.5,23,0.161107965623,0.0312075021381,0.248807500667,0.0525982942433,0.092391738318,0.150475727772,0.0738520740324,0.126770797368,0.24286746609,0.194440122133,0.0696755526852,0.488137653057,0.0351632689463,0.493719065898,2.0,1.57873282285e-17,4.35201069536e-32,1.11017032861,1.22053687695,1.49036837509,1.48168178179,SF,3500
2034.0,Mike,Miller,2.9,9,LAC@DEN,DEN,LAC,,,12.2,13.75,23,0.808394797987,0.0534164008673,2.15354298266,0.107773912076,0.082591870083,0.524116778244,0.362400774706,0.414549723134,0.606708648327,1.06611434466,0.890648758769,2.57430015967,0.0848665512192,3.10774399931,13.0,1.11046522314e-09,1.12491412127e-18,5.4654712023,6.14840587733,4.44516294614,5.09889930416,SF,3500
1626175.0,Jordan,Mickey,6.1,2,BOS@ATL,BOS,ATL,,,0.0,0.0,23,0.0,0.0,0.0,0.0,0.0,0.0,0.0,0.0,0.0,0.0,0.0,0.0,0.0,0.0,0.0,,,0.0,,0.940961584844,,PF,3500
101111.0,Charlie,Villanueva,12.4,12,DAL@MEM,DAL,MEM,,,2.0,2.0,23,0.323556106946,0.278575938667,2.63856941803,0.371583772729,0.355676972725,1.00617157268,0.14153029355,0.343460613555,1.3618485454,1.87227261152,0.856184098004,4.61209676072,0.230460999271,4.83119032032,9.0,2.55512982695e-07,8.14116197502e-19,7.4474945861,8.11540975242,5.6811130921,6.15748748538,PF,3500
200751.0,Randy,Foye,8.6,14,LAC@DEN,DEN,LAC,,,8.6,9.75,23,1.23053775137,0.116065288876,2.78820696142,0.547838814602,0.167033508696,0.588311436495,0.339542335743,0.708135367042,0.755344945191,1.46190963766,0.741344435269,4.51798484546,0.438709716351,4.10387342694,13.0,6.96068838117e-08,5.78339623788e-16,7.05917387042,7.82168112325,5.31964161464,5.86559619462,SG,3500
203488.0,Mike,Muscala,6.4,9,BOS@ATL,ATL,BOS,,,12.6,13.25,23,0.761004383441,0.630834930481,0.772895988288,1.08468286255,0.952601344025,1.57743391302,0.429298186444,0.612099443349,2.53003525705,2.0433217824,0.371915463593,4.05670708746,0.923190574154,5.38174960254,15.0,5.14522787144e-05,5.45285689351e-13,11.0674652767,11.6860516714,5.2259613632,5.05879147405,PF,3500
202362.0,Lance,Stephenson,10.3,12,LAC@DEN,LAC,DEN,,,7.4,8.0,23,1.65957449518,0.103851529775,1.08646361727,0.908988555064,0.489782222413,1.00813262561,0.404791089516,1.12309938401,1.49791484802,1.70498743574,0.303029979652,4.41202145178,0.567667030235,4.28067188136,15.0,1.2620739401e-06,3.61125118133e-12,8.46171729633,9.24967961369,4.9987724209,4.93316534696,SG,3500
202714.0,Shelvin,Mack,9.4,6,BOS@ATL,ATL,BOS,,,4.7,4.75,23,0.547849711695,0.00482529192716,0.416983553283,0.121851509977,0.0223984429236,0.13100463566,0.137946687343,0.189548959057,0.153403078584,0.438332753532,0.126126807166,1.09455808782,0.105802816772,1.108595131,3.0,5.12551838273e-13,1.19763526388e-27,2.21044839233,2.37595642937,2.14275456634,2.12226088816,PG,3500
203459.0,Allen,Crabbe,13.2,15,CHI@POR,POR,CHI,,,13.9,15.0,23,1.53886179851,0.319376389697,3.50239878886,1.01772992466,0.343261842816,1.84701685905,0.893835490843,0.945355133506,2.19027870186,3.91814138322,1.28923853988,8.59259876425,0.825035190405,9.95055649672,31.0,6.0171094573e-05,2.94448476623e-10,16.3682522643,17.5951532936,8.97194758097,9.40819083723,SG,3500
101187.0,Alan,Anderson,0.0,0,IND@WAS,WAS,IND,O,Ankle,0.0,0.0,23,0.0,0.0,0.0,0.0,0.0,0.0,0.0,0.0,0.0,0.0,0.0,0.0,0.0,0.0,0.0,,,0.0,,0.577654934554,,SG,3500
203934.0,Lamar,Patterson,7.5,9,BOS@ATL,ATL,BOS,,,22.7,25.0,23,2.37229378035,0.123086453757,2.98894860084,1.86329800545,0.608361317352,2.96448228536,0.696991429877,1.12409035405,3.57284360272,1.79751621861,0.905656252236,4.87196587657,1.28351582384,5.7842045133,23.0,0.000850055345368,1.49072916135e-07,14.1461229203,15.3409139338,6.04975654101,6.63094952339,SG,3500
1626257.0,Salah,Mejri,2.2,5,DAL@MEM,DAL,MEM,,,0.0,0.0,23,0.0,0.0,0.0,0.0,0.0,0.0,0.0,0.0,0.0,0.0,0.0,0.0,0.0,0.0,0.0,,,0.0,,0.871664190769,,C,3500
201575.0,Brandon,Rush,6.8,7,LAL@GS,GS,LAL,,,3.2,4.25,23,0.41100467832,0.247331800275,0.963399902361,0.313197690668,0.113934433582,0.494356067029,0.151895664185,0.352286482315,0.608290500611,0.581269912211,0.252448596027,1.85155360648,0.165424985902,1.58041340635,8.0,5.94330242962e-12,1.5264958136e-22,3.37303747117,3.70581953538,2.66155550511,2.82435312254,SG,3500
203200.0,Justin,Holiday,8.2,12,BOS@ATL,ATL,BOS,,,0.0,0.0,23,0.193964941288,0.0667306125873,0.488774627577,0.120256776652,0.0494262966527,0.15349937833,0.141296391628,0.147436466116,0.202925674983,0.362255145319,0.146577020646,0.964129649295,0.091659390323,0.962746701607,3.0,4.52219778154e-17,5.0576207613e-31,1.76582246583,1.92297549296,1.97799403502,2.0326945745,SG,3500
204025.0,Tim,Frazier,1.9,8,CHI@POR,POR,CHI,,,0.0,0.0,23,0.0,0.0,0.0,0.0,0.0,0.0,0.0,0.0,0.0,0.0,0.0,0.0,0.0,0.0,0.0,,,0.0,,0.934639674074,,PG,3500
1626183.0,Branden,Dawson,0.0,0,LAC@DEN,LAC,DEN,,,0.0,0.0,23,0.0,0.0,0.0,0.0,0.0,0.0,0.0,0.0,0.0,0.0,0.0,0.0,0.0,0.0,0.0,,,0.0,,0.845620626624,,PF,3500
202325.0,Wesley,Johnson,9.2,13,LAC@DEN,LAC,DEN,,,16.9,18.5,23,0.937805747004,0.565753934332,3.35629657146,0.936872389085,0.595474740525,1.74470058303,0.767071440482,0.693378444209,2.34017532356,3.48034386006,1.32295411803,7.19373242008,0.696976109663,8.98061794781,25.0,8.33051996623e-05,6.0176301016e-12,15.167809262,16.2931092671,8.08827758793,8.57914614891,SF,3500
1626245.0,Cristiano,Felicio,1.5,1,CHI@POR,CHI,POR,,,0.0,0.0,23,0.0,0.0,0.0,0.0,0.0,0.0,0.0,0.0,0.0,0.0,0.0,0.0,0.0,0.0,0.0,,,0.0,,0.884062911993,,C,3500
1626242.0,Luis,Montero,1.6,2,CHI@POR,POR,CHI,,,0.0,0.0,23,0.0,0.0,0.0,0.0,0.0,0.0,0.0,0.0,0.0,0.0,0.0,0.0,0.0,0.0,0.0,,,0.0,,0.817576197931,,SF,3500
201601.0,Luc Richard,Mbah a Moute,3.0,11,LAC@DEN,LAC,DEN,,,3.2,3.25,23,0.0900231419988,0.0260099899799,0.156738045294,0.144553390896,0.121362075678,0.121362084306,0.0896316853427,0.0856220995258,0.242724159984,0.237908032089,0.0543620230941,0.593504576059,0.0933776261815,0.623555713453,2.0,1.88108216642e-17,3.26863728023e-34,1.19552066955,1.27764893886,1.55443281324,1.5117049094,SF,3500
203118.0,Mike,Scott,7.8,13,BOS@ATL,ATL,BOS,,,14.7,17.25,23,1.43968189955,0.0833303160784,2.39046683786,1.34436609748,0.720278357977,1.38351455968,0.318778056076,0.794221545363,2.10379291766,2.99311636051,0.807810184766,6.55078823368,1.14550302393,7.93954592973,18.0,3.00163880942e-05,8.27514870611e-11,12.6336154792,13.539866015,7.15741030624,7.30744449386,SF,3500
203475.0,Erick,Green,0.9,3,LAC@DEN,DEN,LAC,,,0.0,0.0,23,0.0,0.0,0.0,0.0,0.0,0.0,0.0,0.0,0.0,0.0,0.0,0.0,0.0,0.0,0.0,,,0.0,,0.673447419146,,SG,3500
1626167.0,Myles,Turner,11.5,8,IND@WAS,IND,WAS,O,Finger,0.0,0.0,23,0.0,0.0,0.0,0.0,0.0,0.0,0.0,0.0,0.0,0.0,0.0,0.0,0.0,0.0,0.0,,,0.0,,0.811034325937,,PF,3500
1897.0,Metta,World Peace,12.1,9,LAL@GS,LAL,GS,,,7.9,8.5,23,0.45596679261,0.213743552857,1.3069201975,0.546594267659,0.314926333996,0.643268396316,0.45094881123,0.322262738677,0.958194730312,1.11769744094,0.490773466875,2.84735576873,0.34854530121,3.07471364996,9.0,3.11222898528e-09,4.17926743141e-19,5.91561950474,6.3700473487,3.85448256355,4.08893919381,SF,3500
1626204.0,Larry,Nance Jr.,9.8,8,LAL@GS,LAL,GS,,,15.4,15.5,23,0.798512627643,0.0876153412204,0.372600482545,0.871679528799,0.886386767367,2.7165072224,0.415302163569,0.692863129079,3.60289398977,2.15201493539,0.118106300796,4.47378549877,0.621900212105,5.04403638367,18.0,0.000548795180731,7.74596375322e-12,10.8782499934,11.4647026006,5.62476391871,5.29921357968,PF,3500
203524.0,Solomon,Hill,4.7,4,IND@WAS,IND,WAS,,,0.0,0.0,23,0.0685168524399,0.006514599161,0.0943838172308,0.0652957134163,0.0303606208307,0.0519475110571,0.0281924985575,0.0563620507314,0.0823081318878,0.11279585892,0.0290730226988,0.275283355792,0.0536208207434,0.308285561282,1.0,4.18777479243e-23,2.12853762847e-41,0.522882742913,0.569715686222,1.15034670029,1.11210373045,SG,3500
203923.0,James,Young,0.0,1,BOS@ATL,BOS,ATL,,,5.0,5.5,23,0.124036656148,0.023074386412,0.580842586948,0.255888376882,0.084554786818,0.11692859007,0.0915134455952,0.076507400774,0.201483376888,0.335084514885,0.163260055117,0.92731041016,0.155077606115,0.988506691002,3.0,2.95807449021e-17,6.531790102e-33,1.56900999073,1.69896788752,1.94160528217,2.04211678561,SF,3500
1626202.0,Joseph,Young,4.2,4,IND@WAS,IND,WAS,GTD,Personal,2.7,2.75,23,0.0973052472066,0.011611513408,0.0834293946691,0.12352139393,0.0227911970848,0.108513385108,0.0350921771496,0.0615771866123,0.131304582193,0.113531487676,0.0171383167233,0.29304734005,0.0949696893212,0.339170981396,1.0,2.20844938732e-21,4.03165605104e-38,0.67452454534,0.720447526118,1.23494688943,1.17349111359,SG,3500
203943.0,Noah,Vonleh,6.7,15,CHI@POR,POR,CHI,,,12.6,13.25,23,0.264814050545,0.350051726485,0.605945956925,0.878728280415,0.883023294606,1.72041786038,0.170020103236,0.627039495682,2.60344115498,1.17993848858,0.161752581372,3.00872750363,0.634162386153,3.15579194468,12.0,1.22070061198e-05,7.21752194167e-17,7.09024657023,7.61483297702,3.86225777712,3.73333879897,PF,3500
203546.0,Ian,Clark,5.6,11,LAL@GS,GS,LAL,,,7.9,8.0,23,0.574765470147,0.103198108594,0.986473889839,0.366168796548,0.154033428389,0.281766611116,0.250666797945,0.387380765627,0.435800039506,0.802948459938,0.330496174532,2.07139729404,0.307244770364,2.24363786477,6.0,1.03788620942e-11,4.46323864488e-22,3.94909516485,4.32982363692,3.1211887286,3.26466600945,SG,3500
1626179.0,Terry,Rozier,3.9,7,BOS@ATL,BOS,ATL,,,5.0,5.0,23,0.329354816455,0.0283869376307,0.460185736511,0.113038110332,0.179925213766,0.291981868753,0.0733878099196,0.180874823438,0.47190708252,0.506153984832,0.108286208478,1.39624654113,0.0832803037082,1.20387448185,3.0,1.53090741733e-13,4.55631149094e-25,2.28686987722,2.4550457473,2.27974697457,2.22948981307,PG,3500
203516.0,James,Ennis,0.7,4,DAL@MEM,MEM,DAL,,,2.0,2.0,23,0.100361084722,0.0309351898059,0.183005800065,0.169092316607,0.103658531205,0.0984424939668,0.0583104223659,0.0741318755702,0.202101025172,0.184678073903,0.0551980981149,0.460904011497,0.140117469759,0.564671715679,2.0,2.14763629344e-18,5.62063170921e-35,1.06209392174,1.13686395984,1.41934139496,1.40004237817,SF,3500
203912.0,C.J.,Wilcox,0.0,0,LAC@DEN,LAC,DEN,,,0.0,0.0,23,0.0,0.0,0.0,0.0,0.0,0.0,0.0,0.0,0.0,0.0,0.0,0.0,0.0,0.0,0.0,,,0.0,,0.729975285981,,SG,3500
1713.0,Vince,Carter,10.5,3,DAL@MEM,MEM,DAL,,,5.4,5.5,23,0.612799577387,0.200399788963,2.18122766724,0.604974982974,0.252815666513,0.623664903765,0.445146888621,0.515443030364,0.876480570277,1.3574608128,0.654935792217,3.93627965579,0.463780672108,3.83363808993,11.0,2.70065663393e-09,3.22561293037e-18,6.58026446515,7.209277909,4.77855998394,5.20208821255,SF,3500
1626171.0,Bobby,Portis,9.0,2,CHI@POR,CHI,POR,,,0.0,0.0,23,0.0,0.0,0.0,0.0,0.0,0.0,0.0,0.0,0.0,0.0,0.0,0.0,0.0,0.0,0.0,,,0.0,,0.832664324594,,PF,3500
203503.0,Tony,Snell,12.0,12,CHI@POR,CHI,POR,,,5.0,5.5,23,0.691316084317,0.204913305224,1.93826281161,0.463608919267,0.17879433319,1.24135853392,0.219350646198,0.569475322963,1.42015286711,1.30979179083,0.755592244433,3.69472470072,0.420890182217,3.79606600831,14.0,2.05206595407e-07,7.52272527642e-16,6.8162761552,7.54981789007,4.61326773259,5.0916247334,SG,3500
203926.0,Doug,McDermott,13.3,12,CHI@POR,CHI,POR,,,8.9,9.5,23,0.770085455904,0.113552172194,3.80363335523,0.929228415322,0.45027298275,1.50309991298,0.341429902165,1.03680639052,1.95337289573,3.93339857822,1.61796940687,8.70911038729,0.7010267611,10.1857933244,25.0,2.30370512509e-05,2.3174126599e-13,13.5581267413,14.9832178404,9.22862256305,9.87551909197,SF,3500
1626147.0,Justin,Anderson,5.4,10,DAL@MEM,DAL,MEM,,,3.2,3.75,23,0.206440613727,0.11894301899,0.771466256522,0.327938085469,0.11881726531,0.775865264291,0.150411720239,0.322915165235,0.894682529601,0.761220570608,0.227316836916,1.81121870183,0.242690153107,1.99244813124,5.0,3.69148920581e-10,1.24339293481e-23,3.59152240057,3.91137252868,2.89234257853,2.89539200005,SF,3500
1626148.0,Anthony,Brown,2.3,3,LAL@GS,LAL,GS,,,0.0,0.0,23,0.0,0.0,0.0,0.0,0.0,0.0,0.0,0.0,0.0,0.0,0.0,0.0,0.0,0.0,0.0,,,0.0,,0.787319822327,,SF,3500
1626185.0,Jarell,Martin,0.0,0,DAL@MEM,MEM,DAL,O,Foot,0.0,0.0,23,0.0,0.0,0.0,0.0,0.0,0.0,0.0,0.0,0.0,0.0,0.0,0.0,0.0,0.0,0.0,,,0.0,,0.845620626624,,PF,3500
2733.0,Shaun,Livingston,10.9,13,LAL@GS,GS,LAL,,,10.7,11.25,23,2.07643701498,0.155548692316,0.0813605621508,0.716816352718,0.430910595712,0.755727751743,0.460747577849,0.87695474754,1.18663834745,1.77527086036,0.000288221089786,3.55578181624,0.575225486686,4.1260554285,15.0,4.37832519294e-06,2.26431966139e-12,9.02031476071,9.51827472989,4.90924099691,4.52110174295,PG,3500
203946.0,Cameron,Bairstow,2.8,2,CHI@POR,CHI,POR,,,0.0,0.0,23,0.0,0.0,0.0,0.0,0.0,0.0,0.0,0.0,0.0,0.0,0.0,0.0,0.0,0.0,0.0,,,0.0,,0.764119583146,,PF,3500
203090.0,Maurice,Harkless,13.0,15,CHI@POR,POR,CHI,,,5.7,6.25,23,0.55531685571,0.239971797937,1.09257636932,0.766331166505,0.743586171859,1.13002138264,0.383778196476,0.61741646554,1.8736075545,1.3325406981,0.320555062019,3.04622158324,0.469571707149,3.45520816536,12.0,1.35949868096e-06,6.49828684797e-16,7.16659603761,7.72926421836,4.03312202911,3.99948548687,SF,3500
,Martell,Webster,0.0,0,IND@WAS,WAS,IND,O,Hip,0.0,0.0,23,0.0,0.0,0.0,0.0,0.0,0.0,0.0,0.0,0.0,0.0,0.0,0.0,0.0,0.0,0.0,,,0.0,,0.76702206873,,SF,3500
201971.0,DeJuan,Blair,5.5,4,IND@WAS,WAS,IND,,,0.0,0.0,23,0.0833164823413,0.0195645680657,0.00137983359749,0.127876741004,0.214317745587,0.214318111939,0.0902689959172,0.157397127643,0.428635857526,0.295476644154,2.53601483873e-07,0.645944652043,0.0805624509254,0.671515992835,2.0,1.29980608946e-15,1.72065635045e-32,1.3731237457,1.4732542292,1.70920628221,1.53193244273,C,3500
1626176.0,Rakeem,Christmas,0.0,0,IND@WAS,IND,WAS,,,0.0,0.0,23,0.0,0.0,0.0,0.0,0.0,0.0,0.0,0.0,0.0,0.0,0.0,0.0,0.0,0.0,0.0,,,0.0,,0.845620626624,,PF,3500
203092.0,Tyler,Zeller,8.5,9,BOS@ATL,BOS,ATL,,,2.0,2.0,23,0.330909563168,0.12246708997,0.000357040391382,0.663905289684,0.386614120322,0.528431879328,0.0571281486357,0.251659473817,0.91504599965,1.02588329723,3.29014338399e-05,1.8797175231,0.535921511817,2.58772100771,5.0,5.98923785651e-10,1.92405485447e-21,4.28967155544,4.46127004394,3.32517650961,2.96677105859,C,3500
204002.0,Walter,Tavares,1.1,2,BOS@ATL,ATL,BOS,,,1.7,2.25,23,0.312050670541,0.0557146723719,0.21837079536,0.375569545143,0.192593014824,0.417423197629,0.0927213437868,0.185487932838,0.610016212453,0.357421245998,0.0601412881871,0.839717144723,0.264042283368,1.03902606355,3.0,5.85887089824e-13,1.0630492499e-24,2.35050562379,2.50382104492,1.96224324916,1.86718877596,C,3500
203949.0,James Michael,McAdoo,4.3,12,LAL@GS,GS,LAL,,,0.0,0.0,23,0.0,0.0,0.0,0.0,0.0,0.0,0.0,0.0,0.0,0.0,0.0,0.0,0.0,0.0,0.0,,,0.0,,0.870455853446,,PF,3500
201973.0,Jonas,Jerebko,7.6,13,BOS@ATL,BOS,ATL,,,7.6,7.75,23,0.894739537854,0.220867719047,1.11892716749,0.899177335623,0.981154954047,1.63749949845,0.34048974671,0.805104632842,2.61865445249,1.62841589033,0.388177941501,3.89009479837,0.829123930864,4.47413365303,15.0,4.1131248489e-05,1.65716613879e-12,9.27623860148,10.0038743082,4.72216297258,4.71627442767,PF,3500
1626154.0,RJ,Hunter,5.5,8,BOS@ATL,BOS,ATL,,,20.4,22.0,23,0.811259183902,0.265355686514,3.3889472516,0.518189090204,0.387244252902,2.57202797956,0.837988867377,1.0729450297,2.95927223246,2.48168188613,1.02685648928,6.25522325768,0.381773409726,6.37199367128,21.0,0.000268321125116,1.02861439454e-11,12.2737532042,13.472020057,7.00307444639,7.56896073345,SG,3500
201578.0,Marreese,Speights,10.6,12,LAL@GS,GS,LAL,,,2.4,3.5,23,0.599967588244,0.408553247506,0.239020384713,1.72041433819,1.09647743882,1.91304881319,0.234364210738,1.00707573449,3.00952625201,2.61125209658,0.0319078587072,6.17731209268,1.35134448413,6.60575653599,12.0,0.000305214826924,3.0253821891e-13,11.3958986028,12.0663245342,7.24036857871,6.93073929457,PF,3500
1626162.0,Kelly,Oubre,6.6,6,IND@WAS,WAS,IND,,,0.0,0.0,23,0.0965803201459,0.0182490727861,0.316426850984,0.24773403075,0.0345671506103,0.279551888181,0.048167210216,0.10710023031,0.314119038792,0.307548063776,0.086675511599,0.757197404365,0.151556534943,0.853328174095,2.0,8.00926340433e-16,1.42898156234e-32,1.40087383656,1.51346765945,1.77964260465,1.74639586178,SF,3500
203919.0,Jordan,Adams,9.0,2,DAL@MEM,MEM,DAL,O,Knee,0.0,0.0,23,0.0,0.0,0.0,0.0,0.0,0.0,0.0,0.0,0.0,0.0,0.0,0.0,0.0,0.0,0.0,,,0.0,,0.836764843022,,SG,3500
1626146.0,Cliff,Alexander,4.8,4,CHI@POR,POR,CHI,,,0.0,0.0,23,0.0,0.0,0.0,0.0,0.0,0.0,0.0,0.0,0.0,0.0,0.0,0.0,0.0,0.0,0.0,,,0.0,,0.832064494268,,PF,3500
2571.0,Leandro,Barbosa,11.4,12,LAL@GS,GS,LAL,,,21.7,22.25,23,1.92642021423,0.123804475211,2.04652660506,1.03751149117,0.4788332676,0.526546791471,1.00794151189,0.786580916071,1.00538005907,3.17437875751,0.785923537463,6.96573299197,0.742946469069,7.87762752155,17.0,1.39317700614e-05,3.28110422298e-12,13.4506249719,14.2871670993,7.48166622,7.55535051878,SG,3500
1626192.0,Pat,Connaughton,1.3,4,CHI@POR,POR,CHI,,,0.0,0.0,23,0.0,0.0,0.0,0.0,0.0,0.0,0.0,0.0,0.0,0.0,0.0,0.0,0.0,0.0,0.0,,,0.0,,0.799435041475,,SG,3500
201168.0,Tiago,Splitter,11.7,14,BOS@ATL,ATL,BOS,O,Hip,0.0,0.0,23,0.0,0.0,0.0,0.0,0.0,0.0,0.0,0.0,0.0,0.0,0.0,0.0,0.0,0.0,0.0,,,0.0,,0.827119822022,,C,3500
1626273.0,Marcelo,Huertas,9.9,7,LAL@GS,LAL,GS,,,8.2,10.25,23,2.3608976482,0.159609596157,1.16692803616,0.312711317387,0.664668411415,1.22586922608,0.370966260754,1.06336152308,1.89053763749,1.50615368837,0.398693896362,3.45938711296,0.230388613261,3.64138988636,12.0,1.30205896461e-05,3.26321009339e-10,9.4491717144,10.2747458379,4.39868336446,4.41049651784,PG,3500
202390.0,Gary,Neal,11.4,10,IND@WAS,WAS,IND,,,25.6,29.75,23,1.80762877473,0.00967584123366,3.96542127262,2.15590185313,0.295080700585,1.41422485667,0.69048387872,1.4466637614,1.70930555725,4.95264468215,1.4632222167,11.7409011308,1.97160422079,13.3401158018,29.0,2.64658038748e-05,2.0439708687e-10,18.0563813111,19.5968292773,11.3521797802,11.7996878414,SG,3500
1718.0,Paul,Pierce,12.6,12,LAC@DEN,LAC,DEN,,,6.2,6.75,23,1.21214494818,0.0823317116235,2.77257904732,1.44860572186,0.306458498599,1.86074575034,0.482923744509,0.723116361881,2.16720424894,1.83072935494,0.83410339152,4.77451433865,1.17202975831,5.6675918597,18.0,1.81508579251e-05,1.13620202938e-11,10.4938489311,11.3808462466,5.83305898434,6.32379289403,SF,3500
101109.0,Raymond,Felton,14.2,14,DAL@MEM,DAL,MEM,,,22.8,26.5,23,2.70113207961,0.162827782621,2.24798822301,1.50409836273,0.358578932235,1.31781518186,0.699203686107,1.42572753332,1.67639411409,3.12692864791,0.692528015721,7.75431071428,1.27295880081,8.21934411236,23.0,0.000224449224632,2.33801621363e-09,14.5810505728,15.7243347339,7.87602015398,7.96499585956,PG,3500
