NBA_ID,First Name,Last Name,FPPG,Played,Game,Team,Opp,Status,Injury Details,Actual_FD,Actual_DK,Actual_MIN,AST,BLK,FG3A,FTA,OREB,DREB,STL,TOV,REB,FGM,FG3M,FGA,FTM,PTS,MIN,DD,TD,FD,DK,FD_std,DK_std,fd_Pos,fd_Salary
203076,Anthony,Davis,41.1,3,ORL@NO,NO,ORL,,,36.3,37.75,0,1.90865663472,2.88841530717,1.28477003363,7.21835427015,2.55183287905,4.9191778171,1.24495185196,1.74176559141,7.47101069615,8.1906886759,0.535075530011,16.2053076196,5.65829305185,22.5747459337,36.0,0.219533542163,0.00018926392633,40.927912448,42.7697516485,17.106774205,16.743614894,PF,10700
202326,DeMarcus,Cousins,38.0,3,MEM@SAC,SAC,MEM,O,Achilles,0.0,0.0,0,0.0,0.0,0.0,0.0,0.0,0.0,0.0,0.0,0.0,0.0,0.0,0.0,0.0,0.0,0.0,,,0.0,,1.02427101817,,C,10300
203083,Andre,Drummond,44.8,3,IND@DET,DET,IND,,,63.8,68.75,0,0.532666535961,2.27473431735,0.01992047834,7.14609086015,7.72163202105,10.0457406219,1.66674336553,2.2639318058,17.7673726429,8.74046223319,0.000215812501973,16.6593034369,3.41296323842,20.8941035173,43.0,0.969643119529,0.000137621113258,48.6329740527,52.1082940366,18.6194749567,18.1218111595,C,8900
202331,Paul,George,33.9,3,IND@DET,IND,DET,,,35.8,39.25,0,4.0021791965,0.316063757703,6.66331737903,5.95174344221,1.49907155898,3.04153897594,1.94748489321,3.68373603997,4.54061053492,6.66844388325,2.20476622555,17.6040437349,5.04530138898,20.586955381,38.0,0.0257268852084,0.000145335923718,32.8823180795,36.0926260746,16.1078030564,17.0672099353,SF,8300
202704,Reggie,Jackson,32.5,3,IND@DET,DET,IND,,,27.0,31.0,0,6.35232221738,0.212671611818,3.63444299699,3.65381161498,0.635013999324,1.54118221664,0.969827714103,3.63307150976,2.17619621597,7.04405365001,1.18295220688,16.5776544015,2.8077785743,18.0788380812,34.0,0.105481948806,9.75036731266e-06,28.9506840085,31.625757852,15.581557999,15.670936176,PG,8200
203506,Victor,Oladipo,41.6,3,ORL@NO,ORL,NO,,,24.9,26.75,0,4.30535162125,0.700242352067,4.74339092674,3.23127793107,0.688061345599,3.83076778366,1.621395468,2.33449669842,4.51882912926,5.94653422234,1.36483124351,15.1126415994,2.71108503159,15.9689847198,36.0,0.0278819191632,0.000208220171608,30.1583860485,32.2764390152,13.8264193364,14.2310809894,SG,8100
202710,Jimmy,Butler,38.1,4,CHI@CHA,CHI,CHA,,,32.7,34.75,0,2.69175172385,0.455707921021,2.80764747529,6.26605985354,0.866265532841,2.78308443052,1.94415511697,0.842911500975,3.64934996336,5.76309928626,1.34157352029,12.0244047044,5.00160533484,17.8693774277,32.0,0.00473080090354,2.24329194093e-06,30.2430395445,31.5248524845,12.3596541629,12.4512547477,SG,8000
202696,Nikola,Vucevic,36.2,3,ORL@NO,ORL,NO,,,44.1,47.25,0,1.94700838576,1.62959577088,0.0402785322728,3.00303474191,2.94301089453,4.74625419206,0.959919878087,2.18346316195,7.68926508659,7.92441798771,0.0133927403251,15.2425606026,2.39741750824,18.259646224,34.0,0.236869176884,1.08239221184e-05,33.4028450425,35.2410724851,16.8414055734,16.3583894153,C,8000
201942,DeMar,DeRozan,35.9,3,TOR@DAL,TOR,DAL,,,26.8,28.5,0,3.21504573846,0.177898407347,1.32306157946,6.90270643952,0.481846116296,1.70634634315,1.08586746396,1.9242032754,2.18819245944,5.31517821434,0.378384863439,12.6088603139,5.5259657931,16.5347070852,28.0,0.00181307600161,1.66753801525e-07,24.5864351115,25.8498589181,13.196083948,12.9557754597,SG,8000
200794,Paul,Millsap,36.5,4,ATL@MIA,ATL,MIA,,,35.5,38.0,0,3.91253311961,1.146269703,3.37121386436,5.43325528719,2.18093696934,4.43816688418,2.21905896897,2.2762643031,6.61910385352,5.79267454332,1.20303357048,12.9009950216,3.70228664683,16.490669304,36.0,0.130459444431,0.000885023311233,34.7567866484,37.0257350145,12.7770983953,12.9243184318,PF,7900
200752,Rudy,Gay,31.7,3,MEM@SAC,SAC,MEM,,,29.5,31.25,0,3.07305549973,0.310865426793,3.30918155101,4.03556720781,1.63228016548,2.75542559265,1.09957206475,2.16195521199,4.38770575814,7.15275509212,1.25461326322,15.9509869444,3.38987505737,18.9499985048,32.0,0.0154280762654,1.8614621231e-05,29.4837484353,31.434615919,15.3110094826,15.3582274554,SF,7900
200768,Kyle,Lowry,38.7,3,TOR@DAL,TOR,DAL,,,54.0,59.75,0,7.8391045388,0.601769862817,5.06576367492,5.65068301775,0.946565674051,2.43242574769,2.37341890098,3.01943594329,3.37899142174,6.58489951866,1.95866000614,15.0153161319,4.78860469063,19.9170637341,37.0,0.259913949289,0.000715068845048,38.6614518327,41.711465509,14.4202938793,15.0291123145,PG,7800
202355,Hassan,Whiteside,33.2,3,ATL@MIA,MIA,ATL,,,44.8,48.5,0,0.438296223924,3.42167782673,0.0238499347209,3.36013245127,3.0256416151,6.26524887428,0.772031159615,1.97043248761,9.29089048938,6.59792015522,0.00656848669986,10.0155905809,1.75662300223,14.9590317994,31.0,0.405777995151,0.00114159817417,33.1825302076,35.2476670065,11.7945908895,11.0581729338,C,7800
2200,Pau,Gasol,30.2,4,CHI@CHA,CHI,CHA,,,27.1,27.5,0,1.94998900198,1.17190092461,0.474287445799,2.54669877064,1.79378279339,3.59517828413,0.388565210608,1.41659622607,5.38896107752,5.22461033102,0.0594140549792,10.1832124501,2.08778098727,12.5964157043,23.0,0.0383997500786,1.46616227425e-06,23.6924885446,24.7575457627,11.4102160975,10.9334441406,PF,7800
2547,Chris,Bosh,29.9,3,ATL@MIA,MIA,ATL,,,38.8,40.0,0,2.07942796439,1.04542021061,4.83019639545,4.50702641864,1.06519814579,5.1723524216,1.24956207425,1.44602978637,6.23755056738,7.4241093524,1.78857228248,17.2973370703,3.65795030805,20.2947412953,39.0,0.099030807396,6.42621065762e-06,34.0428787061,36.1206227586,16.0989478645,16.5127937403,PF,7800
977,Kobe,Bryant,25.0,3,DEN@LAL,LAL,DEN,,,23.9,25.0,0,4.01911653016,0.10898957247,5.95174935021,5.24963953184,0.862758909861,1.35211275045,1.09274699379,2.55289654478,2.21487166031,5.91483817298,1.44428499309,16.367418689,4.42077307323,17.6947344123,29.0,0.0080902156224,8.52773730575e-07,26.2318317876,28.3533040213,14.5677409486,15.1775098171,SG,7700
201188,Marc,Gasol,24.8,4,MEM@SAC,MEM,SAC,,,14.4,15.0,0,1.95244193261,0.648327426301,0.12149885294,2.41031592252,0.718346302162,1.81279690625,0.253775854571,1.05342803817,2.53114320841,3.34965968136,0.010705003767,7.1758538538,1.96829759218,8.67832195867,18.0,0.000166731852149,5.6530363461e-09,15.3951352313,16.0540090274,8.54110429711,8.16341010073,C,7700
201143,Al,Horford,34.9,4,ATL@MIA,ATL,MIA,,,36.6,39.25,0,2.71984022723,1.58750056901,2.00151511547,1.7338265434,2.43966847532,4.27534585731,0.88588413697,1.85949862319,6.71501433262,7.84116110374,0.545456389721,15.0688516762,1.33027524329,17.5580538405,34.0,0.134829926439,7.20994463537e-05,32.7831021692,34.5237915803,15.1209383759,14.7292146657,C,7500
2744,Al,Jefferson,27.9,3,CHI@CHA,CHA,CHI,,,26.6,26.75,0,1.13295586567,0.930865313745,0.0355907051353,1.32953959645,1.28788200189,2.32195212773,0.625098572829,0.532891653322,3.60983412962,5.16047489993,0.0130825779691,10.7791797639,0.797543893293,11.1315762711,21.0,0.00281949231519,1.1383240638e-09,19.741847145,20.199555209,12.1536198345,11.742979746,C,7400
201565,Derrick,Rose,21.6,4,CHI@CHA,CHI,CHA,,,11.9,13.0,0,4.14606614741,0.145911955207,2.94360350234,2.32214505403,0.330066728454,1.40002839582,0.408776071646,2.47483285868,1.73009512427,4.16517000459,0.700736882986,10.9938251344,1.99959141877,11.0306683109,24.0,0.00701222220505,9.72661357198e-08,17.9604248762,19.6452331283,10.351534741,10.4174377456,PG,7300
202689,Kemba,Walker,32.3,3,CHI@CHA,CHA,CHI,,,24.9,26.5,0,4.09857844201,0.480950005344,3.17777145311,3.65229778887,0.599833794461,1.32139913323,1.05414205778,1.33605396144,1.92123292769,4.39343329798,1.03600948204,11.4001604696,3.13725448715,12.9601305652,26.0,0.00768705217625,2.57086307886e-07,23.1476079062,24.4412326238,10.9107370244,11.1412100407,PG,7300
2548,Dwyane,Wade,34.3,3,ATL@MIA,MIA,ATL,,,24.7,27.25,0,4.17227196795,0.461175559049,1.53361578582,5.36828763604,0.655264472772,1.23090188567,0.969849263587,2.87801072758,1.88616635844,6.77211537614,0.601439842612,14.3649390573,4.50218876532,18.6478593602,27.0,0.0103765519344,2.97366550667e-07,27.15370586,29.003305183,14.8520292989,14.5753624564,SG,7200
201952,Jeff,Teague,28.2,4,ATL@MIA,ATL,MIA,,,45.7,48.5,0,7.22019377504,0.369516853268,3.1430076572,5.3800629105,0.486373235062,2.00673019272,1.37876355955,2.8961222354,2.49310342778,6.70794460723,1.06310886893,14.5042042963,4.77232561539,19.2513236988,34.0,0.187764801062,5.12662994389e-05,33.6737770649,36.059848789,14.1733879306,14.1632059715,PG,7100
203901,Elfrid,Payton,23.6,3,ORL@NO,ORL,NO,,,24.8,27.5,0,6.15132388408,0.238124278582,1.44227983616,1.59139690391,1.42753668544,1.87350374934,1.21458177861,2.34209849817,3.30104043479,3.65221848302,0.390686160272,9.31100002773,0.982631775806,8.67775490212,29.0,0.0467381485922,0.000100262857245,22.4293028662,24.0311552286,9.39555883743,9.24816103462,PG,7000
202699,Tobias,Harris,30.4,3,ORL@NO,ORL,NO,,,27.1,28.75,0,1.84291102323,0.445753492248,2.80205674578,3.30593027338,1.92362052551,2.72819825935,0.563728096619,1.88400631188,4.65181878486,5.51824909127,0.874855665936,12.2851862383,2.5457163334,14.4570701819,29.0,0.018193694274,4.29156324632e-07,22.9385761244,24.5778898814,12.0692321608,12.0376837917,SF,6900
101114,Deron,Williams,27.0,2,TOR@DAL,DAL,TOR,,,21.6,22.75,0,7.68020382154,0.185852340293,4.25118251816,3.23593329542,0.455638860206,1.61473660452,0.876089975977,2.13519496344,2.07037546472,5.35582454646,1.55493483993,13.5856681717,2.79005186492,15.0566357978,36.0,0.216091252416,1.33379159542e-05,29.0500817568,31.3228423241,12.7289296801,13.2233844701,PG,6900
2216,Zach,Randolph,20.0,4,MEM@SAC,MEM,SAC,,,32.2,36.25,0,1.52210139924,0.0970231920946,0.230570237891,3.5546431577,2.68149623632,4.52215748762,0.552458683644,2.11716131565,7.20365372394,5.49248221665,0.044918334654,11.843536902,2.69338342043,13.7232661884,29.0,0.162970144725,7.57818105907e-07,23.8326051918,25.5182851937,13.1334840899,12.7562704795,PF,6800
202718,Chandler,Parsons,12.1,1,TOR@DAL,DAL,TOR,,,10.9,13.0,0,1.2140538353,0.106222566713,2.18683356088,1.35543724997,0.424327539181,0.64907800715,0.455210365996,0.685528091229,1.07340554633,2.40475342811,0.866757364399,5.44873283194,0.836637556958,6.51290177758,14.0,2.36242660259e-07,3.75931897746e-14,10.0594069603,10.8892203198,6.28825588563,6.56884425729,SF,6700
202702,Kenneth,Faried,26.6,3,DEN@LAL,DEN,LAL,,,43.5,47.75,0,1.59450380128,1.384912974,0.0863327856621,6.0465536027,4.92454391914,6.53283407024,0.999434800282,2.66067835852,11.4573779894,7.92199888699,0.0105293079991,14.0731947002,4.1488459831,20.0033730651,40.0,0.694881645114,6.316975446e-06,38.2519995443,41.2028136956,15.9605214206,15.4057561346,PF,6600
201144,Mike,Conley,28.2,4,MEM@SAC,MEM,SAC,,,27.6,28.75,0,5.13761236705,0.0828312222861,2.96808761416,3.13718370317,0.423970369564,1.16711196041,0.949249846786,1.50127639357,1.59108232997,4.08782231644,1.1289488323,9.24317363841,2.84144745195,12.1460409171,25.0,0.02803286583,1.92762418207e-07,22.3246440083,23.7613606147,9.48543240133,9.73826341825,PG,6600
201587,Nicolas,Batum,28.6,3,CHI@CHA,CHA,CHI,,,31.1,32.5,0,3.94918008002,0.455617636603,4.04023400353,2.01468263147,1.09080694555,2.63584176887,0.789135317956,2.12615321718,3.72664871442,3.32262936423,1.428748743,8.45760366851,1.82000293267,9.89401040413,28.0,0.00734511884795,2.21976606648e-05,20.6531116734,22.6279793605,8.90597463627,9.63400970542,SF,6500
1717,Dirk,Nowitzki,32.7,3,TOR@DAL,DAL,TOR,,,31.4,34.25,0,2.3524483902,0.560646204581,4.16182315174,3.66893621713,0.780310301339,4.13250204626,0.882910963006,1.14085283479,4.9128123476,7.92567648791,1.97812196981,15.8280652934,3.36148711477,21.1909620604,35.0,0.0284384712621,4.86673441115e-06,32.3612709632,34.20907129,15.2837546384,15.5559420732,PF,6500
201568,Danilo,Gallinari,26.3,3,DEN@LAL,DEN,LAL,,,39.1,39.5,0,2.00399994911,0.749016477585,5.56863624384,5.72333453416,1.37921654744,2.08395158404,0.990715567688,1.0376120254,3.46316813148,5.48802227849,2.02866138366,14.0145990213,5.18777692786,18.1924828685,35.0,0.00299413827321,1.39710255315e-07,27.7961366151,29.5069233527,13.4113187692,14.2872378165,SF,6500
200765,Rajon,Rondo,31.7,3,MEM@SAC,SAC,MEM,,,18.2,19.5,0,6.73075556288,0.0549245495023,1.53430347074,1.85319093742,0.866144169604,2.35505819553,1.22085143361,2.57090864265,3.22120236513,4.39682247659,0.427951610206,9.96894981192,0.779502277217,10.0010988406,27.0,0.0868771801812,0.000158309842424,23.9433183467,25.7345992911,10.2463676791,10.0284924325,PG,6400
203903,Jordan,Clarkson,22.2,3,DEN@LAL,LAL,DEN,,,38.6,40.75,0,3.87595628936,0.569322423306,3.66006062635,3.62645074168,0.908936360849,1.88831227429,1.10297357566,1.9841865395,2.79724863514,7.45884871379,1.44196880275,15.0756554579,2.84870126018,19.2083674905,37.0,0.00703608525586,4.19633822767e-06,29.7394057451,31.6029125649,14.6319290162,14.7130556819,PG,6400
201588,George,Hill,26.3,3,IND@DET,IND,DET,,,38.2,39.5,0,4.64545316636,0.433251983836,5.74753565537,3.64843612446,0.719012835348,2.07351047439,1.67016126113,2.58459853733,2.79252330974,6.13680207793,2.47485580032,12.8979251927,2.87860050595,17.6270604621,36.0,0.0200639578004,1.27872277976e-05,29.5684961359,32.2679837686,13.1991649392,14.1803640804,PG,6400
101145,Monta,Ellis,19.1,3,IND@DET,IND,DET,,,26.1,28.25,0,4.01653786726,0.4007619089,3.17655802507,3.13865649108,0.463684228507,1.04308904008,1.81248416579,2.87065186844,1.50677326858,6.158282056,0.777211672615,15.2971462828,2.39321674142,15.486992526,33.0,0.00757558302846,1.87436001741e-07,24.8757675302,26.786401901,14.3106147269,14.2752077288,SG,6300
202703,Nikola,Mirotic,28.6,4,CHI@CHA,CHI,CHA,,,12.0,13.75,0,1.05177094345,0.694918197734,5.0588595791,3.67234591107,0.77455189549,2.28987809815,0.785287414453,1.58887525268,3.06442999364,3.62913915678,1.75633445427,9.16115024347,3.04117214406,12.0557849119,24.0,0.000954270086678,1.83275177888e-10,18.6822932911,20.50955105,10.0587692147,11.0583099684,SF,6200
202685,Jonas,Valanciunas,29.5,3,TOR@DAL,TOR,DAL,,,25.6,28.0,0,0.617919944212,1.23652864903,0.00936844671883,5.11543949725,2.97988788016,6.02177391934,0.545315064687,2.24811212367,9.00166179949,6.26015091415,0.000134382740533,10.8249872076,3.95609894004,16.4765351511,34.0,0.388908603399,2.93292015869e-07,29.5209845306,31.6785546587,12.7611662452,12.2013252629,C,6200
201163,Wilson,Chandler,24.6,78,DEN@LAL,DEN,LAL,O,Hip,0.0,0.0,0,0.0,0.0,0.0,0.0,0.0,0.0,0.0,0.0,0.0,0.0,0.0,0.0,0.0,0.0,0.0,,,0.0,,0.647602079227,,SF,6200
201609,Goran,Dragic,22.5,3,ATL@MIA,MIA,ATL,,,32.0,35.75,0,4.73284590794,0.44877101623,2.82475202286,2.82045976605,0.780804831689,1.69499704418,1.11833485548,2.00522563692,2.47580187587,5.29687775966,1.08771721475,10.9218864316,2.43819029123,14.1196630253,32.0,0.0199739261111,5.08504962219e-06,25.3188802448,27.0191179087,11.041574656,11.0836064503,PG,6200
201960,DeMarre,Carroll,25.9,3,TOR@DAL,TOR,DAL,,,12.5,12.75,0,1.88242093224,0.255873519733,4.84798557394,2.82487366879,1.72447750087,2.28724714926,1.23360555504,1.63368305919,4.01172465013,4.75430070897,1.87621198456,11.1244143871,1.71520800296,13.1000214055,34.0,0.00658547087554,1.89787455323e-07,22.0829974743,24.0484100044,11.2746433463,12.0851276892,SF,6100
201950,Jrue,Holiday,22.6,2,ORL@NO,NO,ORL,,,25.4,28.0,0,4.69690346894,0.368801277978,2.66919905141,2.09383185251,0.399995886841,0.877787160581,0.975945585691,2.03699155024,1.27778304742,4.58357674784,0.99464761447,11.0361533708,1.75955999746,11.9213611076,23.0,0.0163312044796,1.78977561687e-08,21.152558145,22.7567637402,10.7822640092,10.8959514369,PG,5900
202083,Wesley,Matthews,15.0,2,TOR@DAL,DAL,TOR,,,14.1,15.75,0,1.86682654745,0.0927309321895,5.8007030491,2.08263328369,0.582052426571,1.04536307695,0.813727870909,0.980055945339,1.62741550352,4.14739566035,2.27581379793,9.71657332956,1.40279555279,11.9734006714,28.0,2.49361469963e-05,1.57069800928e-10,17.5594007577,19.2687438092,11.0364639379,12.3156101783,SG,5800
202694,Marcus,Morris,30.7,3,IND@DET,DET,IND,,,23.4,26.25,0,1.87051871869,0.462557171016,4.72751737143,3.55436383644,1.53188211836,2.93499165507,0.994685860088,1.96188735289,4.46687377343,6.19820153061,1.80591073341,13.5092171002,2.38372008554,16.5860338802,39.0,0.0150806931484,4.04072181398e-07,25.7046591956,27.8345241794,13.1476359508,13.6784255152,SF,5800
201583,Ryan,Anderson,26.1,3,ORL@NO,NO,ORL,,,26.8,28.5,0,0.649884489606,0.40592680527,5.71461442013,2.13730007523,1.54362075222,2.77972988406,0.738268486933,0.925638035443,4.32335063628,5.16578572062,2.08821911188,12.7081535981,1.72026542429,14.1400559774,27.0,0.0111768838973,9.90884466637e-11,21.6656560243,23.4055174559,12.4823362641,13.483629475,PF,5700
201954,Darren,Collison,23.5,3,MEM@SAC,SAC,MEM,,,21.7,23.75,0,4.61003789676,0.157741622648,3.23979132807,3.73007560095,0.452364143532,0.66951194357,1.09953811674,1.81910033984,1.1218760871,5.36154134229,1.22452879586,11.8329100394,2.86329086199,14.8109023424,31.0,0.0174032585658,1.00659105586e-08,23.767669631,25.3716829212,11.7233933592,11.8941147761,PG,5700
2736,Luol,Deng,21.3,3,ATL@MIA,MIA,ATL,,,9.9,10.0,0,1.33185989579,0.31452590704,2.62809155288,2.09880207328,1.18436129234,1.64567934037,0.58199248321,0.941647474144,2.83004063271,3.74009450988,0.931104234684,8.27089276686,1.54833615774,9.95962941218,25.0,0.00042536015177,6.16436876356e-10,16.2048573215,17.2833732496,8.61017046675,8.75726349112,SF,5600
1626144,Emmanuel,Mudiay,22.1,3,DEN@LAL,DEN,LAL,,,27.4,33.5,0,5.86426509824,0.720558665765,4.10304803101,3.1663916576,0.718660704633,3.14027856396,0.992401256968,4.02935784178,3.85893926859,5.24534376109,1.65758039722,13.3073579474,2.13339995826,14.2816678777,31.0,0.0692512037993,0.000409322583128,27.105354651,30.2468755074,12.5396039715,13.0489624927,PG,5400
2585,Zaza,Pachulia,25.5,3,TOR@DAL,DAL,TOR,,,9.4,11.25,0,2.31500276164,0.420800340313,0.0289706056803,3.52333765273,3.66642889579,4.19533473317,0.997715489461,2.17263178256,7.86176362896,3.32636184221,0.0,8.42642307782,2.97507766982,9.62780135423,28.0,,,23.1988217284,,9.56691439694,,C,5400
2594,Kyle,Korver,16.6,3,ATL@MIA,ATL,MIA,,,16.1,18.25,0,2.64692208755,0.358355243445,5.88616144946,1.01958650417,0.135244690746,1.7232465273,0.729796019023,1.59471101198,1.85849121805,4.27507509487,2.44488696589,8.96380217148,0.917086940629,11.9121240963,34.0,0.000325418908881,7.78784039126e-09,18.6942882022,20.8074999038,10.9531779146,12.2833526801,SG,5300
201149,Joakim,Noah,16.9,4,CHI@CHA,CHI,CHA,,,5.0,7.25,0,2.47616122352,0.638920176519,0.0111311693295,1.43935774452,1.51784134186,2.59100096485,0.495312674441,1.41759392428,4.10884230671,1.3939104361,0.0,3.26041869234,0.765789536413,3.55361040861,17.0,,,13.0493347896,,4.54093485437,,C,5300
201579,Roy,Hibbert,24.9,3,DEN@LAL,LAL,DEN,,,12.4,12.5,0,0.869158262741,1.44761506347,0.0789062578175,2.48792549727,1.68395239361,1.75076661359,0.10375045584,1.00812962804,3.4347190072,2.22981526184,0.00066887715881,4.95280137759,2.14592040921,6.60621981006,17.0,0.000772146720161,2.34552979592e-09,14.1262214234,14.8035148535,6.34771420367,6.01661866315,C,5300
1626156,D'Angelo,Russell,14.4,3,DEN@LAL,LAL,DEN,,,17.4,18.5,0,2.16763354965,0.276944097775,3.79837307471,0.836731440806,0.557554615739,1.98883538375,0.494072427258,1.17914075894,2.54638999949,3.07273314326,0.979096372567,8.28783006432,0.5882598391,7.71282249818,20.0,0.000159887292546,1.11838902556e-08,14.3828331132,15.5895110434,8.20814417672,8.69443036826,PG,5200
1626161,Willie,Cauley-Stein,21.5,3,MEM@SAC,SAC,MEM,,,21.9,22.75,0,1.19573870492,1.4116309912,0.507220517023,4.69072228594,3.52463446512,5.0854708878,1.30986991811,1.85716848948,8.61010535291,3.97104714088,0.139693108863,7.64854184957,2.92676494388,11.0085523345,34.0,0.251708536344,1.06435866643e-06,26.7201201445,28.5266222089,9.21420406875,8.81556074977,C,5200
201569,Eric,Gordon,23.2,3,ORL@NO,NO,ORL,,,25.4,29.5,0,3.90387567271,0.159308335188,6.86879727688,3.19002610199,0.752514229919,1.03920166211,0.881295901367,2.1316660659,1.79171589203,5.77262921683,2.73194920288,14.2481664985,2.44184747972,16.7190551163,38.0,0.00637019078091,1.18719953144e-07,24.674470103,27.2054191743,14.1767622389,15.542074927,SG,5200
203944,Julius,Randle,28.7,3,DEN@LAL,LAL,DEN,,,27.0,28.25,0,2.36589995989,0.549365783242,0.374756529471,5.12961106985,0.728216073995,6.8928484126,1.11419817691,2.30338329857,7.6210644866,5.70840048229,0.103211330992,12.3920234672,3.0554895011,14.5755017967,32.0,0.211106391376,3.80427834192e-05,28.2933737421,30.1944979967,13.7115051313,13.3538187748,PF,5100
203115,Will,Barton,22.7,3,DEN@LAL,DEN,LAL,,,20.3,20.5,0,1.35887403004,0.410217785418,2.01701177403,2.26809210576,0.628496363893,1.3133356668,1.07475503119,0.834719531203,1.94183203069,3.48498554949,0.545903697366,8.21092127515,1.84566143785,9.3615362342,21.0,2.09804276095e-05,3.89590430548e-11,15.8652718181,16.6527065047,8.42420427346,8.35191445301,SG,5000
203484,Kentavious,Caldwell-Pope,22.2,3,IND@DET,DET,IND,,,25.5,26.75,0,2.22687346158,0.321675503987,6.0504767992,3.12096438869,0.59083671028,2.42094375505,1.33997814994,1.76801016252,3.01178046533,5.2708783903,1.70321082325,14.4423876804,2.53269182571,14.7776594296,42.0,0.00108612827892,1.1153587652e-07,23.2874033257,25.1752323688,13.2512630774,14.1105690002,SG,4900
101133,Ian,Mahinmi,23.6,3,IND@DET,IND,DET,,,-1.0,-0.5,0,0.152323662181,0.241360817351,0.000387653529998,0.353344765336,0.445416223005,0.602714772975,0.130725857947,0.212539030377,1.04813099598,0.590683232528,3.07280479562e-06,1.04921303427,0.131386409965,1.31275594783,5.0,1.22946038529e-10,1.84986096716e-23,3.33063295649,3.48931055807,2.37634041489,2.07609225764,C,4900
101107,Marvin,Williams,28.0,3,CHI@CHA,CHA,CHI,,,20.5,21.0,0,1.52435722427,0.584867117031,3.50033168366,0.761640693917,1.00744832726,2.96227832547,0.464651956543,0.833763636745,3.96972665272,2.81604161427,1.32521197794,6.56669765214,0.594797757033,7.55209296351,25.0,0.00291260759924,1.3711064527e-08,15.8675752936,17.1499183861,7.57552332713,8.25622679823,PF,4800
2754,Tony,Allen,18.5,4,MEM@SAC,MEM,SAC,,,12.8,13.5,0,1.17326926498,0.366412696741,0.601716848813,1.1001544663,1.49797539105,2.01382842815,1.60742378255,0.948879089302,3.5118038192,2.57274406616,0.149709541947,5.77661464709,0.672289331306,5.96748700556,20.0,0.00072774730986,5.73804148443e-09,14.9403493553,15.6663255001,6.68170027794,6.38756835847,SG,4800
101150,Louis,Williams,20.7,3,DEN@LAL,LAL,DEN,,,41.0,41.25,0,2.75396468427,0.333855576049,6.97984731914,7.29829507561,0.224510930551,1.66195279628,1.43096966394,1.7140728811,1.88646372683,5.58789833229,2.03667520393,14.1818075564,6.42110408298,19.6335759515,33.0,0.000597569694515,1.78850777968e-08,27.843857049,29.814450686,13.9497640438,15.063200579,SG,4800
101139,C.J.,Miles,20.4,3,IND@DET,IND,DET,,,15.1,17.25,0,1.38992560169,0.360105532815,6.96590998042,2.72675060554,0.40309700133,0.727658895604,1.46359032768,1.5784940067,1.13075589693,4.79947504598,2.56856580599,12.2575467655,2.22003321653,14.3875491145,30.0,4.8586417744e-06,7.44309699841e-12,19.8982423076,22.0283172968,12.9834028909,14.4854391099,SF,4800
202391,Jeremy,Lin,20.5,3,CHI@CHA,CHA,CHI,,,28.0,29.75,0,3.2185786307,0.420282061978,2.23707473469,3.08409993316,0.462509733647,0.758585208777,0.657077923691,1.56400964569,1.22109494242,2.70794694305,0.932971589729,6.69661911277,2.66883449872,9.01769997454,19.0,0.000940214860617,6.34648263911e-10,15.9015921772,17.2125478662,7.27274751429,7.54994216462,PG,4800
203145,Kent,Bazemore,21.8,4,ATL@MIA,ATL,MIA,,,20.5,22.75,0,2.32686337881,0.563006117587,3.66299903901,2.44630837588,0.518690616387,2.20032062098,1.43899857033,1.56239743348,2.71901123737,4.27738703163,1.71665715003,9.4258957145,1.71664173816,11.9880729515,32.0,0.000504134912008,6.24613273499e-08,21.1827934469,22.9590276902,9.83203236386,10.4177928719,SG,4700
201155,Rodney,Stuckey,18.3,3,IND@DET,IND,DET,,,30.8,32.0,0,2.83353716799,0.185377407039,1.57649980113,3.29266915265,0.311148919425,1.70060535525,0.876192022406,1.81173824936,2.01175427468,4.85759835455,0.453086658195,10.4021525062,2.75302650427,12.9213098716,26.0,0.000624549735157,2.85612231311e-08,19.8971213627,21.1310584405,10.8530853049,10.5868999075,SG,4700
101141,Ersan,Ilyasova,15.9,3,IND@DET,DET,IND,,,18.8,20.0,0,1.17247100204,0.322932332865,4.84377148285,1.95063771213,2.46768988872,2.04418372725,0.943953227532,1.11410066112,4.51187361597,5.92713354719,1.82505220823,13.3774957479,1.29879676051,14.9781160631,35.0,0.0151277613146,8.07986723582e-09,23.570741365,25.2886031467,12.8687168598,13.4751139682,PF,4700
2749,Jameer,Nelson,18.9,3,DEN@LAL,DEN,LAL,,,19.3,21.0,0,5.15788876338,0.0653717005667,4.5702992016,0.741623353695,0.455939249511,1.41451777725,0.810021765963,2.10610237322,1.87045702676,3.38094861343,1.49447517735,9.47668389536,0.606544301881,8.86291670609,26.0,0.0186936767171,4.9951093032e-07,18.4889828431,20.4108364833,9.46098500762,10.3147799933,PG,4700
201145,Jeff,Green,15.7,4,MEM@SAC,MEM,SAC,,,11.8,13.0,0,1.71560531774,0.256914871383,2.54695500617,2.43468290376,0.482761372613,1.35428663246,0.351139191015,1.1216065809,1.83704800508,3.17199765925,0.901123157232,7.84327573011,1.94521062819,9.19032910393,22.0,1.89442450543e-05,1.56832803578e-10,14.0626962305,15.1659419167,8.07913208066,8.31254741641,SF,4600
201941,Jordan,Hill,15.4,2,IND@DET,IND,DET,,,19.7,20.5,0,0.972814544002,0.474951407632,0.0896301207091,2.11086937616,2.3764801346,2.77699955443,0.498921281826,1.01844104375,5.15347968903,4.0159768824,0.0240191016036,8.89643131311,1.50574958471,9.5617224511,23.0,0.0214592862736,1.86598471367e-09,18.1344242291,18.9455172212,10.1669606102,9.81090407004,C,4500
200826,Jose Juan,Barea,19.7,3,TOR@DAL,DAL,TOR,,,20.4,21.0,0,4.88995197842,0.00965345570874,2.83373316012,1.98695608753,0.504954427844,0.857045540058,0.435192247629,1.6048815859,1.3619999679,3.68376925673,0.866257185959,9.05952958763,1.61369497088,9.84749067029,23.0,0.0163889509362,2.89566322258e-08,18.1016284202,19.4298813178,8.9913330088,9.17002682774,PG,4500
203095,Evan,Fournier,24.6,3,ORL@NO,ORL,NO,,,44.0,47.25,0,3.00421366607,0.0341787494428,6.36995244519,3.62198177719,0.527281286497,2.84932172554,1.36322285586,1.96928320813,3.37660301203,7.3954753562,2.26052099863,16.4371570422,2.54124420721,19.5927159182,43.0,0.00357470570298,2.78629719592e-06,28.9764800343,31.2655827057,15.5565918326,16.4027921856,SG,4500
202397,Ishmael,Smith,23.2,3,ORL@NO,NO,ORL,,,18.1,19.25,0,3.98487022178,0.107280702724,1.18346731782,0.953658965649,0.402056406163,0.756647113448,0.783901073753,1.643803321,1.15870351961,2.52469968766,0.379284544383,6.97917839819,0.48191430556,5.91059822527,17.0,0.00172461518617,7.47016054451e-10,13.4169080134,14.4889740471,7.13329127708,7.06192745242,PG,4500
203471,Dennis,Schroder,22.2,4,ATL@MIA,ATL,MIA,,,8.9,11.0,0,2.75205855149,0.0264405978314,1.49512688893,1.43781252295,0.253961114917,0.827352766265,0.583690640047,1.52851688625,1.08131388118,2.89835199217,0.403815335946,7.03259484069,1.22103033937,7.42154965967,16.0,0.000207571620202,4.71080044773e-11,12.5389597338,13.5595028966,7.39287508432,7.26920541663,PG,4500
201959,Taj,Gibson,14.1,4,CHI@CHA,CHI,CHA,,,10.1,10.75,0,0.593685178131,0.693901410455,0.00281278070666,1.67672094829,1.44778573241,1.7836001485,0.230831169441,0.921036891501,3.23138588091,2.35418296549,4.70106366464e-07,4.50992754836,1.07039300857,5.77875940966,16.0,0.000360403310161,1.68553701191e-12,11.4753785022,12.098007082,6.08205387419,5.6617273686,PF,4400
2734,Devin,Harris,17.7,3,TOR@DAL,DAL,TOR,,,22.7,23.5,0,2.91865344923,0.307131491007,3.88214254106,3.03092126523,0.399839826733,1.32979115389,1.07107525386,1.18086400561,1.72963098063,3.20147252398,1.12554120116,8.14838529664,2.08927273129,9.61775898042,24.0,0.000514983512656,7.13383891755e-09,17.6468458151,18.8873024642,8.56147439762,9.10895495606,SG,4300
1626169,Stanley,Johnson,15.5,3,IND@DET,DET,IND,,,5.6,6.25,0,0.897878723452,0.130449364851,1.2904296584,1.51894375511,0.991186408862,1.74563770219,0.360624271778,0.639993598403,2.73682411105,2.12147836519,0.320153017679,5.42933109605,1.10653910083,5.66964884889,12.0,0.000105783571204,4.40184605799e-12,10.6428095422,11.2598827311,5.92772354224,5.83440418843,SF,4200
2399,Mike,Dunleavy,17.8,63,CHI@CHA,CHI,CHA,O,Back,0.0,0.0,0,0.0,0.0,0.0,0.0,0.0,0.0,0.0,0.0,0.0,0.0,0.0,0.0,0.0,0.0,0.0,,,0.0,,0.594152155376,,SF,4200
203527,Ryan,Kelly,16.9,3,DEN@LAL,LAL,DEN,,,5.4,5.5,0,0.6565218455,0.319787595948,0.98458455653,0.653789869575,0.119251553497,0.719237605671,0.229038623502,0.306996859723,0.838489159168,0.784406435224,0.267656619605,2.31539239001,0.529805906253,2.36627539631,9.0,3.62496390482e-10,7.44292024287e-19,5.14790073473,5.4771519329,3.14006491841,3.24603669005,SF,4200
201600,Omer,Asik,3.2,1,ORL@NO,NO,ORL,GTD,Calf,0.0,0.0,0,0.0,0.0,0.0,0.0,0.0,0.0,0.0,0.0,0.0,0.0,0.0,0.0,0.0,0.0,0.0,,,0.0,,0.803643691601,,C,4200
201229,Anthony,Tolliver,14.4,2,IND@DET,DET,IND,,,0.2,0.75,0,0.494871517519,0.106591715529,2.52293139695,0.612633975238,0.385244512491,0.83773830416,0.270081384103,0.378580894993,1.22298281665,1.27725089932,0.87185750587,3.35374549222,0.34768159651,3.77404090102,13.0,5.84455036997e-08,9.07930936507e-18,6.35869286155,7.04506129048,4.97099951889,5.60546098315,PF,4100
101109,Raymond,Felton,19.8,3,TOR@DAL,DAL,TOR,,,5.4,7.0,0,2.7488720994,0.180502689664,1.86908495863,0.845864343559,0.353106891478,0.520049243425,0.624527276371,1.23302970073,0.873156134902,2.80993298969,0.614845510317,6.68303384032,0.677583559128,6.91229504883,19.0,0.000179662206018,6.03510667715e-12,12.4604207911,13.4282856967,7.04771885066,7.08015012072,PG,4100
203932,Aaron,Gordon,21.5,3,ORL@NO,ORL,NO,,,3.4,4.0,0,0.157792146783,0.149188764897,0.245632939738,0.472450914257,0.28921032078,0.391805339362,0.12948338817,0.226899181098,0.681015660141,0.525044236622,0.0652590637763,1.12854991476,0.339705516287,1.45505305331,4.0,5.58393353896e-12,2.19094398273e-26,2.83940519068,3.01953509614,2.30704926787,2.14321984305,PF,4100
201166,Aaron,Brooks,13.8,4,CHI@CHA,CHI,CHA,,,22.0,24.0,0,2.56412171647,0.170235873638,3.47059233476,1.08247628398,0.361416412284,0.656698611149,0.571233559883,1.1434983686,1.01811502343,3.27582321119,1.28736794353,7.67438956492,0.904023456257,8.74303782216,17.0,0.000163248947573,2.15053502611e-11,14.1503989234,15.4169827042,8.24324206343,8.80138988835,PG,4100
202335,Patrick,Patterson,14.5,3,TOR@DAL,TOR,DAL,,,8.0,8.25,0,0.92008029718,0.229754541355,2.67228181717,0.556959922191,0.736805249317,1.42638231467,0.521259447456,0.567444414467,2.16318756399,2.02663790883,1.08220882745,4.74826785583,0.465061966354,5.60054661146,17.0,1.81802484505e-05,9.5062920319e-13,10.5110756972,11.4440889667,6.00174246076,6.58806940597,PF,4100
2449,Luis,Scola,15.9,3,TOR@DAL,TOR,DAL,,,38.9,41.5,0,1.62283623944,0.339781993111,0.591500456326,2.89478859147,2.83502935472,4.77158219127,1.0346337326,1.89281312797,7.606611546,5.5659932014,0.298202388192,11.5146998357,1.98191231236,13.4121011033,31.0,0.196352976059,1.61292386925e-06,25.8303076412,27.6006802794,12.5845374058,12.2393463237,PF,4100
200757,Thabo,Sefolosha,17.5,3,ATL@MIA,ATL,MIA,GTD,Ankle,0.0,0.0,0,0.0,0.0,0.0,0.0,0.0,0.0,0.0,0.0,0.0,0.0,0.0,0.0,0.0,0.0,0.0,,,0.0,,0.849040527945,,SF,4100
203463,Ben,McLemore,7.4,3,MEM@SAC,SAC,MEM,,,5.4,6.5,0,0.957357847537,0.097520487368,2.57693162254,1.07379119506,0.252586360122,0.596494724166,0.471163132231,0.952377214274,0.849081084288,2.34416233323,0.875370845663,6.01810486898,0.919806855348,6.48350236748,20.0,2.74203930474e-08,5.14045641408e-16,9.12342646485,10.0797545902,6.53041869125,6.91331938462,SG,4000
201956,Omri,Casspi,18.8,3,MEM@SAC,SAC,MEM,,,12.6,14.25,0,1.62942193547,0.106632950977,1.60465557891,2.79666179555,1.13024968729,2.30577970514,0.62712929078,1.56584260792,3.43602939243,3.30721512192,0.685165897918,7.05808373638,1.80500761032,9.10460375206,23.0,0.00152389468721,1.26853263374e-08,15.5736538018,16.8732454044,7.82488003225,7.7737318357,SF,4000
201978,Chase,Budinger,8.2,3,IND@DET,IND,DET,,,1.2,1.25,0,0.598658301734,0.056517060878,1.21352589373,0.477329229135,0.197363705753,0.465082835092,0.298530361115,0.28883632628,0.662446540845,1.14858403445,0.459078475698,2.76965483282,0.39359465654,3.14984120114,10.0,1.45193833463e-10,9.93915868798e-20,5.26402302047,5.67110274871,3.8008746521,3.97852887502,SF,4000
201967,Dante,Cunningham,12.4,3,ORL@NO,NO,ORL,,,15.7,16.0,0,0.639926374657,0.428286629877,0.698973573527,0.606455301315,0.73760490593,1.70415544393,0.593558877359,0.313669380772,2.44176034986,1.86880923962,0.183725202049,4.17443217843,0.351393954104,4.2727376354,21.0,2.02364955258e-05,5.43992953823e-14,9.89276125092,10.2635769146,5.04660550641,4.80707933082,PF,4000
204028,Tarik,Black,1.2,1,DEN@LAL,LAL,DEN,,,15.6,16.5,0,0.560941156472,0.311866356948,0.0342669465873,1.7268279372,2.00749866954,2.54797219423,0.285423678438,0.745816174592,4.55547086376,2.27702519548,0.00847497414552,4.06756602695,0.968133039164,5.53065840428,18.0,0.0031182572466,1.60145822063e-12,12.2873990717,12.8969955751,5.70800593634,5.24525261527,C,4000
202687,Bismack,Biyombo,14.7,3,TOR@DAL,TOR,DAL,,,12.2,13.5,0,0.125537838288,1.04528359904,1.19902530266e-05,1.77222189943,1.91418778014,2.21099470054,0.138378270288,0.597781374268,4.12518248068,1.24075434759,3.30413222609e-06,2.63377831287,1.08096913183,3.56248113114,14.0,0.000374251882356,6.23375993186e-11,10.4705492298,10.976262071,4.10708840666,3.81248716849,C,4000
203087,Jeremy,Lamb,19.4,2,CHI@CHA,CHA,CHI,,,32.3,34.0,0,2.01304556851,0.63572680373,4.68211099785,1.66275482338,0.2792843219,1.33393998984,0.870850741751,1.04723478629,1.61322431174,5.04978296132,1.80402577397,10.8857140705,1.37429976364,13.2778914603,26.0,4.54068907615e-05,3.0228190015e-10,20.1992492918,21.7056088988,11.1107804636,11.8055786612,SG,4000
203994,Jusuf,Nurkic,18.0,62,DEN@LAL,DEN,LAL,O,Knee,0.0,0.0,0,0.0,0.0,0.0,0.0,0.0,0.0,0.0,0.0,0.0,0.0,0.0,0.0,0.0,0.0,0.0,,,0.0,,0.959889227623,,C,4000
2757,Beno,Udrih,14.6,4,MEM@SAC,MEM,SAC,,,9.5,11.0,0,3.70237980877,0.158072177603,1.65909640966,1.17961579617,0.193596503819,0.691680211743,0.686282146545,1.52070426649,0.885276715563,3.32695913364,0.509855750333,7.2321643982,1.04064678905,8.20442080666,21.0,0.00212227106949,8.48145344206e-11,14.9883269603,16.0510542114,7.73032338227,7.58807356063,PG,4000
201168,Tiago,Splitter,14.4,4,ATL@MIA,ATL,MIA,,,17.9,18.25,0,1.35788133669,0.557310554665,0.00430756557035,2.37251247131,1.71429577167,2.27065204088,0.769437924262,1.1263051817,3.98494781255,3.11293505778,6.80350117631e-06,5.870390379,1.86596802994,8.091844949,20.0,0.00337048146321,5.83307732634e-09,16.4377961053,17.2052552282,7.54410147924,7.09193367343,C,4000
203530,Joffrey,Lauvergne,21.9,3,DEN@LAL,DEN,LAL,GTD,Back,0.0,0.0,0,0.0,0.0,0.0,0.0,0.0,0.0,0.0,0.0,0.0,0.0,0.0,0.0,0.0,0.0,0.0,,,0.0,,0.887919704646,,PF,4000
201156,Nick,Young,18.4,3,DEN@LAL,LAL,DEN,,,7.6,8.25,0,0.62881977689,0.169707863459,3.57551437737,2.10265259502,0.177434330379,0.59803023402,0.485742722232,0.593357533701,0.775464564399,2.60272758166,1.39846719952,6.63713338368,1.9187068392,8.52262920203,15.0,5.72962603712e-09,8.22297497569e-18,11.1139599823,12.1486455858,7.63547497187,8.41558916112,SG,3900
201962,Toney,Douglas,25.6,1,ORL@NO,NO,ORL,,,24.2,25.5,0,2.54872881231,0.249841629459,2.43439841821,1.3291887218,0.506778060823,0.677045726456,1.00040602682,1.24598884436,1.18382378728,2.58429870656,0.740727544562,6.17976375551,0.9243438608,6.83366881848,20.0,9.85434782535e-05,6.12180913541e-11,13.3318570499,14.3845542491,6.70588119156,6.91262713282,PG,3900
203501,Tim,Hardaway Jr.,16.7,70,ATL@MIA,ATL,MIA,,,0.0,0.0,0,0.0,0.0,0.0,0.0,0.0,0.0,0.0,0.0,0.0,0.0,0.0,0.0,0.0,0.0,0.0,,,0.0,,0.561033765165,,SG,3900
203914,Gary,Harris,14.0,3,DEN@LAL,DEN,LAL,,,21.6,22.25,0,1.26738661925,0.228628910718,2.70575443172,1.2556773524,0.582030289593,1.43178911739,1.18028280309,1.160013519,2.01381940698,2.28437480169,0.66055026971,6.46864367974,0.857922459774,6.08722233286,22.0,1.19660223524e-05,1.67762478529e-11,12.0626954587,13.0736862725,6.56240853495,6.83895825087,SG,3900
203469,Cody,Zeller,16.1,3,CHI@CHA,CHA,CHI,GTD,Illness,14.5,15.25,0,0.770336441328,0.406664536273,0.135580729555,1.63696943851,1.27693584411,1.66096992242,0.50086775047,0.650575555681,2.93790576653,1.79883052982,0.00780190049073,3.95008154018,1.29802436551,4.90348732565,16.0,0.000109164884491,1.12282743976e-12,10.7489679253,11.225215689,5.24230253248,4.91312498615,PF,3900
201148,Brandan,Wright,13.8,4,MEM@SAC,MEM,SAC,,,28.7,29.5,0,0.929999347512,2.08847565952,0.0336029920744,3.00511254028,2.11136724608,3.17177338912,0.604163028427,0.858740772336,5.28314063521,4.65157093364,3.1803346696e-06,7.23377181415,1.83651410023,11.1396591478,28.0,0.0304332028449,2.01451702488e-06,23.4009635349,24.1401483908,9.09895666698,8.4164852653,C,3900
202347,Quincy,Pondexter,12.6,75,ORL@NO,NO,ORL,O,Knee,0.0,0.0,0,0.0,0.0,0.0,0.0,0.0,0.0,0.0,0.0,0.0,0.0,0.0,0.0,0.0,0.0,0.0,,,0.0,,0.580124192446,,SF,3900
201584,Courtney,Lee,16.4,4,MEM@SAC,MEM,SAC,,,21.5,22.75,0,1.52145244347,0.190642584572,3.32360797542,2.37627385947,0.548453737755,1.04790301115,1.21141010933,0.934500453481,1.59635674891,3.78315159449,0.809688485238,9.40434064765,2.15514379246,10.5311354667,31.0,7.89777296473e-06,2.55940461579e-11,16.5985471649,17.5504713184,9.12695409482,9.31213076755,SG,3900
2405,Amar'e,Stoudemire,5.6,1,ATL@MIA,MIA,ATL,O,Knee,0.0,0.0,0,0.0,0.0,0.0,0.0,0.0,0.0,0.0,0.0,0.0,0.0,0.0,0.0,0.0,0.0,0.0,,,0.0,,0.764982710592,,PF,3900
201585,Kosta,Koufos,20.8,3,MEM@SAC,SAC,MEM,,,19.2,20.0,0,0.740890529321,1.16452515602,0.000114209958514,1.23461835956,2.78305794978,3.1715317916,0.550399194598,1.21948493848,5.95458974137,3.8217656298,3.29109693536e-06,7.18760528311,0.7691066337,8.4126411844,26.0,0.0363555048042,1.62903240446e-08,18.8798484308,19.8418553387,8.75782015263,8.28508513535,C,3800
203098,John,Jenkins,13.4,2,TOR@DAL,DAL,TOR,,,0.0,0.0,0,0.0,0.0,0.0,0.0,0.0,0.0,0.0,0.0,0.0,0.0,0.0,0.0,0.0,0.0,0.0,,,0.0,,0.573184430197,,SG,3800
203082,Terrence,Ross,17.4,3,TOR@DAL,TOR,DAL,,,9.2,9.75,0,1.13619065312,0.189628279161,4.61721824863,0.934202219802,0.345966133771,1.03274457892,0.700299532901,0.922875698095,1.37871071269,3.80764408504,1.68925621558,8.91902493638,0.841271738136,10.1458161238,23.0,1.38945625688e-06,4.21171046077e-13,14.3615348847,15.7365384614,9.600906967,10.4664595547,SG,3800
204020,Tyler,Johnson,14.6,2,ATL@MIA,MIA,ATL,,,13.9,14.5,0,1.58519288315,0.358213983544,1.63941201412,1.62067068792,0.822976152219,1.13340526953,1.11092460021,0.959659493156,1.95638142174,2.74085117319,0.581971059952,5.99257573041,1.02367498045,7.08734838678,21.0,1.49531497865e-05,8.80400287097e-11,13.791413092,14.6600698696,6.70131467657,6.67035247165,PG,3800
1626159,Justise,Winslow,14.1,3,ATL@MIA,MIA,ATL,,,5.8,7.5,0,1.33311560574,0.157769338479,1.90137234744,0.61223677982,0.795803638969,3.34567300398,0.640326813308,1.33761350856,4.14147664295,2.3224278571,0.613796256364,5.49359706135,0.451062609017,5.70971457959,23.0,0.00209832732241,3.07422766453e-09,12.9377387548,14.1236649696,6.05856352255,6.16456514142,SF,3800
203488,Mike,Muscala,0.2,1,ATL@MIA,ATL,MIA,GTD,Ankle,0.0,0.0,0,0.0,0.0,0.0,0.0,0.0,0.0,0.0,0.0,0.0,0.0,0.0,0.0,0.0,0.0,0.0,,,0.0,,0.837661616108,,PF,3800
202709,Cory,Joseph,12.5,3,TOR@DAL,TOR,DAL,,,7.0,8.0,0,2.58892994209,0.160413942595,0.660987665814,1.7830199573,0.409501958275,0.804097694886,0.746199139794,1.09070276468,1.21359965316,2.44069406992,0.229108716301,5.12262588382,1.36792750519,6.47842436133,20.0,9.52242259515e-05,6.1268247093e-11,12.5406622584,13.261390818,6.21601569162,5.94026466005,PG,3800
201596,Mario,Chalmers,14.2,3,ATL@MIA,MIA,ATL,,,10.7,11.25,0,3.08309701235,0.0658958175607,2.40323001572,2.57105676562,0.252027188724,0.62457567574,1.33090478289,1.64950768882,0.876602864464,2.24503586865,0.56318434432,6.11314451698,2.10601473436,7.15927081598,22.0,0.000443727589589,6.54088659075e-10,13.979933284,15.1307750371,6.45004409122,6.61068751581,PG,3800
1626171,Bobby,Portis,0.0,0,CHI@CHA,CHI,CHA,,,11.4,12.0,0,0.623122469362,0.170253254887,0.598842831066,0.733700228473,0.574135808643,1.26853374792,0.301576031441,0.594892159477,1.84266955656,1.98944366186,0.164926721188,4.23916234661,0.540550241671,4.68436428659,10.0,2.6468289531e-06,3.66152368065e-15,8.17901787168,8.65106476009,5.2568842734,4.97228528137,PF,3800
101138,Brandon,Bass,12.8,3,DEN@LAL,LAL,DEN,GTD,Eye,9.4,11.25,0,0.920468611948,0.228956634776,0.200462032628,2.1433778622,1.72637672372,1.80604981245,0.349346575839,1.03565852953,3.53242653617,2.83860109152,0.0564926019344,5.97410060195,1.77074419697,7.50443898195,19.0,0.00128209915539,6.70181573912e-11,13.245001635,13.9696216764,7.30390757078,6.94114419758,PF,3800
201160,Jason,Smith,10.6,2,ORL@NO,ORL,NO,,,8.6,9.25,0,1.06311370161,0.50125922395,0.442734512089,1.4303202457,0.815869362876,1.13529638722,0.311972627305,0.824980074291,1.9511657501,2.40500266725,0.180560086253,5.75827562957,1.15870925862,6.14927467938,16.0,8.77227288011e-06,1.69575213705e-12,10.8868277601,11.4871692863,6.65053925843,6.42052170327,PF,3800
201158,Marco,Belinelli,17.4,3,MEM@SAC,SAC,MEM,,,15.5,17.0,0,2.25058821444,0.0350754713517,4.31706896504,2.35701523632,0.27028384548,0.816639261479,0.618162435015,0.949152017069,1.08692310696,3.13442460343,1.5825170747,8.45878186482,1.91962785839,9.77099413994,25.0,6.93368173531e-05,1.64968019782e-11,14.8085079856,16.1287926921,8.99816739041,9.89067680317,SG,3800
201580,JaVale,McGee,9.1,23,TOR@DAL,DAL,TOR,O,Leg,0.0,0.0,0,0.0,0.0,0.0,0.0,0.0,0.0,0.0,0.0,0.0,0.0,0.0,0.0,0.0,0.0,0.0,,,0.0,,0.88414802411,,C,3700
203473,Dewayne,Dedmon,14.7,2,ORL@NO,ORL,NO,,,12.8,13.0,0,0.11462035445,0.840630265305,0.0160620790358,0.752119501686,1.6196702513,1.85005146099,0.246799385593,0.624936487862,3.46972171229,1.36212067271,0.00341324623897,2.62967171812,0.422661775069,3.15031636673,12.0,8.35614607901e-05,1.89450888292e-12,9.03583576709,9.52362206195,4.06519171754,3.70246184183,C,3700
203382,Aron,Baynes,11.1,3,IND@DET,DET,IND,,,0.0,0.0,0,0.176702157871,0.105859742075,0.0154809612394,0.464221897739,0.489792822969,0.565148294376,0.0583719397356,0.256321403933,1.05494111735,0.753758558904,0.0038524644541,1.46755531253,0.363325942543,1.8746955248,5.0,6.04807881145e-10,4.2394787694e-24,3.47782006211,3.66065405308,2.76695372218,2.47122993987,C,3700
203503,Tony,Snell,13.0,4,CHI@CHA,CHI,CHA,,,9.4,10.0,0,1.15994446925,0.220291323502,3.08802323363,0.781212836564,0.423202890799,1.44863161577,0.539124805906,0.716780676789,1.87183450657,2.47270461329,1.15984440231,6.11563217687,0.658582353475,6.76383598237,25.0,8.3104226025e-06,3.48278106599e-12,11.5520056761,12.5839224067,6.94271870311,7.54649618155,SG,3700
1626163,Frank,Kaminsky,4.8,3,CHI@CHA,CHA,CHI,,,16.1,17.25,0,1.7930222991,0.221229930591,2.47642981301,0.890542205573,0.676592840067,2.73265683073,0.623307033126,0.851758913738,3.4092496708,2.90237364438,1.07468877499,6.63020309674,0.656102841132,7.53553890489,21.0,0.00103917512174,1.93707206154e-08,15.1534869722,16.2887321209,7.22497624569,7.57390056005,PF,3700
203939,Dwight,Powell,20.3,3,TOR@DAL,DAL,TOR,,,30.5,32.5,0,1.35123312713,0.626670250735,0.847002007516,3.60265224114,1.75298583015,4.13606679093,0.840790549154,1.18874087102,5.88905262108,3.91555693406,0.232010397806,8.61079083312,2.46969102028,10.5328152862,26.0,0.05010690257,8.37837919085e-08,21.3727088509,22.4526977216,9.54979013564,9.2480339123,PF,3700
203926,Doug,McDermott,10.5,4,CHI@CHA,CHI,CHA,,,28.3,31.0,0,1.20877769308,0.111211319083,4.72843768026,1.04728187681,0.67394235544,1.38022957584,0.535407014033,1.77871134922,2.05417193128,4.72744468253,2.08377687523,10.7302838122,0.730882033936,12.2695482742,30.0,4.31938048766e-05,2.6292080439e-11,16.0622464484,18.096263948,10.9723755985,11.8482826501,SF,3700
2581,Steve,Blake,11.8,3,IND@DET,DET,IND,,,0.5,2.0,0,1.51048113291,0.0534957006506,1.01084588805,0.152492699835,0.0924682159771,0.262029383826,0.15618892982,0.518974103,0.354497599804,0.489895447906,0.286090486579,1.5925302899,0.108831546919,1.37471292931,7.0,1.97186108942e-08,1.23486475997e-19,3.96622690639,4.38648411074,2.59148755428,2.82567613827,PG,3700
201177,Josh,McRoberts,4.0,3,ATL@MIA,MIA,ATL,,,3.9,4.0,0,1.16963220371,0.113601933191,0.815597111712,0.352545215858,0.27949140893,0.53669517384,0.295235113667,0.624989342209,0.816186582771,0.867463911738,0.275015481988,1.8412258623,0.229914787886,2.23985809335,10.0,6.70786215319e-09,1.11552403847e-16,5.16641504975,5.65722680105,3.07298463348,3.06829489606,PF,3600
200751,Randy,Foye,5.8,3,DEN@LAL,DEN,LAL,,,8.5,9.0,0,1.59246081917,0.198738993706,3.9411243347,0.640357922688,0.107879443403,0.386117526479,0.506653809401,0.871783143881,0.493996969883,1.98818500238,1.15722835846,5.85292296671,0.527212267086,5.66081063031,16.0,1.46211202729e-06,5.06341234422e-16,9.18130068525,10.2205084781,6.9897518823,7.84895314188,SG,3600
101123,Gerald,Green,10.6,3,ATL@MIA,MIA,ATL,,,0.0,0.0,0,0.0,0.0,0.0,0.0,0.0,0.0,0.0,0.0,0.0,0.0,0.0,0.0,0.0,0.0,0.0,,,0.0,,0.587259530617,,SG,3600
201975,Jodie,Meeks,1.7,2,IND@DET,DET,IND,O,Foot,0.0,0.0,0,0.0,0.0,0.0,0.0,0.0,0.0,0.0,0.0,0.0,0.0,0.0,0.0,0.0,0.0,0.0,,,0.0,,0.592046369819,,SG,3600
201581,J.J.,Hickson,4.2,1,DEN@LAL,DEN,LAL,,,32.4,32.75,0,1.14139886066,0.790828878383,0.0360645370964,3.70583368078,2.40938282018,3.17751966013,0.671738566344,1.45397147805,5.58690248031,4.37767771592,0.0,8.1541411757,2.00833153478,10.7636869666,25.0,,,20.6512316454,,9.92897759323,,PF,3600
201228,C.J.,Watson,9.7,3,ORL@NO,ORL,NO,,,9.4,10.0,0,2.59416339701,0.0880891522179,2.27291776728,1.96349340294,0.262947618756,0.754599312493,0.730778105397,1.10431393094,1.01754693125,2.15965426745,0.838404874248,5.3429410925,1.52524794528,6.68296135443,20.0,0.000106763985961,1.4587943257e-11,12.3286833517,13.3510802469,6.16031801399,6.50182035076,PG,3600
203112,Quincy,Acy,13.2,68,MEM@SAC,SAC,MEM,,,0.0,0.0,0,0.0,0.0,0.0,0.0,0.0,0.0,0.0,0.0,0.0,0.0,0.0,0.0,0.0,0.0,0.0,,,0.0,,0.712722734361,,PF,3600
101112,Channing,Frye,4.9,1,ORL@NO,ORL,NO,,,0.0,0.0,0,0.0,0.0,0.0,0.0,0.0,0.0,0.0,0.0,0.0,0.0,0.0,0.0,0.0,0.0,0.0,,,0.0,,0.628920521621,,PF,3600
203893,Russ,Smith,5.8,2,MEM@SAC,MEM,SAC,,,2.0,2.0,0,0.292214034173,0.0237677504918,0.484219631885,0.544426200158,0.0958566019264,0.219288351099,0.111394896094,0.311160824894,0.315144953026,0.470109379769,0.115189258207,1.26461974507,0.432601983608,1.48801000135,3.0,6.64610694704e-15,4.30971772489e-27,2.26366946452,2.49260175372,2.28560913354,2.24186182866,PG,3500
203963,Shayne,Whittington,-2.0,1,IND@DET,IND,DET,,,0.0,0.0,0,0.0,0.0,0.0,0.0,0.0,0.0,0.0,0.0,0.0,0.0,0.0,0.0,0.0,0.0,0.0,,,0.0,,0.827925034471,,C,3500
1626209,Mario,Hezonja,5.9,3,ORL@NO,ORL,NO,,,3.9,6.0,0,0.92532720703,0.140633182711,2.07682398093,0.559520195144,0.423068014795,1.58810796463,0.424282733838,1.31349685762,2.01117597943,1.99150243466,0.866059672314,4.63461397902,0.412223909667,5.2612884513,15.0,8.5393189853e-06,4.68172033084e-13,8.87902541264,10.0693752856,5.58619604636,5.94963647499,SF,3500
203461,Anthony,Bennett,3.5,2,TOR@DAL,TOR,DAL,,,0.0,0.0,0,0.0,0.0,0.0,0.0,0.0,0.0,0.0,0.0,0.0,0.0,0.0,0.0,0.0,0.0,0.0,,,0.0,,0.76416792546,,PF,3500
201202,Joel,Anthony,6.5,49,IND@DET,DET,IND,,,0.0,0.0,0,0.0,0.0,0.0,0.0,0.0,0.0,0.0,0.0,0.0,0.0,0.0,0.0,0.0,0.0,0.0,,,0.0,,0.883784498561,,C,3500
1626181,Norman,Powell,0.0,1,TOR@DAL,TOR,DAL,,,3.2,3.25,0,0.216657541784,0.0557146723719,0.347680003159,0.244205521992,0.121695948573,0.417423197629,0.0927213437868,0.161886058506,0.539119146202,0.470744554668,0.0859889544986,1.15078852405,0.179917286117,1.20739534995,3.0,4.23925702043e-13,2.18692202639e-26,2.31431061188,2.46520407569,2.18202902439,2.08759937324,SG,3500
2406,Caron,Butler,8.2,2,MEM@SAC,SAC,MEM,,,4.6,5.25,0,0.402876422058,0.026892042779,1.27996816782,0.318048175752,0.206367653181,0.255767048418,0.270190486242,0.304708412462,0.462134701599,1.1950677984,0.430785746583,2.7376673076,0.284260076197,3.10518141958,10.0,4.19186144823e-12,7.27740253675e-23,4.55351434016,4.94436815477,3.81439946248,3.93935677624,SF,3500
2034,Mike,Miller,1.0,3,DEN@LAL,DEN,LAL,,,11.4,13.0,0,0.528588812345,0.0374869291441,1.20147181784,0.0756343171758,0.0579618905694,0.212890083773,0.138131962993,0.290925555551,0.270851974342,0.593256862376,0.470117416835,1.49675368305,0.0595582319401,1.71618937353,8.0,3.84934618949e-12,1.76204816261e-24,2.89440718998,3.2884712749,2.91381614222,3.30258899703,SF,3500
1626257,Salah,Mejri,4.4,2,TOR@DAL,DAL,TOR,,,0.0,0.0,0,0.0623122469362,0.0336769388194,0.0598842831066,0.0733700228473,0.0574135808643,0.162177787486,0.0350076932372,0.0519196831085,0.219591368351,0.113656112034,0.0164926721188,0.266063739978,0.0540550241671,0.297859920354,1.0,2.70859415474e-19,6.25825870348e-38,0.740287513783,0.785473259814,1.26776385368,1.21159264061,C,3500
203200,Justin,Holiday,2.0,1,ATL@MIA,ATL,MIA,,,11.9,13.0,0,0.962924545266,0.256544249326,2.13350067754,0.77243767199,0.187463929386,0.364653030613,0.627688781281,0.61787117843,0.55211696,1.77803867605,0.610456537137,4.5899440875,0.616023880379,4.78255776962,13.0,1.07400877984e-08,2.02234871052e-17,8.0400798223,8.68184954419,5.29445771805,5.54857138581,SG,3500
1626199,Darrun,Hilliard,0.0,0,IND@DET,DET,IND,,,0.0,0.0,0,0.0,0.0,0.0,0.0,0.0,0.0,0.0,0.0,0.0,0.0,0.0,0.0,0.0,0.0,0.0,,,0.0,,0.845620626624,,SG,3500
201582,Alexis,Ajinca,10.2,3,ORL@NO,NO,ORL,,,13.3,14.0,0,0.991122923421,1.07493020009,0.0404297758043,1.94758295094,2.34798420208,2.25680322442,0.478337406264,1.29243216558,4.6047874265,3.55148364931,0.0125252860732,6.88070040896,1.64144162549,8.75693421019,20.0,0.00967483198469,3.07039949046e-09,17.5834665542,18.4806969086,8.44337778174,8.00062173832,C,3500
203118,Mike,Scott,6.2,4,ATL@MIA,ATL,MIA,,,10.6,11.25,0,0.927132134547,0.0276856836789,1.80770416016,0.779201885448,0.491122498835,0.81770246639,0.204928713343,0.347213079639,1.30882496523,1.85876014462,0.577230741006,4.59582187108,0.638026844822,4.93277787508,12.0,1.8523751626e-07,9.89953374778e-15,8.01208174957,8.53974518601,5.28754979697,5.45692628527,SF,3500
203475,Erick,Green,0.9,3,DEN@LAL,DEN,LAL,,,0.0,0.0,0,0.0,0.0,0.0,0.0,0.0,0.0,0.0,0.0,0.0,0.0,0.0,0.0,0.0,0.0,0.0,,,0.0,,0.673447419146,,SG,3500
1626167,Myles,Turner,16.3,2,IND@DET,IND,DET,,,18.8,19.0,0,0.413203133591,0.851796629236,0.341390368684,1.19752187043,0.597415408657,2.36540113969,0.548291905056,0.830311126728,2.96281654835,2.34248015987,0.0940219891284,4.77601708631,0.811612592727,5.59059490159,15.0,0.000179455937552,4.67463790636e-12,11.7356454018,12.3462219711,6.01426732963,5.65469497673,PF,3500
203516,James,Ennis,1.5,1,ATL@MIA,MIA,ATL,,,0.0,0.0,0,0.0,0.0,0.0,0.0,0.0,0.0,0.0,0.0,0.0,0.0,0.0,0.0,0.0,0.0,0.0,,,0.0,,0.682473810295,,SF,3500
1626148,Anthony,Brown,5.0,1,DEN@LAL,LAL,DEN,,,0.0,0.0,0,0.0,0.0,0.0,0.0,0.0,0.0,0.0,0.0,0.0,0.0,0.0,0.0,0.0,0.0,0.0,,,0.0,,0.811065531577,,SF,3500
203946,Cameron,Bairstow,1.3,18,CHI@CHA,CHI,CHA,,,3.2,3.25,0,0.199364957255,0.0994202077747,0.178852078871,0.464239315822,0.423538873047,0.666788452498,0.183859208877,0.304748061354,1.09032732554,0.61937615282,0.0442340748168,1.48893381666,0.350637680252,1.63362406071,6.0,5.91236875756e-10,1.95842776347e-23,3.50287505919,3.73188249444,2.53368891764,2.35730406899,PF,3500
1626251,Duje,Dukan,0.0,0,MEM@SAC,SAC,MEM,,,0.0,0.0,0,0.0,0.0,0.0,0.0,0.0,0.0,0.0,0.0,0.0,0.0,0.0,0.0,0.0,0.0,0.0,,,0.0,,0.845620626624,,PF,3500
203950,Jarnell,Stokes,6.1,19,MEM@SAC,MEM,SAC,,,0.0,0.0,0,0.0,0.0,0.0,0.0,0.0,0.0,0.0,0.0,0.0,0.0,0.0,0.0,0.0,0.0,0.0,,,0.0,,0.875089035305,,PF,3500
1626176,Rakeem,Christmas,0.0,0,IND@DET,IND,DET,,,0.0,0.0,0,0.0,0.0,0.0,0.0,0.0,0.0,0.0,0.0,0.0,0.0,0.0,0.0,0.0,0.0,0.0,,,0.0,,0.845620626624,,PF,3500
201949,James,Johnson,0.6,3,TOR@DAL,TOR,DAL,,,0.0,0.0,0,0.0,0.0,0.0,0.0,0.0,0.0,0.0,0.0,0.0,0.0,0.0,0.0,0.0,0.0,0.0,,,0.0,,0.837720717088,,SF,3500
1626196,Josh,Richardson,0.0,0,ATL@MIA,MIA,ATL,,,0.0,0.0,0,0.0,0.0,0.0,0.0,0.0,0.0,0.0,0.0,0.0,0.0,0.0,0.0,0.0,0.0,0.0,,,0.0,,0.845620626624,,SG,3500
2570,Kendrick,Perkins,9.5,3,ORL@NO,NO,ORL,O,Pectoral,0.0,0.0,0,0.0,0.0,0.0,0.0,0.0,0.0,0.0,0.0,0.0,0.0,0.0,0.0,0.0,0.0,0.0,,,0.0,,0.785342715413,,C,3500
203584,Troy,Daniels,5.2,47,CHI@CHA,CHA,CHI,GTD,Hamstring,3.2,4.25,0,0.340806180139,0.0225160203889,1.77465515056,0.189419508857,0.110793746092,0.188559325667,0.107008874888,0.319210901515,0.299353071759,0.991959958435,0.678596232392,2.49995720643,0.150308975374,2.81282512464,6.0,2.28273483333e-13,2.15765187826e-25,3.62309696999,4.13696819054,3.9507134277,4.43345514612,SG,3500
203906,Roy Devyn,Marble,7.0,16,ORL@NO,ORL,NO,,,0.0,0.0,0,0.0,0.0,0.0,0.0,0.0,0.0,0.0,0.0,0.0,0.0,0.0,0.0,0.0,0.0,0.0,,,0.0,,0.728847424875,,SG,3500
202379,Jeremy,Evans,8.0,3,TOR@DAL,DAL,TOR,,,0.0,0.0,0,0.0,0.0,0.0,0.0,0.0,0.0,0.0,0.0,0.0,0.0,0.0,0.0,0.0,0.0,0.0,,,0.0,,0.836300714067,,PF,3500
203915,Spencer,Dinwiddie,11.0,34,IND@DET,DET,IND,,,1.2,2.25,0,1.47067196162,0.0928495395814,0.938195466866,0.589893019771,0.0774463270454,0.176141088504,0.26130457389,0.534945305335,0.25358741555,0.851695616556,0.183368217291,2.50945614506,0.451018554938,2.33777800534,7.0,4.43129746423e-08,2.49617329328e-20,5.02145376804,5.3932899666,3.23072040809,3.20833011414,PG,3500
203135,Robert,Sacre,3.4,1,DEN@LAL,LAL,DEN,,,0.0,0.0,0,0.0,0.0,0.0,0.0,0.0,0.0,0.0,0.0,0.0,0.0,0.0,0.0,0.0,0.0,0.0,,,0.0,,0.791501831316,,C,3500
2550,Kirk,Hinrich,1.5,1,CHI@CHA,CHI,CHA,O,Toe,0.0,0.0,0,0.0,0.0,0.0,0.0,0.0,0.0,0.0,0.0,0.0,0.0,0.0,0.0,0.0,0.0,0.0,,,0.0,,0.67264711861,,SG,3500
202734,E'Twaun,Moore,8.6,4,CHI@CHA,CHI,CHA,,,8.5,9.0,0,1.06013473287,0.193314658845,1.35431284129,0.487842106809,0.273674458208,0.510896426018,0.531674202462,0.662117554095,0.784570884225,1.96769489317,0.404413154284,4.57908377023,0.314751979687,4.65455492031,16.0,2.44440384629e-08,2.82061621757e-16,7.9741022492,8.54659618427,5.25191557589,5.2047168085,PG,3500
202730,Lavoy,Allen,5.2,3,IND@DET,IND,DET,,,16.2,17.5,0,1.46641370241,0.803412673731,0.0240461748617,0.900551186997,2.31379317296,2.68467937906,0.33691108158,1.16838239364,4.99847255202,2.49261898785,0.00371629698512,5.73608783739,0.591195737946,5.58015001064,22.0,0.00548411071111,1.8545568162e-08,14.8902027437,15.7344019383,6.92298170861,6.60320550971,PF,3500
203961,Eric,Moreland,5.2,1,MEM@SAC,SAC,MEM,,,1.2,1.25,0,0.249248987745,0.134707755277,0.239537132426,0.451350090418,0.145114301069,0.578062324557,0.120630412576,0.207678732434,0.723176625626,0.56977687748,0.0659706884751,1.27472495282,0.285194876577,1.49071932001,4.0,1.14288647406e-11,2.33137400344e-24,3.03540235565,3.20838589741,2.40915421429,2.24901717698,PF,3500
101111,Charlie,Villanueva,11.0,3,TOR@DAL,DAL,TOR,,,6.4,6.5,0,0.144975780469,0.14614378664,1.51016416652,0.255937116593,0.188549985719,0.334857087662,0.0931254576189,0.160644776713,0.523407073381,1.0166591587,0.491111493788,2.53337835593,0.144844075438,2.66927388662,5.0,7.80917809454e-12,1.62090955781e-26,3.83271975718,4.18476824611,3.70847630053,3.98552655899,PF,3500
202341,James,Anderson,1.5,2,MEM@SAC,SAC,MEM,,,6.2,6.25,0,0.251275384294,0.0450492628101,0.612170686109,0.272534106741,0.0998946105722,0.122998465256,0.164911651675,0.221799601734,0.222893075828,0.521236180706,0.208896387586,1.23177426729,0.20238257864,1.45375132764,4.0,1.05481206634e-15,5.78855907883e-29,2.29625832231,2.52275097076,2.36745946483,2.42755171835,SG,3500
2365,Chris,Andersen,14.6,60,ATL@MIA,MIA,ATL,,,5.8,7.0,0,0.330698542378,0.530107215195,0.104285045335,1.09261490037,0.72140148778,0.830847744988,0.218065976283,0.44692165711,1.55224923277,1.08150258209,0.031744284949,1.80268257154,0.71576465832,2.91051410745,10.0,1.08277104084e-07,3.26755262896e-17,6.31868572618,6.63563132127,3.3840622641,2.99209901111,C,3500
202714,Shelvin,Mack,11.7,55,ATL@MIA,ATL,MIA,,,0.0,0.0,0,0.0,0.0,0.0,0.0,0.0,0.0,0.0,0.0,0.0,0.0,0.0,0.0,0.0,0.0,0.0,,,0.0,,0.810180276098,,PG,3500
202708,Norris,Cole,15.9,75,ORL@NO,NO,ORL,O,Ankle,0.0,0.0,0,0.0,0.0,0.0,0.0,0.0,0.0,0.0,0.0,0.0,0.0,0.0,0.0,0.0,0.0,0.0,,,0.0,,0.737434341042,,PG,3500
203934,Lamar,Patterson,8.9,4,ATL@MIA,ATL,MIA,,,0.0,0.0,0,0.680754462502,0.0750043641127,0.796759448978,0.779977760835,0.308697178508,0.695501682534,0.257634330626,0.435497233209,1.00419886104,0.701762383039,0.238137830512,1.79314100985,0.55647553817,2.19813813476,8.0,1.32066763845e-09,4.08465620458e-18,4.65408861803,5.04111609493,2.88439472243,2.93898971591,SG,3500
201946,Tyler,Hansbrough,9.3,74,CHI@CHA,CHA,CHI,,,8.6,9.25,0,0.132476122644,0.0995098686302,0.0401767065223,1.09763058426,0.810313337226,0.694891072844,0.190380033565,0.194742106111,1.50520441007,0.603903551425,0.00546033933288,1.26083859157,0.810817996605,2.02408543879,7.0,1.42403510609e-08,2.12605962399e-22,4.41408261312,4.5894440777,2.58780067331,2.3552019746,PF,3500
202337,Luke,Babbitt,11.7,1,ORL@NO,NO,ORL,,,21.1,22.5,0,0.960494789038,0.308185342735,4.41557941817,0.539451711864,0.394368846739,1.9880974881,0.534734084615,0.792608438222,2.38246633484,3.00850509448,1.78093714707,6.96516747225,0.381823509755,8.17977084577,28.0,8.23960044325e-05,6.38217710232e-12,13.3727030476,14.778722751,8.53311204644,9.56434379009,SF,3500
203552,Seth,Curry,4.7,1,MEM@SAC,SAC,MEM,,,5.5,5.5,0,0.290430996779,0.0392974034556,0.239528098188,0.162417983148,0.078841895539,0.288758199958,0.109972566588,0.137081479616,0.367600095497,0.447200405847,0.0759252307468,1.03421857663,0.119660696065,1.08998673851,3.0,8.49725633265e-15,6.97266458088e-27,2.12821180874,2.2530951687,2.08964982401,1.98511267673,SG,3500
1626245,Cristiano,Felicio,0.0,0,CHI@CHA,CHI,CHA,,,0.0,0.0,0,0.0,0.0,0.0,0.0,0.0,0.0,0.0,0.0,0.0,0.0,0.0,0.0,0.0,0.0,0.0,,,0.0,,0.845620626624,,C,3500
2617,Udonis,Haslem,13.3,1,ATL@MIA,MIA,ATL,,,0.0,0.0,0,0.0,0.0,0.0,0.0,0.0,0.0,0.0,0.0,0.0,0.0,0.0,0.0,0.0,0.0,0.0,,,0.0,,0.718738679796,,PF,3500
201589,Darrell,Arthur,15.3,3,DEN@LAL,DEN,LAL,,,10.3,10.5,0,0.928323944347,0.619323254763,1.42772010617,0.642594812959,0.949457653108,1.38310782994,0.567254581351,0.647117362864,2.33256548305,2.12766999114,0.399045886655,5.68356381975,0.506171822027,5.16055769097,16.0,2.51258462317e-05,1.46618623503e-12,11.0781604965,11.7179080842,5.97796386066,5.96205608478,PF,3500
1897,Metta,World Peace,9.7,29,DEN@LAL,LAL,DEN,,,0.0,0.0,0,0.0,0.0,0.0,0.0,0.0,0.0,0.0,0.0,0.0,0.0,0.0,0.0,0.0,0.0,0.0,,,0.0,,0.763714628809,,SF,3500
203894,Shabazz,Napier,5.3,2,ORL@NO,ORL,NO,,,0.0,0.0,0,0.120334917487,0.00426001115235,0.116124488779,0.0626182738138,0.016048665583,0.0197204982624,0.039980284354,0.0702294421866,0.0357691638454,0.0928863609251,0.0431850834352,0.234642370578,0.0509711235303,0.279928928816,1.0,2.6849181258e-21,9.89993994766e-42,0.521605450486,0.580101171489,1.15494062604,1.16310614183,PG,3500
203524,Solomon,Hill,0.0,1,IND@DET,IND,DET,,,0.0,0.0,0,0.0,0.0,0.0,0.0,0.0,0.0,0.0,0.0,0.0,0.0,0.0,0.0,0.0,0.0,0.0,,,0.0,,0.666823594838,,SG,3500
1626204,Larry,Nance Jr.,0.0,0,DEN@LAL,LAL,DEN,,,0.0,0.0,0,0.0,0.0,0.0,0.0,0.0,0.0,0.0,0.0,0.0,0.0,0.0,0.0,0.0,0.0,0.0,,,0.0,,0.845620626624,,PF,3500
202087,Alonzo,Gee,9.7,3,ORL@NO,NO,ORL,,,5.4,6.0,0,0.407313444721,0.0918741418619,0.570302435995,0.895613546241,0.501647056217,0.544522481797,0.447625855875,0.480571997234,1.04616953801,1.13969356556,0.15933998059,2.63631989085,0.64296711722,3.08169422892,10.0,4.96086859874e-09,4.12675865505e-19,5.54649583986,5.91876031311,3.65711405411,3.49587827907,SF,3500
1626202,Joseph,Young,-0.5,2,IND@DET,IND,DET,,,0.0,0.0,0,0.0,0.0,0.0,0.0,0.0,0.0,0.0,0.0,0.0,0.0,0.0,0.0,0.0,0.0,0.0,,,0.0,,0.815939319454,,SG,3500
1626151,Aaron,Harrison,0.0,0,CHI@CHA,CHA,CHI,,,0.0,0.0,0,0.0,0.0,0.0,0.0,0.0,0.0,0.0,0.0,0.0,0.0,0.0,0.0,0.0,0.0,0.0,,,0.0,,0.845620626624,,PG,3500
203922,Glenn,Robinson III,4.0,35,IND@DET,IND,DET,GTD,Shoulder,0.0,0.0,0,0.0,0.0,0.0,0.0,0.0,0.0,0.0,0.0,0.0,0.0,0.0,0.0,0.0,0.0,0.0,,,0.0,,0.677576067528,,SF,3500
203210,JaMychal,Green,11.8,4,MEM@SAC,MEM,SAC,,,25.4,29.0,0,0.529638104691,0.54461515668,0.895130697495,1.68968844533,2.34541999654,3.01369987895,0.598906238753,1.40954183836,5.35911987549,2.99376732115,0.164299067206,6.27806600629,1.25654442921,7.40837813872,20.0,0.0165919333222,2.70855048807e-11,15.5112800989,16.5910444455,7.16041728735,6.80171899727,PF,3500
1713,Vince,Carter,5.2,1,MEM@SAC,MEM,SAC,,,0.0,0.0,0,0.0,0.0,0.0,0.0,0.0,0.0,0.0,0.0,0.0,0.0,0.0,0.0,0.0,0.0,0.0,,,0.0,,0.698363826671,,SF,3500
2440,Matt,Barnes,13.5,4,MEM@SAC,MEM,SAC,,,19.6,19.75,0,1.19977407411,0.766170628547,4.56445479836,1.24898832151,0.610021469339,1.42260707815,0.972767449819,0.926673079723,2.03262854749,2.68377147752,1.22533190207,7.62565818212,1.02003293635,7.61290779347,24.0,2.0470721557e-05,1.35943231013e-11,14.4029262386,15.580590863,8.22383678934,9.0616448969,SF,3500
1626147,Justin,Anderson,9.5,2,TOR@DAL,DAL,TOR,,,2.0,2.0,0,0.0675188362743,0.0280683409045,0.191261442355,0.0593222237408,0.0289390511667,0.192109649604,0.0330822693927,0.0614747290253,0.221048700771,0.167520667039,0.0442466063478,0.447947557533,0.0437053733052,0.422993313732,1.0,2.37196231687e-18,1.21162083316e-36,0.850356500638,0.914269603363,1.43984304006,1.40792481502,SF,3500
1626185,Jarell,Martin,0.0,0,MEM@SAC,MEM,SAC,O,Foot,0.0,0.0,0,0.0,0.0,0.0,0.0,0.0,0.0,0.0,0.0,0.0,0.0,0.0,0.0,0.0,0.0,0.0,,,0.0,,0.845620626624,,PF,3500
203148,Brian,Roberts,7.7,1,CHI@CHA,CHA,CHI,,,2.0,2.0,0,0.699787514721,0.0240373087868,0.791022893284,0.344720408823,0.0530433282667,0.0852099858057,0.134312029649,0.238918399036,0.138253314072,0.81745103492,0.246381407277,2.12446580113,0.312952661333,2.19423613845,6.0,5.07341787626e-11,5.51005430814e-26,3.48760166526,3.73716423419,3.0320047158,3.0699486756,PG,3500
1626153,Delon,Wright,0.2,1,TOR@DAL,TOR,DAL,,,0.0,0.0,0,0.0,0.0,0.0,0.0,0.0,0.0,0.0,0.0,0.0,0.0,0.0,0.0,0.0,0.0,0.0,,,0.0,,0.850069320469,,PG,3500
203998,Bruno,Caboclo,1.3,8,TOR@DAL,TOR,DAL,,,0.0,0.0,0,0.0,0.0,0.0,0.0,0.0,0.0,0.0,0.0,0.0,0.0,0.0,0.0,0.0,0.0,0.0,,,0.0,,0.779789282344,,SF,3500
203999,Nikola,Jokic,11.0,3,DEN@LAL,DEN,LAL,GTD,Back,0.0,0.0,0,0.0,0.0,0.0,0.0,0.0,0.0,0.0,0.0,0.0,0.0,0.0,0.0,0.0,0.0,0.0,,,0.0,,0.80609425195,,C,3500
204002,Walter,Tavares,2.2,1,ATL@MIA,ATL,MIA,,,0.0,0.0,0,0.0,0.0,0.0,0.0,0.0,0.0,0.0,0.0,0.0,0.0,0.0,0.0,0.0,0.0,0.0,,,0.0,,0.858591739527,,C,3500
203493,Reggie,Bullock,1.2,2,IND@DET,DET,IND,,,0.0,0.0,0,0.0968253774894,0.0338552669116,0.588651837396,0.098821925789,0.0578860520877,0.0695913367943,0.101991804542,0.105239939066,0.127477388882,0.311748468275,0.170470262449,0.927967253853,0.0699544018596,0.863921600859,4.0,3.28756893854e-19,1.42279931961e-35,1.32858673759,1.47281570779,1.85003379261,1.98927563951,SF,3500
203798,P.J.,Hairston,7.8,3,CHI@CHA,CHA,CHI,,,16.0,17.25,0,0.689537277391,0.338942900429,4.38029436942,1.15134388195,0.436722027868,1.35440881331,0.437242509838,0.650076964482,1.79113084118,2.35936251526,1.27013109093,6.9886819673,1.01891550644,7.00777162789,20.0,6.07402563371e-06,2.20741564481e-14,11.0937284095,12.1433980903,7.83117589567,8.74419649934,SF,3500
203919,Jordan,Adams,9.0,2,MEM@SAC,MEM,SAC,,,0.0,0.0,0,0.0,0.0,0.0,0.0,0.0,0.0,0.0,0.0,0.0,0.0,0.0,0.0,0.0,0.0,0.0,,,0.0,,0.836764843022,,SG,3500
203512,Lucas,Nogueira,3.8,6,TOR@DAL,TOR,DAL,GTD,Hamstring,0.0,0.0,0,0.0,0.0,0.0,0.0,0.0,0.0,0.0,0.0,0.0,0.0,0.0,0.0,0.0,0.0,0.0,,,0.0,,0.815584706332,,C,3500
1626273,Marcelo,Huertas,10.2,3,DEN@LAL,LAL,DEN,,,1.7,2.25,0,1.42598535347,0.18012096098,0.73986401832,0.365008091772,0.480651162837,0.846561898767,0.26280874869,0.512576106221,1.3272130616,1.029396076,0.197893040978,2.54383742838,0.268918019325,2.5256032123,9.0,7.32650830756e-08,6.72568130379e-14,6.63052022956,7.05211556613,3.45792452088,3.37509412271,PG,3500
201150,Spencer,Hawes,14.7,3,CHI@CHA,CHA,CHI,,,18.6,20.75,0,1.66043338104,0.655785836572,2.38347328789,1.1664920256,0.539828761983,1.36358469355,0.506513022127,1.02767152276,1.90341345553,2.90266679903,0.856346846488,6.63254716278,0.583643845729,7.24532429028,20.0,1.41034336424e-05,1.04977527289e-10,13.3169967031,14.354197716,7.15302597005,7.36412128104,C,3500
203094,Andrew,Nicholson,0.2,1,ORL@NO,ORL,NO,,,0.0,0.0,0,0.0,0.0,0.0,0.0,0.0,0.0,0.0,0.0,0.0,0.0,0.0,0.0,0.0,0.0,0.0,,,0.0,,0.628909708163,,PF,3500
