NBA_ID,First Name,Last Name,FPPG,Played,Game,Team,Opp,Status,Injury Details,Actual_FD,Actual_DK,Actual_MIN,AST,BLK,FG3A,FTA,OREB,DREB,STL,TOV,REB,FGM,FG3M,FGA,FTM,PTS,MIN,DD,TD,FD,DK,FD_std,DK_std,fd_Pos,fd_Salary
201566,Russell,Westbrook,50.2,6,PHO@OKC,OKC,PHO,,,53.7,56.5,18,9.58624941965,0.163023606038,4.58144859612,6.94004871191,2.02773789088,3.43449916524,2.05126017565,4.50371310865,5.46223705612,9.39342030753,1.41605127757,20.5989212575,5.82831374301,26.0312056356,34.0,0.539606429998,0.0253206549386,46.8901186872,51.0084843429,19.261607199,19.3646207045,PG,10800
2544,LeBron,James,45.3,6,IND@CLE,CLE,IND,GTD,Thigh,40.2,41.5,18,6.96544098557,0.581475173084,4.08071066137,7.47791128094,0.802591818521,3.30593610079,2.01749377973,3.29645025533,4.10852791932,9.34366946857,1.11640431797,19.2912925051,5.00552624254,24.8092694976,35.0,0.175091632067,0.00160801135824,42.0891521295,44.7684672943,18.4050189104,18.3197005039,SF,10300
201142,Kevin,Durant,43.2,6,PHO@OKC,OKC,PHO,,,55.2,59.25,18,3.04309821747,1.0656250891,5.47844183889,6.32532470135,0.372252786071,3.58034485563,0.787681460527,2.22543443884,3.95259764171,8.68410560149,2.2666843054,17.1809515879,5.52751785525,25.1624133636,32.0,0.00870925412858,9.17005946297e-06,35.9513565203,38.4081371659,16.4913297319,16.9969571376,SF,10100
2546,Carmelo,Anthony,36.9,6,LAL@NY,NY,LAL,,,34.6,37.0,18,3.47206894323,0.524542567022,4.76713092651,6.30572421188,1.50209001882,4.35691528749,0.927011853946,2.11438048502,5.85900530631,7.84654803069,1.58592689389,19.5273467247,5.48408240142,22.7631053567,35.0,0.0770440759411,0.00023183745388,35.790743496,38.0501090771,17.8570911174,18.1643085719,SF,9200
203083,Andre,Drummond,46.7,5,DET@POR,DET,POR,,,70.4,73.75,18,0.354093375465,1.92411448928,0.0132422274966,6.70725966994,6.47190939142,9.87071099361,1.51992414439,1.91693155291,16.342620385,7.76705959004,0.00014346233052,13.9581742879,2.57780495386,18.1120675963,36.0,0.927762220025,3.56167229105e-05,43.2254978359,46.392916543,15.9575612428,15.4112701741,C,9200
202331,Paul,George,40.1,6,IND@CLE,IND,CLE,,,50.2,55.75,18,4.15606843781,0.332280500848,7.15414303818,6.50324231212,1.82893653195,4.39179025226,1.95718895027,3.74420918591,6.22072678421,7.93488953933,2.55276258093,19.3073738893,5.46237173091,23.8849133905,39.0,0.109636975705,0.00103727568373,38.4186179046,42.0457074178,17.8177866285,18.8304999862,SF,8900
203081,Damian,Lillard,40.1,6,DET@POR,POR,DET,,,44.3,50.5,18,6.62888095902,0.265700943281,7.94901117972,4.45207819677,0.390372356893,2.00026440695,1.11386000513,3.46611160783,2.39063676384,8.45107266885,3.18876369228,18.3224714522,3.86602077407,23.956929804,35.0,0.133040377303,2.60023031869e-05,36.0620256482,39.7086337093,17.6504555956,18.9934375376,PG,8900
202704,Reggie,Jackson,32.6,5,DET@POR,DET,POR,,,55.5,58.25,18,6.3567651348,0.275084997876,3.65096008481,4.60324434189,0.71876436034,2.1759522779,0.987981733997,3.54578244052,2.89471663824,8.0578272881,1.3675072067,17.9093550944,3.61072086949,21.0938826524,34.0,0.109736462999,9.22034304412e-05,33.0830413437,35.849303304,17.0367685493,17.1008885964,PG,8100
202339,Eric,Bledsoe,36.7,6,PHO@OKC,PHO,OKC,,,44.9,48.5,18,6.55807397382,0.695979662933,3.83147085223,6.38825757916,0.560504932799,2.3180115514,2.05945051069,3.29133224816,2.8785164842,7.5605236172,1.29669955986,16.793696517,4.9969411506,21.4146879449,37.0,0.126889930437,0.000109827540909,36.9255467857,39.5541528922,16.0963392693,16.1887018637,SG,8000
2547,Chris,Bosh,34.0,6,TOR@MIA,MIA,TOR,,,36.1,38.5,18,1.6027634744,0.688547632897,3.90774535272,4.028621923,0.855001752497,5.19200330539,0.962771826639,0.922724264085,6.04700505789,5.88869787697,1.51019002136,13.2864762051,3.2225080137,16.510093789,30.0,0.0807211481773,5.91718244759e-07,28.5505597251,30.1904506181,12.8811804192,13.2133450328,PF,8000
201942,DeMar,DeRozan,35.4,6,TOR@MIA,TOR,MIA,,,15.7,18.75,18,3.67024352438,0.338747499438,1.57204502809,9.25846597663,0.794068465651,2.36207291098,1.17845941737,2.65066366828,3.15614137663,6.57072217048,0.34993954904,15.7552151703,7.63677723845,21.1281611285,36.0,0.00605869655153,7.17495894007e-06,30.8046462323,32.4718644795,16.1723095712,15.9099377198,SG,8000
202355,Hassan,Whiteside,33.3,6,TOR@MIA,MIA,TOR,,,47.2,49.25,18,0.270934490174,3.04145750235,0.0147300041273,2.60823869204,2.40111645785,5.46198729834,0.610606892226,1.74354647012,7.86310375619,5.22678145413,0.0040567757242,8.44625367616,1.48029736387,11.9379170479,25.0,0.201621251905,0.000244596607103,27.3406256096,28.910748088,10.2559380733,9.62329376036,C,7900
200768,Kyle,Lowry,36.2,6,TOR@MIA,TOR,MIA,,,34.2,36.5,18,6.93464325556,0.447514762149,5.88510800115,5.58343757486,0.888090611396,3.00597102911,2.13335392829,3.16626428183,3.8940616405,6.27818102921,2.19323957539,15.4021153549,4.57401366977,19.3236153036,37.0,0.164549710185,0.00108955913377,36.3939272546,39.5184755079,14.6579122265,15.5419606793,PG,7800
201567,Kevin,Love,33.7,6,IND@CLE,CLE,IND,,,51.8,56.25,18,2.86109259492,0.705541459356,7.12261728203,3.96830911283,3.20237650661,7.59067799697,0.572973170355,2.29187042369,10.7930545036,7.0926293146,2.21163703576,16.5906993003,3.40553094937,19.8024266143,39.0,0.618963834712,0.000479703506123,37.3108897467,41.0321810642,15.5845828968,16.6080124405,PF,7600
977,Kobe,Bryant,24.7,5,LAL@NY,LAL,NY,,,25.9,27.5,18,4.19164846776,0.0991776250771,6.66277162114,6.1129300847,0.785087763486,1.67568583872,1.08343063767,2.67930748919,2.46077360221,6.36200400464,1.58144052391,18.011010887,5.00244432434,19.3078928575,32.0,0.0109217247943,2.62182610026e-06,28.2342029181,30.5040060574,15.8277111004,16.5435198805,SG,7300
202688,Brandon,Knight,33.2,6,PHO@OKC,PHO,OKC,,,14.3,19.5,18,4.47092826328,0.534880980956,5.67018729832,2.58546751838,0.571787088058,2.14133962763,1.251845629,3.04661479258,2.71312671569,6.10525279934,2.01940058352,14.562974999,2.24250219012,16.4724083723,32.0,0.0155315302342,7.8436599369e-06,26.9613912534,29.6533761036,13.8096715289,14.6183017512,PG,7000
2548,Dwyane,Wade,31.5,6,TOR@MIA,MIA,TOR,,,19.6,20.75,18,3.63939770962,0.463148809828,1.56393087886,4.55565714909,0.668838083922,1.28120436204,0.959983480372,2.24521796097,1.95004244596,6.09558256496,0.562624761481,13.3855807735,3.60121313407,16.3550030255,25.0,0.00407922229396,1.52987925834e-07,24.7551971445,26.2627399204,13.7695389899,13.5222964094,SG,7000
201586,Serge,Ibaka,29.7,6,PHO@OKC,OKC,PHO,,,23.3,24.25,18,1.21506168367,2.74410100959,1.90518630736,1.61738367674,2.89075988901,4.45056818572,0.485040990371,1.59539730143,7.34132807473,6.20931000151,0.600717021154,12.9125387032,1.20836638452,14.2277034087,37.0,0.176916195586,0.000100128948577,29.7227763224,31.4535745676,13.0344391258,12.7783087535,PF,7000
203903,Jordan,Clarkson,25.8,5,LAL@NY,LAL,NY,,,13.9,16.0,18,2.82554795741,0.365588845019,2.94267198106,2.66632580054,0.668028323582,1.4661354619,0.957802257443,1.69380229037,2.13416378548,5.64475626432,1.1795769088,11.7939873692,2.08275879791,14.5518482353,29.0,0.000681455250606,4.84444086396e-08,22.3041466286,23.8485667457,11.764703034,11.830365262,PG,6500
203468,C.J.,McCollum,32.8,6,DET@POR,POR,DET,,,23.8,26.0,18,2.81952716554,0.19516195468,5.62931771973,2.55177709433,0.622614329848,2.28067146112,1.09730528534,1.98655763001,2.90328579097,7.17335318278,2.29740671275,15.6540551351,1.97812823539,18.6222413137,34.0,0.00148891480781,5.74381252864e-07,26.9338518612,29.2232334175,14.9202393006,15.6665752608,SG,6500
202683,Enes,Kanter,23.6,6,PHO@OKC,OKC,PHO,,,30.9,32.25,18,1.01479316265,0.565205899101,0.375448517051,2.66193246258,4.11589473528,5.46917289762,0.242154392097,2.25110626089,9.5850676329,6.76778118885,0.191491878501,12.2299863913,2.22277798716,15.9498322434,28.0,0.451011779671,5.76798034657e-08,28.3377174683,30.7147877622,13.6291113708,13.1314697254,C,6500
202685,Jonas,Valanciunas,29.0,6,TOR@MIA,TOR,MIA,,,25.0,25.25,18,0.473514799995,0.947472783154,0.00599802271762,4.05409077954,2.68682181581,5.3354353149,0.427035301788,1.51726907854,8.02225713071,5.33224022941,8.60367523844e-05,9.03383643476,3.15603636029,13.8206028559,28.0,0.246616676825,1.68320642862e-08,25.3893307041,26.919046184,10.9289590991,10.3565200492,C,6300
201588,George,Hill,26.1,6,IND@CLE,IND,CLE,,,27.5,27.75,18,5.00356854105,0.354632397068,5.90566286284,4.37225828888,0.68093007795,2.25159583279,1.64426362602,2.39276356409,2.93252591074,6.03950728567,2.39532727123,13.5139649151,3.28015951441,17.754501357,40.0,0.0310212236914,2.83678670164e-05,30.3839137435,32.9712023958,13.5678003394,14.5687151226,PG,6300
101145,Monta,Ellis,22.2,6,IND@CLE,IND,CLE,,,37.5,38.75,18,4.70497188407,0.3032309064,3.28029543813,2.90089891847,0.438519914762,1.92907503929,1.63442999345,2.69811696031,2.36759495405,6.15013331487,0.851105508301,15.0815608168,2.24919262006,15.4005647581,34.0,0.0202868954836,3.81617205919e-06,26.4763413685,28.3997741422,14.1151393693,14.1137827642,SG,6200
201609,Goran,Dragic,22.7,6,TOR@MIA,MIA,TOR,,,6.9,8.0,18,3.54251653648,0.275940394311,2.29900263179,2.01530408037,0.620631063808,1.39354421371,0.687641918574,1.86535694642,2.01417527752,4.17038785867,0.809345398879,8.68306657218,1.70998933253,10.8601104487,26.0,0.00243842630063,1.18533044689e-07,18.6527032658,20.0944211974,9.0647284279,9.03333713756,PG,6100
202694,Marcus,Morris,29.7,5,DET@POR,DET,POR,,,24.1,26.25,18,1.91620287878,0.344629459743,4.67189646567,3.48428961837,1.55938494055,2.709285161,1.26357597294,1.87975692507,4.26867010155,5.87221329705,1.65904506617,13.4095018835,2.40306394769,15.806535608,37.0,0.0111650617,3.73889331053e-07,25.1398979883,27.1394812032,12.9094477631,13.422571978,SF,6000
203944,Julius,Randle,28.2,5,LAL@NY,LAL,NY,,,23.7,24.25,18,2.41613007628,0.506915102596,0.391185209497,4.29229955686,1.160578005,6.41666604296,0.95407557075,2.01790960623,7.57724404796,5.03374624833,0.0967487542405,11.2013590583,2.60128859166,12.7655298426,30.0,0.187953153809,3.99026979702e-05,26.386489555,28.1047303764,12.3969552936,12.0580631082,PF,5900
2590,Mo,Williams,26.5,6,IND@CLE,CLE,IND,,,26.0,28.25,18,7.21129953465,0.124748467134,6.16942366271,2.62612633874,0.325156632501,1.86977925429,0.867770754206,2.65488688097,2.19493588679,6.70573430611,2.0509395095,15.86699808,2.41689352368,17.8793016454,38.0,0.181145758659,1.79360855176e-05,30.6603255732,33.3947580091,14.8167177828,15.6526072255,PG,5800
2199,Tyson,Chandler,24.4,6,PHO@OKC,PHO,OKC,,,10.6,12.0,18,0.663245954122,0.696073498718,0.0674779174916,2.87733463933,2.84062338045,4.98710012752,0.602871868502,1.09661055391,7.82772350797,2.44612767936,0.0,4.28963577895,1.99882960001,6.89108495873,24.0,,,18.78050228,,6.1138889512,,C,5800
202693,Markieff,Morris,23.3,6,PHO@OKC,PHO,OKC,,,24.0,25.75,18,2.10154559317,0.626793972482,3.26996922841,3.17007765779,1.73699986297,3.28081713495,1.07801080244,2.36518720437,5.01781699792,6.90048816712,0.913457513728,17.2314472972,2.35142841725,17.0658622652,34.0,0.0305794212104,2.13313969544e-06,27.2839833979,29.2200721381,16.0525120575,16.0440273873,PF,5800
201960,DeMarre,Carroll,21.8,6,TOR@MIA,TOR,MIA,GTD,Foot,0.0,0.0,18,0.0,0.0,0.0,0.0,0.0,0.0,0.0,0.0,0.0,0.0,0.0,0.0,0.0,0.0,0.0,,,0.0,,0.713348942571,,SF,5700
202329,Al-Farouq,Aminu,27.6,6,DET@POR,POR,DET,,,19.3,20.75,18,1.7861122885,1.05990649658,3.40588557756,3.50465969955,1.97599988963,5.73145027686,1.0823407993,2.07969335884,7.70745016648,4.37925203048,1.12105017529,9.81837179444,2.44605483088,12.3256090671,35.0,0.18943394754,3.52030474063e-06,26.4585189326,28.7284246902,9.98387787928,10.2641001575,SF,5700
2747,J.R.,Smith,13.0,4,IND@CLE,CLE,IND,GTD,Knee,0.0,0.0,18,0.0,0.0,0.0,0.0,0.0,0.0,0.0,0.0,0.0,0.0,0.0,0.0,0.0,0.0,0.0,,,0.0,,0.738934475926,,SG,5400
203486,Mason,Plumlee,25.0,6,DET@POR,POR,DET,,,15.5,17.75,18,1.95374454489,0.825756869212,0.0230150984227,4.08081723832,2.48633502803,4.06521914274,0.983970671184,2.17140654867,6.55155417077,4.21704188515,0.00149694414851,7.08405252201,1.56434654319,9.99992725764,26.0,0.0773390930166,2.97389858323e-06,22.240457612,23.7705046282,9.01770285652,8.44901023553,C,5400
204001,Kristaps,Porzingis,26.8,6,LAL@NY,NY,LAL,,,29.5,32.0,18,0.962344265915,1.18417857714,3.2726185249,3.66758925848,3.35060105771,4.9429718762,1.08051981303,1.58959703709,8.29357293391,4.55489777938,0.788806466045,11.2608941978,2.87987987397,12.7784818988,26.0,0.255642697697,2.08376518818e-07,27.1140855616,29.1014306315,10.7983360835,10.9020402046,PF,5200
1626156,D'Angelo,Russell,17.3,5,LAL@NY,LAL,NY,,,20.5,21.75,18,2.62667588499,0.28737470309,4.18452856148,1.30067632059,1.02033248886,2.91863982446,1.0784446726,1.65008861164,3.93897231332,4.34842855084,1.24002611663,10.7180554676,0.906108494555,10.8429917129,28.0,0.00510109407322,1.9646954577e-06,20.5913224561,22.2409859711,10.3386946939,10.8099177632,PG,5200
202684,Tristan,Thompson,21.6,6,IND@CLE,CLE,IND,,,31.1,31.5,18,0.766952621495,0.896628219097,0.000455575577481,3.11130878835,3.25576974078,6.14159646063,0.43306261262,0.87769288373,9.39736620141,4.2093511354,5.47544491167e-06,6.68757113989,1.8111544396,10.2298621858,30.0,0.292787041514,1.48749215627e-08,24.4388193395,25.786717436,8.60443578507,7.99499904378,PF,5100
101150,Louis,Williams,24.2,5,LAL@NY,LAL,NY,,,19.9,21.0,18,2.02433269635,0.182054838001,4.45939137988,4.567723206,0.187749063031,1.03692168988,0.910964240743,1.00002233044,1.22467075291,3.37374259696,1.17594065511,9.10522416226,4.02406107309,11.9474869221,21.0,3.89887850623e-05,2.83982520686e-11,17.6396066972,18.7888802109,9.30448482454,9.93763675985,SG,5100
201945,Gerald,Henderson,20.5,80,DET@POR,POR,DET,O,Hip,0.0,0.0,18,0.0,0.0,0.0,0.0,0.0,0.0,0.0,0.0,0.0,0.0,0.0,0.0,0.0,0.0,0.0,,,0.0,,0.645321836294,,SG,5100
2736,Luol,Deng,17.1,6,TOR@MIA,MIA,TOR,,,15.5,16.25,18,1.34654260709,0.361226635906,2.9891656674,2.27337121802,1.29749426589,2.11678955131,0.68066486999,1.08196586005,3.41428381719,4.14047664061,0.990673998493,9.47467060622,1.62070174986,10.8923290296,29.0,0.00186132694396,2.97930649822e-09,18.0111006726,19.2209267921,9.5191240477,9.70255246191,SF,5000
201579,Roy,Hibbert,20.6,5,LAL@NY,LAL,NY,,,37.0,39.0,18,1.68009315473,2.79861270079,0.123943295782,4.95744498844,2.95994437102,4.21933872542,0.162967726894,1.79343517224,7.17928309644,4.132215993,0.00105064974349,9.14403770558,4.21033583993,12.4758184757,33.0,0.151849032111,0.00010113712773,27.7408236066,29.225107632,10.6343064609,10.2859449161,C,5000
203484,Kentavious,Caldwell-Pope,23.0,5,DET@POR,DET,POR,,,27.8,29.5,18,1.73692109019,0.234866660066,5.30650530308,2.61205709965,0.542513753092,2.32324167472,1.53332576702,1.51327988601,2.86575542781,5.40243431306,1.57687673669,13.3229247548,2.18243356091,14.5641789237,39.0,0.000694475136306,1.31523497859e-08,22.6315720405,24.3209798754,12.5460282891,13.2030475198,SG,5000
204038,Langston,Galloway,22.8,6,LAL@NY,NY,LAL,,,22.3,24.0,18,2.30267888913,0.180349448089,3.44577952611,2.42807312771,0.849889008269,2.50396323469,0.960117673911,0.753363465397,3.35385224296,3.6325556657,1.7323551894,8.34660022354,1.83582473946,10.8332912603,27.0,0.00170189428236,2.33576212058e-07,19.8395030641,21.2526085458,8.89669786604,9.56448003494,SG,4900
202334,Ed,Davis,18.7,6,DET@POR,POR,DET,,,13.7,14.5,18,0.890303510314,0.862275261241,8.4722785166e-06,2.32282063155,2.1560983233,3.86319990808,0.458847532443,0.65228428937,6.01929823137,2.60952765211,1.04894876872e-06,4.33149134153,1.02569714768,6.24475350084,20.0,0.0200089926007,1.34528229037e-09,16.793327942,17.4504490156,6.1552510786,5.62629090774,PF,4800
201941,Jordan,Hill,20.5,5,IND@CLE,IND,CLE,,,27.7,28.75,18,1.29296142658,0.584006027384,0.0910213438677,2.44868170616,3.83691932253,4.54870184773,0.913391941043,1.5426598089,8.38562117026,5.60354997244,0.0243919219249,13.0001305546,1.83416828694,13.0656601537,32.0,0.272036381446,3.17456810775e-07,26.5199838259,28.1308462743,14.1223411908,13.7957103502,C,4700
203079,Dion,Waiters,15.2,6,PHO@OKC,OKC,PHO,,,30.0,31.0,18,1.83662399614,0.256543720201,2.33644095077,1.8915140603,0.652892984872,1.74643787387,0.980975925184,1.27544976388,2.39933085875,3.62807112269,0.834324833588,8.71749909955,1.37185973316,9.46232681213,25.0,0.000123606190438,2.55661377629e-09,16.2960493637,17.4710886224,8.8080207054,8.91330524338,SG,4700
101139,C.J.,Miles,19.1,4,IND@CLE,IND,CLE,GTD,Ankle,0.0,0.0,18,0.0,0.0,0.0,0.0,0.0,0.0,0.0,0.0,0.0,0.0,0.0,0.0,0.0,0.0,0.0,,,0.0,,0.674015295179,,SF,4700
201167,Arron,Afflalo,19.3,78,LAL@NY,NY,LAL,O,Hamstring,0.0,0.0,18,0.0,0.0,0.0,0.0,0.0,0.0,0.0,0.0,0.0,0.0,0.0,0.0,0.0,0.0,0.0,,,0.0,,0.525658574592,,SG,4600
203124,Kyle,O'Quinn,20.5,6,LAL@NY,NY,LAL,,,4.9,5.0,18,0.817843357793,0.654319374921,0.39084466606,0.700135228516,1.0760801591,1.14843827635,0.379784209712,0.788416099853,2.22451843546,1.7371832425,0.0784154790223,3.42853109768,0.519214138477,4.07199610251,11.0,7.74584551611e-06,1.5322429354e-13,9.24797433116,9.79262766114,4.67472478365,4.30527510027,C,4600
101141,Ersan,Ilyasova,15.9,5,DET@POR,DET,POR,,,15.2,16.25,18,1.08480530692,0.289819807043,3.64191235976,1.30628219009,1.62916868604,1.62916868052,0.765788661021,0.872041593286,3.25833736656,4.05397631805,1.40416995501,9.32364111382,0.899223380883,10.411345972,26.0,0.00124783711162,3.02590160624e-10,17.1877341151,18.4906285141,9.50426514296,10.007820363,PF,4600
201155,Rodney,Stuckey,17.8,6,IND@CLE,IND,CLE,O,Ankle,0.0,0.0,18,0.0,0.0,0.0,0.0,0.0,0.0,0.0,0.0,0.0,0.0,0.0,0.0,0.0,0.0,0.0,,,0.0,,0.74594191084,,SG,4500
101133,Ian,Mahinmi,18.2,5,IND@CLE,IND,CLE,,,15.9,16.0,18,0.718154534744,1.08757787966,0.00131747742965,1.46816657394,1.58061304167,2.51614216328,0.577927627725,0.78915828011,4.09675520495,2.40843263251,1.04432196554e-05,4.36772307696,0.446532097487,5.26340780572,20.0,0.00137265086063,3.35358304485e-10,13.7985985884,14.4000796876,5.95492892942,5.49054145749,C,4500
2449,Luis,Scola,20.0,6,TOR@MIA,TOR,MIA,,,14.3,15.5,18,1.34216619721,0.26329541209,0.545429381549,1.65398695581,1.82730797672,3.55618699806,0.72946599463,1.28895662588,5.38349497477,3.66431150698,0.30869335476,8.10053416421,1.13239948571,8.76971585443,22.0,0.0235240352025,3.66808595794e-08,17.9397253075,19.0430112094,9.03544783296,8.77246671216,PF,4400
202389,Timofey,Mozgov,16.8,6,IND@CLE,CLE,IND,,,18.2,19.0,18,0.588088614689,1.08907368044,0.283650315027,2.56833165773,1.9806167973,3.00677997063,0.206102431193,1.21172127739,4.98739676792,3.62632881952,0.0924535618211,6.64477964858,2.02430601513,9.369417216,23.0,0.0173377105353,4.19867656824e-09,17.6150572054,18.5425210418,8.16807751627,7.69726783273,C,4400
200782,P.J.,Tucker,12.5,6,PHO@OKC,PHO,OKC,,,10.3,11.5,18,1.04353476504,0.0989856446613,2.03004844986,1.20706229423,0.952422446898,1.85143229746,0.845934103771,0.799751626726,2.80385474436,1.89473164781,0.755502042826,4.36676673526,0.716822340072,5.26178767852,21.0,0.000113938763336,2.14253945449e-11,11.2818033895,12.1997938697,5.41217391132,5.71339678964,SF,4300
203500,Steven,Adams,18.0,6,PHO@OKC,OKC,PHO,GTD,Back,22.5,23.75,18,0.763406498909,1.39545680836,0.0109253739939,1.62463531173,1.94845527636,2.47671975182,0.38967825499,1.11870689546,4.42517502817,2.29839454665,0.00106811954333,3.96196032225,0.852441033573,5.45029824643,20.0,0.00250528144312,5.49769509699e-09,14.3571812598,15.1420854574,5.66274767226,5.16893384705,C,4300
203086,Meyers,Leonard,15.1,6,DET@POR,POR,DET,,,19.9,22.0,18,1.47129873032,0.739514651202,4.17617561759,1.53886325983,1.3352475552,2.96136605969,0.399179263122,1.30604774134,4.29661361489,4.37384352377,1.29223837037,9.61978214087,1.3672834185,11.4072088364,33.0,0.00896724015995,3.11324258057e-08,19.7414333571,21.2688580473,9.78046137696,10.2468242958,C,4300
2549,Chris,Kaman,0.0,1,DET@POR,POR,DET,,,0.0,0.0,18,0.0,0.0,0.0,0.0,0.0,0.0,0.0,0.0,0.0,0.0,0.0,0.0,0.0,0.0,0.0,,,0.0,,0.826404979685,,C,4200
202682,Derrick,Williams,15.5,6,LAL@NY,NY,LAL,,,7.7,8.25,18,0.466849640285,0.140800943503,1.62036671096,2.99850365245,0.533728200611,0.857733303241,0.374315876215,0.727416057148,1.39146150385,2.55315182267,0.448226483908,6.01958701659,2.18600650622,7.74053663547,15.0,8.26087935452e-07,8.20389630319e-17,10.4133824828,11.0707780677,6.6992317968,6.63251865136,PF,4200
201577,Robin,Lopez,17.7,6,LAL@NY,NY,LAL,,,35.6,38.75,18,1.72434019683,1.37225118962,0.00858700834555,2.0385865225,3.03306374038,3.74246281937,0.231427978656,2.14333495692,6.77552655975,5.0054903606,8.86721225273e-08,9.63828590788,1.78081483473,11.7917956446,31.0,0.110075724399,1.69402330701e-06,23.5729611912,25.1485237106,11.2236740154,10.7591283299,C,4200
1626170,Jerian,Grant,17.4,6,LAL@NY,NY,LAL,,,14.4,15.5,18,3.0029501875,0.0897517354932,1.11083865698,2.08981612054,0.347852917955,2.06965317216,0.677492651049,1.09510375301,2.41750609011,2.09671234087,0.213684454641,5.02900611138,1.60709089547,6.01420003185,18.0,0.00028432796865,5.08595040492e-08,13.8590176413,14.6347136942,5.77168707961,5.56610372598,PG,4200
203521,Matthew,Dellavedova,20.6,6,IND@CLE,CLE,IND,,,22.1,23.75,18,6.32657058355,0.0292538733609,3.59765555446,1.07298990468,0.936144092561,1.73693425679,0.801600521095,1.73307684941,2.67307834935,3.25538704586,1.50383572863,7.9854052339,0.861649047087,8.87625886744,33.0,0.0537352126358,2.48433476595e-05,21.5024407015,23.335228257,8.47886298131,9.18152529862,PG,4100
203527,Ryan,Kelly,14.0,4,LAL@NY,LAL,NY,,,0.0,0.0,18,0.0,0.0,0.0,0.0,0.0,0.0,0.0,0.0,0.0,0.0,0.0,0.0,0.0,0.0,0.0,,,0.0,,0.759158911713,,SF,4000
203458,Alex,Len,13.3,6,PHO@OKC,PHO,OKC,,,16.0,17.25,18,0.401632759824,0.971541008164,0.027152204274,2.27034911498,2.12370069363,3.09460394883,0.634192890368,1.65529838525,5.21830464247,2.6090494457,0.00818546708369,5.58898783028,1.6380892835,6.86437364197,20.0,0.0119519121115,1.04346803965e-09,15.2849577645,16.3955427941,7.04601993504,6.69365574273,C,4000
101181,Jose,Calderon,9.9,6,LAL@NY,NY,LAL,,,27.5,29.25,18,4.93667433767,0.00883970308595,4.46770076585,0.774475689861,0.581559772014,1.43291262445,0.978047778524,1.77421083095,2.01447239646,3.61698962063,1.53370694913,9.74261631477,0.72787369891,9.4955598893,35.0,0.0161990895065,7.99251487239e-07,19.5175024038,21.2964859457,9.68753723573,10.4962543377,PG,4000
204028,Tarik,Black,10.3,3,LAL@NY,LAL,NY,,,12.3,13.5,18,0.465435622368,0.219865267028,0.0240745225669,1.92006287925,1.62492784185,2.28665127375,0.268592835011,0.79833929314,3.9115791156,1.95132935896,0.00595416214866,3.42810551274,1.03536007717,4.94397295723,15.0,0.000849352361194,7.36056478354e-14,10.5145982404,11.1135979524,5.11994180467,4.66694549549,C,3900
1626169,Stanley,Johnson,13.0,5,DET@POR,DET,POR,,,2.0,2.5,18,1.29324752457,0.150299320695,2.05157928482,2.48163345383,1.08932784974,2.74203858859,0.582457751332,1.2358006494,3.83136643833,2.72131007252,0.394648311773,7.28565906238,1.63837155807,7.47564001489,20.0,0.0022184524293,2.48518796337e-09,14.2428645224,15.252985011,7.3204224159,7.26921465097,SF,3900
2405,Amar'e,Stoudemire,5.6,1,TOR@MIA,MIA,TOR,GTD,Knee,0.0,0.0,18,0.0,0.0,0.0,0.0,0.0,0.0,0.0,0.0,0.0,0.0,0.0,0.0,0.0,0.0,0.0,,,0.0,,0.764982710592,,PF,3900
1626159,Justise,Winslow,14.8,6,TOR@MIA,MIA,TOR,,,16.5,17.75,18,1.60695274093,0.260903323963,2.02608489676,1.30292832242,1.18534164191,4.3407675675,0.829501403308,1.58536561921,5.52610920941,3.39529472431,0.52830957726,7.80804292892,1.00175924228,8.32065826816,32.0,0.0246546400732,1.83218736833e-07,17.9578622662,19.3279878346,8.01937716346,7.93415586786,SF,3800
202709,Cory,Joseph,14.5,6,TOR@MIA,TOR,MIA,,,13.3,14.0,18,2.55507228447,0.279625895362,0.650861830934,2.12291119732,0.429586707436,1.26146506262,0.864337656195,1.16757885429,1.69105177005,3.04712560369,0.201659824923,5.82326733521,1.61917495018,7.91508598248,23.0,0.000138139599292,1.53213688621e-09,14.8973047821,15.6666839242,7.05682491295,6.66771189693,PG,3800
202335,Patrick,Patterson,13.3,6,TOR@MIA,TOR,MIA,,,7.2,7.75,18,0.99547208151,0.30984832747,2.28784111109,0.395241625023,0.571802279012,1.25689462299,0.516711921776,0.549486827961,1.828696902,1.63392580005,0.816914912017,4.10359126777,0.33002706298,4.4147935751,15.0,2.58927020638e-06,2.76114412236e-13,9.20607165031,9.9807112493,5.20603021109,5.67273992956,PF,3800
203090,Maurice,Harkless,17.8,6,DET@POR,POR,DET,,,11.0,13.25,18,0.94551502012,0.500440317757,1.96996603243,1.37035918258,1.50009102451,1.94165786667,0.749789825467,1.04463720602,3.44174889119,2.53337865446,0.647775760609,5.55763510474,0.784720650044,6.49925371957,22.0,0.000808159865391,6.04905086519e-11,13.5034479996,14.5229541675,6.302667217,6.374456144,SF,3800
201571,D.J.,Augustin,14.8,6,PHO@OKC,OKC,PHO,,,13.2,14.25,18,2.40937005793,0.0614744410085,1.76680510807,1.67717298679,0.17877305669,0.670930812867,0.545438056253,1.22399499788,0.849703869557,1.84819120014,0.697745174561,4.32626315238,1.37064064896,5.76476822379,14.0,4.26247438193e-05,1.08369598132e-12,10.3882979508,11.3917171676,5.35476668449,5.5891848633,PG,3800
203933,T.J.,Warren,15.3,6,PHO@OKC,PHO,OKC,,,17.4,18.5,18,0.803889441028,0.180961525099,1.18066834809,1.23491375319,1.37824471902,2.11814156492,0.591824962499,0.92951105427,3.49638628394,4.4358067733,0.328936325314,9.00237084241,0.836380914437,10.0369307863,23.0,0.00198070433093,3.13736429746e-11,16.0544904095,16.8615044701,9.65413003984,9.30317896009,SF,3700
202687,Bismack,Biyombo,13.1,6,TOR@MIA,TOR,MIA,,,17.4,18.75,18,0.110978417206,1.02900307572,1.05996593934e-05,2.09141870997,2.11197401597,2.47930445542,0.227270798616,0.738342462088,4.59127847139,1.30675759811,2.92092886693e-06,2.9055294236,1.27044201063,3.88396012778,15.0,0.000977291632203,1.41193390347e-10,11.3341672058,11.9343697588,4.36918143561,4.09166025776,C,3700
204020,Tyler,Johnson,14.1,5,TOR@MIA,MIA,TOR,,,14.1,15.75,18,1.81746912694,0.295871710017,1.86244644118,1.84561929487,0.762525323284,1.52785092103,1.02736739026,1.04616546371,2.29037624431,2.92634413515,0.811262015734,6.12293871395,1.18208533093,7.84603561696,23.0,6.43517946185e-05,1.18345057652e-09,14.9210035374,15.9643326206,6.95348356901,7.03827160132,PG,3700
201229,Anthony,Tolliver,10.1,4,DET@POR,DET,POR,,,10.0,11.0,18,0.695292931533,0.229229966984,4.18046231464,1.01968672151,0.541267344557,1.65383335699,0.458932447127,0.531905071448,2.19510070154,2.03294074636,1.46336391153,5.42722246937,0.567960526673,6.09720593093,22.0,2.55890719576e-05,1.01055084441e-13,10.6186859269,11.726113837,7.41658900815,8.46388651815,PF,3700
201156,Nick,Young,15.2,5,LAL@NY,LAL,NY,,,10.0,11.0,18,0.698566922109,0.255281066893,4.63959789071,2.46937290464,0.197114910511,0.731111902801,0.539620112222,0.659171294002,0.928226813311,3.35866310135,1.82058024268,8.64155077392,2.26502433737,10.8029307828,19.0,3.96225725693e-08,1.6273661769e-16,13.8952844061,15.1815715746,9.45165954191,10.4664215315,SG,3600
202730,Lavoy,Allen,10.9,6,IND@CLE,IND,CLE,,,18.1,18.5,18,1.7353750319,0.848397640207,0.020631807681,1.09079881306,2.6214947076,3.57593918017,0.289095094466,1.08204629167,6.19743388777,2.53640297263,0.00318861212327,6.27362542412,0.586817041711,5.66281159909,25.0,0.0176358979159,2.51729257653e-07,16.8957339899,17.7746777383,7.31984104947,7.03722105889,PF,3600
101123,Gerald,Green,10.6,3,TOR@MIA,MIA,TOR,O,Undisclosed,0.0,0.0,18,0.0,0.0,0.0,0.0,0.0,0.0,0.0,0.0,0.0,0.0,0.0,0.0,0.0,0.0,0.0,,,0.0,,0.587259530617,,SG,3600
201975,Jodie,Meeks,1.7,2,DET@POR,DET,POR,O,Foot,0.0,0.0,18,0.0,0.0,0.0,0.0,0.0,0.0,0.0,0.0,0.0,0.0,0.0,0.0,0.0,0.0,0.0,,,0.0,,0.592046369819,,SG,3600
2210,Richard,Jefferson,12.8,6,IND@CLE,CLE,IND,,,10.7,11.75,18,1.32675021761,0.133465484483,3.68718427304,2.21399316309,0.382090403366,1.11461076444,0.672746241786,1.47307418138,1.49670116781,3.65450854886,1.73997964691,7.75900253484,1.59916684843,10.6481635931,30.0,3.46394246332e-06,3.61082249659e-12,14.573679592,16.2550467605,8.76599476114,9.48037094146,SF,3600
203915,Spencer,Dinwiddie,1.2,1,DET@POR,DET,POR,,,0.0,0.0,18,0.0,0.0,0.0,0.0,0.0,0.0,0.0,0.0,0.0,0.0,0.0,0.0,0.0,0.0,0.0,,,0.0,,0.896480383919,,PG,3500
203135,Robert,Sacre,3.4,1,LAL@NY,LAL,NY,,,0.0,0.0,18,0.0,0.0,0.0,0.0,0.0,0.0,0.0,0.0,0.0,0.0,0.0,0.0,0.0,0.0,0.0,,,0.0,,0.791501831316,,C,3500
2760,Anderson,Varejao,5.7,6,IND@CLE,CLE,IND,,,0.0,0.0,18,0.0,0.0,0.0,0.0,0.0,0.0,0.0,0.0,0.0,0.0,0.0,0.0,0.0,0.0,0.0,,,0.0,,0.849482747814,,C,3500
203460,Andre,Roberson,10.2,6,PHO@OKC,OKC,PHO,,,16.2,16.5,18,0.955789799138,0.579510165757,1.59521789354,0.900024107019,1.00837912311,1.90446208575,0.743272482135,0.693416526867,2.91284120886,1.85440455296,0.484383613308,3.97838011264,0.528465007683,4.72165772691,23.0,0.000111806119695,9.13416056486e-12,11.6029006452,12.3376104849,4.96442525803,4.98109243747,SG,3500
2592,James,Jones,5.5,6,IND@CLE,CLE,IND,,,-1.0,-0.5,18,0.115647514598,0.0353268652491,0.744165887148,0.178088364421,0.049617965639,0.0717193370711,0.0440451264471,0.0779563438021,0.12133730271,0.350089555616,0.298318511079,0.905070269521,0.15072608199,1.1492237043,3.0,1.06261319133e-18,6.95624206035e-35,1.54908737904,1.74329167162,2.14705922321,2.43526164635,SF,3500
203963,Shayne,Whittington,-2.0,1,IND@CLE,IND,CLE,,,0.0,0.0,18,0.0,0.0,0.0,0.0,0.0,0.0,0.0,0.0,0.0,0.0,0.0,0.0,0.0,0.0,0.0,,,0.0,,0.827925034471,,C,3500
203461,Anthony,Bennett,4.7,3,TOR@MIA,TOR,MIA,,,0.0,0.0,18,0.315989483262,0.108366494032,0.321920210383,0.555846511085,0.454061550288,0.531135643411,0.298363244776,0.391485449078,0.9851971937,0.908443990143,0.0614847512049,2.25476047312,0.382691891139,2.26106462263,7.0,8.78014393113e-10,2.83405258473e-21,4.3392595085,4.61500446964,3.20782956686,3.00546226898,PF,3500
201202,Joel,Anthony,6.5,49,DET@POR,DET,POR,,,0.0,0.0,18,0.0,0.0,0.0,0.0,0.0,0.0,0.0,0.0,0.0,0.0,0.0,0.0,0.0,0.0,0.0,,,0.0,,0.883784498561,,C,3500
1626166,Cameron,Payne,6.5,1,PHO@OKC,OKC,PHO,,,0.0,0.0,18,0.324893741853,0.0364804868199,0.222208787992,0.159315624432,0.0792575888723,0.234983656184,0.0714005835255,0.107081596873,0.314241245057,0.247316510542,0.0549571479126,0.624260068596,0.117375047665,0.666965216662,2.0,6.52251486599e-16,7.36150051369e-28,1.64007586733,1.73680730197,1.69103960816,1.63678249026,PG,3500
201177,Josh,McRoberts,6.2,6,TOR@MIA,MIA,TOR,,,18.1,18.75,18,2.44440178055,0.180661802559,1.58921320647,0.677520441874,0.619775472967,1.08724094685,0.644812376882,1.16922281339,1.70701641981,1.67169821162,0.554224444464,3.62930672056,0.424067805374,4.32168867308,19.0,2.51799140693e-05,2.96406085566e-10,10.5184365932,11.4655488139,4.73060241172,4.85392390062,PF,3500
201627,Anthony,Morrow,5.2,6,PHO@OKC,OKC,PHO,,,0.0,0.0,18,0.0,0.0,0.0,0.0,0.0,0.0,0.0,0.0,0.0,0.0,0.0,0.0,0.0,0.0,0.0,,,0.0,,0.587429022972,,SG,3500
1626181,Norman,Powell,1.6,2,TOR@MIA,TOR,MIA,,,1.2,1.25,18,0.311561234681,0.0851266274433,0.47672509745,0.366850114237,0.287067904321,0.63426687396,0.15078801572,0.259598415542,0.921334778281,0.832155069316,0.117904660436,2.03379736408,0.270275120836,2.0524899199,5.0,4.15675150225e-10,7.44568158161e-22,3.83766437665,4.07248265417,2.99332049284,2.85547566487,SG,3500
203099,Jared,Cunningham,5.6,6,IND@CLE,CLE,IND,,,5.0,5.5,18,0.751997886875,0.055825027591,0.908220787638,1.32774136301,0.135482379981,0.367740522828,0.271000576628,0.448951187933,0.503222902809,1.14202784547,0.281928597392,2.82767054131,0.889448809029,3.45543309736,9.0,3.72428967087e-10,6.63752213028e-20,5.39199743154,5.78259846991,3.80736662264,3.79657293065,SG,3500
2365,Chris,Andersen,2.9,2,TOR@MIA,MIA,TOR,,,0.0,0.0,18,0.0,0.0,0.0,0.0,0.0,0.0,0.0,0.0,0.0,0.0,0.0,0.0,0.0,0.0,0.0,,,0.0,,0.79683328697,,C,3500
202720,Jon,Leuer,14.9,6,PHO@OKC,PHO,OKC,,,9.0,9.5,18,0.673446022486,0.13478823042,0.827608100476,0.862955696734,0.745381369258,1.51167788019,0.249898970986,0.441632822949,2.25705924945,1.84712394546,0.373326523051,4.01067463277,0.51197785236,4.57955226634,12.0,1.40385858689e-05,4.03108878012e-14,8.62593397927,9.14628767262,4.98410629501,4.88587142046,PF,3500
202713,Kyle,Singler,3.2,5,PHO@OKC,OKC,PHO,,,5.8,6.5,18,0.490278492032,0.254513302266,1.96900674403,0.539242433264,0.285602698333,0.72728787926,0.404427713262,0.644442292456,1.01289057759,1.22521853616,0.619625410568,3.84935754552,0.33608577429,3.40614825718,15.0,7.28314112471e-09,1.19543615163e-18,6.03047442695,6.71315281826,4.49287436794,4.91049431204,SF,3500
203459,Allen,Crabbe,10.3,6,DET@POR,POR,DET,,,23.4,24.5,18,1.38597717318,0.351667283937,2.8135686939,0.687874524427,0.309494530974,0.976285685424,0.879808109303,0.812697780615,1.2857802164,2.845519319,0.90480249449,6.55099455749,0.513721222601,7.10956235509,25.0,1.05580372714e-06,7.68508126229e-13,12.3817173804,13.3047581125,7.10350138507,7.41378479067,SG,3500
202498,Lance,Thomas,9.3,6,LAL@NY,NY,LAL,,,9.4,9.5,18,0.68729570454,0.0594074681735,0.365266737579,1.41342693896,0.589430681468,1.05972100319,0.296406507787,0.828056577656,1.64915168466,2.29184303674,0.158374259422,4.843715629,1.04098074606,5.78304107896,18.0,1.81771298727e-06,6.31752607129e-15,8.67653803163,9.25221376097,6.00857150728,5.71274437925,SF,3500
2756,Sasha,Vujacic,15.0,6,LAL@NY,NY,LAL,,,10.9,11.5,18,1.28855808946,0.0690214256941,2.39397096811,0.561161498146,0.412260254038,1.11457489419,0.554349905737,0.857683319087,1.52683514823,1.83809171547,0.689504301054,5.15554371049,0.451035471396,4.8167232034,15.0,8.11843368709e-07,7.17735866069e-13,8.97082185925,9.82075864449,5.63582205575,5.9901264215,SG,3500
203382,Aron,Baynes,8.2,5,DET@POR,DET,POR,,,12.5,13.25,18,0.483700709359,0.279416122447,0.0333027097161,1.20560379789,1.15737034944,1.3711725891,0.176268290282,0.603446736039,2.52854293854,1.72344652647,0.00828743793246,3.26112049382,0.987813281967,4.44299377284,12.0,2.60620305619e-05,3.26271153476e-15,8.51071845254,8.9430517795,4.77070893016,4.3737746199,C,3500
202338,Kevin,Seraphin,3.9,3,LAL@NY,NY,LAL,,,8.6,9.25,18,0.314035644133,0.4460168144,0.00970840665296,0.447117476898,0.5417193673,0.701401380967,0.0951218308909,0.581749191602,1.24312074827,1.41820488101,8.04381483293e-06,2.94128796949,0.322482907383,3.15890071321,8.0,2.11018644769e-08,1.2492882353e-18,5.62222717631,5.97526186309,4.24503296486,3.90391204119,PF,3500
204025,Tim,Frazier,1.6,3,DET@POR,POR,DET,,,0.0,0.0,18,0.0,0.0,0.0,0.0,0.0,0.0,0.0,0.0,0.0,0.0,0.0,0.0,0.0,0.0,0.0,,,0.0,,0.92454094432,,PG,3500
1626199,Darrun,Hilliard,0.0,0,DET@POR,DET,POR,,,0.0,0.0,18,0.0,0.0,0.0,0.0,0.0,0.0,0.0,0.0,0.0,0.0,0.0,0.0,0.0,0.0,0.0,,,0.0,,0.845620626624,,SG,3500
203925,Joe,Harris,2.4,4,IND@CLE,CLE,IND,,,0.0,0.0,18,0.0,0.0,0.0,0.0,0.0,0.0,0.0,0.0,0.0,0.0,0.0,0.0,0.0,0.0,0.0,,,0.0,,0.60152111977,,SG,3500
1626242,Luis,Montero,1.6,2,DET@POR,POR,DET,,,0.0,0.0,18,0.0,0.0,0.0,0.0,0.0,0.0,0.0,0.0,0.0,0.0,0.0,0.0,0.0,0.0,0.0,,,0.0,,0.817576197931,,SF,3500
2617,Udonis,Haslem,13.3,1,TOR@MIA,MIA,TOR,,,1.2,1.25,18,0.0889005117514,0.026459396731,0.0261378489137,0.118364391484,0.130677336164,0.182953033992,0.0486406862687,0.0853698215753,0.313630370156,0.231416123941,0.00313654186964,0.49079205142,0.0811448683114,0.547113658064,2.0,3.24603777483e-17,2.55051733421e-34,1.1216512143,1.18158591453,1.48637704493,1.32602261408,PF,3500
201596,Mario,Chalmers,12.0,5,TOR@MIA,MIA,TOR,,,27.4,29.25,18,3.57791027181,0.152341880649,2.48055497406,2.73053920565,0.24142354452,1.31204584559,1.4533461256,1.8477628446,1.55346939011,2.50745364572,0.539489255989,6.8373474336,2.28506308021,7.83945962764,25.0,0.00153725322878,1.32877773866e-08,16.4341014714,17.7077069109,6.96831893914,7.07912916181,PG,3500
1626167,Myles,Turner,14.0,5,IND@CLE,IND,CLE,,,9.2,9.25,18,0.447944167709,0.931312636589,0.246732399891,1.44791155982,0.84950567498,2.3960170367,0.550906730444,0.860657218148,3.24552271168,2.67355617539,0.0679523300836,5.50245452442,1.00218459332,6.41724927417,18.0,0.000494129008713,2.89946325922e-11,13.0875742957,13.714896399,6.78769057563,6.41508682316,PF,3500
203462,Archie,Goodwin,7.6,3,PHO@OKC,PHO,OKC,,,6.4,7.5,18,1.03534366558,0.268696770292,1.06106830917,2.40525606814,0.584025085062,1.08461424671,0.407368710943,1.31799395204,1.66863933177,2.0291719129,0.291318501373,4.79832274811,1.64392912344,5.99359145062,14.0,2.22169465344e-06,3.34427577146e-13,9.58311115754,10.4712026834,5.6783285357,5.53448490889,PG,3500
1897,Metta,World Peace,12.1,1,LAL@NY,LAL,NY,,,18.3,19.5,18,0.747989528072,0.399675904188,2.33548538495,0.673738944274,0.616343048969,1.07396006645,0.930123781358,0.636792842125,1.69030311542,2.20028132578,0.845011069286,5.32188103165,0.448558488621,5.69413220947,16.0,2.39520878532e-06,1.55376774395e-13,10.8672867691,11.6927074733,6.06985530033,6.41916107278,SF,3500
1626204,Larry,Nance Jr.,11.0,1,LAL@NY,LAL,NY,,,8.2,9.0,18,0.64947509627,0.20927927088,0.560715207307,1.78088429818,0.656771082895,3.45521171149,0.461228282775,0.970956010942,4.11198279439,1.8722423224,0.154426029442,4.1376201,1.20698265166,5.10589332591,17.0,0.00133658827387,2.8351607339e-12,11.38454442,12.1548394623,5.23916284586,4.98442371284,PF,3500
203524,Solomon,Hill,0.0,1,IND@CLE,IND,CLE,,,0.0,0.0,18,0.0,0.0,0.0,0.0,0.0,0.0,0.0,0.0,0.0,0.0,0.0,0.0,0.0,0.0,0.0,,,0.0,,0.666823594838,,SG,3500
200779,Steve,Novak,3.0,35,PHO@OKC,OKC,PHO,,,0.0,0.0,18,0.0,0.0,0.0,0.0,0.0,0.0,0.0,0.0,0.0,0.0,0.0,0.0,0.0,0.0,0.0,,,0.0,,0.46501495496,,SF,3500
1626202,Joseph,Young,-0.5,2,IND@CLE,IND,CLE,,,0.0,0.0,18,0.0,0.0,0.0,0.0,0.0,0.0,0.0,0.0,0.0,0.0,0.0,0.0,0.0,0.0,0.0,,,0.0,,0.815939319454,,SG,3500
203956,Mitch,McGary,-2.0,1,PHO@OKC,OKC,PHO,,,3.6,5.25,18,0.319642211892,0.320873119653,0.0735476104407,0.961434543996,1.11673396117,1.24481117857,0.334937006957,0.906459688161,2.36154513974,1.82629915185,0.0165065681706,3.59068082561,0.609739281296,4.27884415317,11.0,1.39086508829e-05,1.15306348443e-16,7.99732220375,8.57690345188,5.00005471681,4.61484109459,PF,3500
203943,Noah,Vonleh,5.7,6,DET@POR,POR,DET,,,8.1,8.75,18,0.256718810093,0.323909375291,0.572344914418,0.871932857917,0.803083068539,1.28869980043,0.166352378234,0.552655950654,2.09178286897,1.05140065502,0.132450126534,2.6757132062,0.608550965695,2.84380240227,10.0,1.46822026466e-06,4.23707139454e-18,6.16688761658,6.61403200095,3.56805763262,3.42477684467,PF,3500
203922,Glenn,Robinson III,12.2,2,IND@CLE,IND,CLE,,,4.9,5.5,18,0.582205675373,0.0659711223167,0.858278502758,1.33749916761,0.681903112134,0.928601123825,0.333625975297,0.590595450128,1.61050423596,1.45025136536,0.203438684615,3.42025752536,0.931238472299,4.03517988763,13.0,5.28973687487e-07,3.86476073788e-16,7.04969222894,7.52723530157,4.33133286977,4.17236063262,SF,3500
203082,Terrence,Ross,11.3,6,TOR@MIA,TOR,MIA,,,5.4,6.0,18,0.81722965318,0.206938113877,3.88539954269,0.671949357524,0.248844810515,1.02500234952,0.644784610498,0.804889761765,1.27384716004,2.80936325207,1.28558735575,7.19120627464,0.60510668029,7.50942054017,20.0,3.71706948332e-07,7.0720628173e-15,11.162437299,12.2713687733,7.902967388,8.64092752688,SG,3500
203141,Mirza,Teletovic,4.7,6,PHO@OKC,PHO,OKC,,,4.2,4.75,18,0.312590445617,0.0827575053754,1.34885394718,0.260753705176,0.2050844841,0.337180711591,0.130359959283,0.289021691729,0.542265195692,0.785922225306,0.448695486263,2.16005890916,0.168238059715,2.18877799659,6.0,6.62016454486e-12,1.21763492247e-23,3.44559513743,3.84156698622,3.29298707603,3.60955368556,PF,3500
203516,James,Ennis,0.8,2,TOR@MIA,MIA,TOR,,,0.0,0.0,18,0.15336832445,0.0472561064193,0.260785236435,0.258341300957,0.13978281417,0.150387375885,0.072585146487,0.113121529864,0.290170190055,0.281833911075,0.08397218298,0.68544874146,0.214073177011,0.86171318214,3.0,3.39111464236e-16,5.84589510857e-31,1.56653087283,1.67958623875,1.70423982778,1.68535147028,SF,3500
2555,Nick,Collison,5.3,4,PHO@OKC,OKC,PHO,,,0.0,0.0,18,0.0,0.0,0.0,0.0,0.0,0.0,0.0,0.0,0.0,0.0,0.0,0.0,0.0,0.0,0.0,,,0.0,,0.838403124233,,PF,3500
101138,Brandon,Bass,10.2,5,LAL@NY,LAL,NY,,,0.0,0.0,18,0.0,0.0,0.0,0.0,0.0,0.0,0.0,0.0,0.0,0.0,0.0,0.0,0.0,0.0,0.0,,,0.0,,0.743016364815,,PF,3500
203962,Josh,Huestis,0.0,0,PHO@OKC,OKC,PHO,,,0.0,0.0,18,0.0,0.0,0.0,0.0,0.0,0.0,0.0,0.0,0.0,0.0,0.0,0.0,0.0,0.0,0.0,,,0.0,,0.845620626624,,SF,3500
1626148,Anthony,Brown,5.0,1,LAL@NY,LAL,NY,,,0.0,0.0,18,0.0,0.0,0.0,0.0,0.0,0.0,0.0,0.0,0.0,0.0,0.0,0.0,0.0,0.0,0.0,,,0.0,,0.811065531577,,SF,3500
1626153,Delon,Wright,0.2,1,TOR@MIA,TOR,MIA,,,0.0,0.0,18,0.216657541784,0.0557146723719,0.347680003159,0.244205521992,0.121695948573,0.417423197629,0.0927213437868,0.185487932838,0.539119146202,0.421630868824,0.0859889544986,1.05990743829,0.179917286117,1.10916797826,3.0,3.18237160138e-13,1.64170242983e-26,2.19248136586,2.35517576684,2.08081108636,2.00632007583,PG,3500
203998,Bruno,Caboclo,1.3,8,TOR@MIA,TOR,MIA,,,0.0,0.0,18,0.0,0.0,0.0,0.0,0.0,0.0,0.0,0.0,0.0,0.0,0.0,0.0,0.0,0.0,0.0,,,0.0,,0.779789282344,,SF,3500
1626176,Rakeem,Christmas,0.0,0,IND@CLE,IND,CLE,,,0.0,0.0,18,0.0,0.0,0.0,0.0,0.0,0.0,0.0,0.0,0.0,0.0,0.0,0.0,0.0,0.0,0.0,,,0.0,,0.845620626624,,PF,3500
2581,Steve,Blake,9.4,5,DET@POR,DET,POR,,,8.7,9.25,18,2.90909526208,0.0926310541309,2.16138867933,0.264050369677,0.218835422673,0.512440881178,0.270450616346,0.957356265049,0.731276303851,1.08316808309,0.671546325073,3.34477381822,0.18844843214,3.0263309234,14.0,4.1324485687e-05,2.56681948762e-13,8.03631245704,8.88738955403,4.41087928358,4.92671299308,PG,3500
201949,James,Johnson,0.6,3,TOR@MIA,TOR,MIA,,,18.4,19.75,18,1.93695021803,1.10074282313,0.893796466863,2.11530161557,1.10808481231,1.85623458279,0.970730033057,1.62453277759,2.9643193951,3.98631467503,0.199012491688,6.9306158746,1.2214499415,9.39309178326,26.0,0.000574876377616,2.00218408541e-08,18.3741133192,19.4349642982,8.04944052773,7.50692647774,SF,3500
203928,Cory,Jefferson,8.5,50,PHO@OKC,PHO,OKC,,,0.0,0.0,18,0.0,0.0,0.0,0.0,0.0,0.0,0.0,0.0,0.0,0.0,0.0,0.0,0.0,0.0,0.0,,,0.0,,0.782773145959,,PF,3500
203493,Reggie,Bullock,0.8,3,DET@POR,DET,POR,,,0.0,0.0,18,0.0,0.0,0.0,0.0,0.0,0.0,0.0,0.0,0.0,0.0,0.0,0.0,0.0,0.0,0.0,,,0.0,,0.512360411288,,SF,3500
200811,Louis,Amundson,14.6,53,LAL@NY,NY,LAL,GTD,Back,0.0,0.0,18,0.0,0.0,0.0,0.0,0.0,0.0,0.0,0.0,0.0,0.0,0.0,0.0,0.0,0.0,0.0,,,0.0,,0.92468939966,,PF,3500
1626146,Cliff,Alexander,0.0,0,DET@POR,POR,DET,O,Knee,0.0,0.0,18,0.0,0.0,0.0,0.0,0.0,0.0,0.0,0.0,0.0,0.0,0.0,0.0,0.0,0.0,0.0,,,0.0,,0.845620626624,,PF,3500
1626164,Devin,Booker,8.9,3,PHO@OKC,PHO,OKC,,,1.5,1.5,18,0.499811562643,0.227102379099,0.819708440201,0.84317919313,0.224925502066,1.07245972894,0.349429641299,0.549879820468,1.29738523101,1.60641747275,0.307254687541,3.4815307078,0.553404692683,4.07349432572,10.0,9.16559205729e-08,1.61180966446e-17,6.98325816723,7.47669482027,4.50502900421,4.38678670533,SG,3500
1626192,Pat,Connaughton,2.0,2,DET@POR,POR,DET,,,0.0,0.0,18,0.0,0.0,0.0,0.0,0.0,0.0,0.0,0.0,0.0,0.0,0.0,0.0,0.0,0.0,0.0,,,0.0,,0.793443753842,,SG,3500
1626196,Josh,Richardson,-1.0,1,TOR@MIA,MIA,TOR,,,0.0,0.0,18,0.0,0.0,0.0,0.0,0.0,0.0,0.0,0.0,0.0,0.0,0.0,0.0,0.0,0.0,0.0,,,0.0,,0.793443753842,,SG,3500
203921,Cleanthony,Early,2.0,4,LAL@NY,NY,LAL,,,0.0,0.0,18,0.0,0.0,0.0,0.0,0.0,0.0,0.0,0.0,0.0,0.0,0.0,0.0,0.0,0.0,0.0,,,0.0,,0.727093473212,,SF,3500
203512,Lucas,Nogueira,3.8,6,TOR@MIA,TOR,MIA,GTD,Hamstring,5.0,5.0,18,0.183607862073,0.0398074000885,0.112084604751,0.386466838093,0.173358794735,0.333431447834,0.123907275621,0.178239961278,0.506790242569,0.428960328572,0.0308691118908,0.97575670145,0.269229845517,1.15801961455,3.0,1.13674957831e-13,1.1782637154e-27,2.19076908888,2.3206631376,2.08027639164,1.91786072036,C,3500
201603,Sonny,Weems,4.1,6,PHO@OKC,PHO,OKC,,,0.0,0.0,18,0.0,0.0,0.0,0.0,0.0,0.0,0.0,0.0,0.0,0.0,0.0,0.0,0.0,0.0,0.0,,,0.0,,0.707557261617,,SF,3500
101179,Ronnie,Price,10.5,6,PHO@OKC,PHO,OKC,,,4.0,4.5,18,0.890376271992,0.0393661383301,0.810770052516,0.28876061213,0.0813370187167,0.211969023931,0.422933182449,0.335702164185,0.293306042648,0.554948552917,0.273122998168,1.45154708806,0.250007134927,1.63302723893,6.0,2.28807000806e-10,8.08574072283e-21,3.90945537547,4.22853325912,2.61449584509,2.76924137609,PG,3500
1626273,Marcelo,Huertas,8.1,4,LAL@NY,LAL,NY,,,0.0,0.0,18,0.0,0.0,0.0,0.0,0.0,0.0,0.0,0.0,0.0,0.0,0.0,0.0,0.0,0.0,0.0,,,0.0,,0.907006602875,,PG,3500
201619,Sasha,Kaun,2.9,2,IND@CLE,CLE,IND,,,0.0,0.0,18,0.0,0.0,0.0,0.0,0.0,0.0,0.0,0.0,0.0,0.0,0.0,0.0,0.0,0.0,0.0,,,0.0,,0.905047090032,,C,3500
201978,Chase,Budinger,6.7,6,IND@CLE,IND,CLE,,,6.4,7.5,18,0.939837183383,0.0825721460769,2.22930583015,1.15371315648,0.41873062378,1.00544124938,0.501346649168,0.617562950636,1.42417187316,1.93885488486,0.7359094424,4.8287792146,0.770616976977,5.38423618909,18.0,4.79891802852e-07,2.97186454455e-14,9.0532728518,9.80121836182,5.63327959569,5.95437204445,SF,3500
