NBA_ID,First Name,Last Name,FPPG,Played,Game,Team,Opp,Status,Injury Details,Actual_FD,Actual_DK,Actual_MIN,AST,BLK,FG3A,FTA,OREB,DREB,STL,TOV,REB,FGM,FG3M,FGA,FTM,PTS,MIN,DD,TD,FD,DK,FD_std,DK_std,fd_Pos,fd_Salary
201566,Russell,Westbrook,51.3,9,OKC@MEM,OKC,MEM,,,63.8,72.0,16,11.2058230521,0.283641629798,5.95599382816,8.84970289784,2.32226862762,4.96574141883,2.48546770254,5.53165256302,7.28801004644,10.4677767027,2.07993190319,23.3574088665,7.31829224183,30.3337775505,39.0,0.87497563614,0.135265663209,55.894690286,61.7831434653,21.5240675572,21.9383109654,PG,11400
201142,Kevin,Durant,43.1,8,OKC@MEM,OKC,MEM,O,Hamstring,0.0,0.0,16,0.0,0.0,0.0,0.0,0.0,0.0,0.0,0.0,0.0,0.0,0.0,0.0,0.0,0.0,0.0,,,0.0,,0.850243910824,,SF,10300
201935,James,Harden,45.9,10,BOS@HOU,HOU,BOS,,,17.7,21.75,16,4.83136290646,0.62400375137,6.82121712212,8.57807142092,0.71914479176,3.09034972586,1.34472387746,3.60448821039,3.80949451762,6.03899983145,1.95778877274,15.4892234107,7.45705853621,21.4928469718,30.0,0.0313461777714,0.00015081736149,33.6442517999,36.6633367361,14.7969067346,15.7659487834,SG,10200
202331,Paul,George,41.5,10,IND@CHI,IND,CHI,,,37.9,42.25,16,4.32973333437,0.255464533432,6.81384300285,6.91049924197,1.64495939591,4.92891906741,1.68385596437,3.89366987984,6.57387846332,8.13059829265,2.73882678346,19.3817588838,5.81171386244,24.8117372312,39.0,0.141733589342,0.00173046232287,39.1799625045,43.0426965303,17.9909209718,18.96917006,SF,9200
203081,Damian,Lillard,39.9,10,POR@SA,POR,SA,,,45.4,47.75,16,7.79055636897,0.287081049919,8.80262546166,5.66020469067,0.805687535281,3.02690755589,1.3289748689,3.81130088873,3.83259509117,9.69982730351,3.30643559423,22.0902605405,4.7636212086,27.4697114099,42.0,0.263280899631,0.00157896313919,43.1754710216,47.3256272565,20.4286535683,21.7996860442,PG,9100
202339,Eric,Bledsoe,39.8,9,LAL@PHO,PHO,LAL,,,25.7,29.25,16,4.93538885066,0.427332478662,3.20445590963,4.83112136696,0.514536281123,2.27518956554,1.60527615064,2.92960398315,2.78972584666,6.2324344435,1.19374135555,12.8671347647,3.8632607591,17.5218710017,28.0,0.0286836308299,1.82312706619e-05,29.4082385691,31.6524776708,12.8352483654,12.8806381874,SG,8700
202695,Kawhi,Leonard,37.6,8,POR@SA,SA,POR,GTD,Illness,42.3,44.25,16,1.79957425973,1.0680731988,3.32338494249,2.92477764772,1.06139551012,4.49824786844,1.92982248237,1.39201234635,5.55964337856,7.49182514809,1.23851210003,14.6027520237,2.46328264148,18.6854450377,31.0,0.0548311901155,2.96914687123e-06,32.6601574975,34.3356575823,14.2620184754,14.2147739156,SF,8400
2730,Dwight,Howard,36.1,6,BOS@HOU,HOU,BOS,O,Rest,23.9,25.5,16,1.50797579558,1.61631713487,0.0237079300253,5.4582694829,3.80229746519,5.53185073232,0.623415038041,2.98355792325,9.33414819751,6.17931489969,0.0108738946807,10.0898676926,2.93722727926,15.3067309733,30.0,0.415781036632,5.02313298063e-06,30.2655789263,32.8531888695,12.1394164863,11.5235196381,C,8200
2200,Pau,Gasol,33.8,9,IND@CHI,CHI,IND,,,26.1,27.25,16,2.1423574339,1.56627367672,0.414665373737,3.15574760809,1.96319423473,5.77383401285,0.478219350978,1.36637812024,7.73702824759,5.71002573892,0.04398919996,12.1122526058,2.43490836453,13.8989490423,27.0,0.216238581563,1.88915115706e-05,29.1195270254,30.5359766448,13.2672332795,12.8691920638,PF,8100
200746,LaMarcus,Aldridge,31.0,9,POR@SA,SA,POR,,,16.7,17.0,16,1.9607104156,0.892109842053,0.819848204118,4.70418281558,2.76568960459,5.80709881266,0.369510870305,1.93707207633,8.57278841725,7.22619290405,0.160674534639,15.9891833048,4.01013229291,18.6231926357,34.0,0.346242166862,1.36860853213e-05,32.4377737081,34.434690743,16.7435787114,16.3874225025,PF,8100
202710,Jimmy,Butler,34.3,9,IND@CHI,CHI,IND,,,30.6,31.75,16,3.17409778696,0.771754702711,3.40596413903,7.12058299781,0.760902510445,3.76403197117,1.82117475897,1.64535553373,4.52493448162,6.16536480682,1.32124801627,13.6579773867,5.55340162521,19.2053792551,36.0,0.0188446867266,2.89971008542e-05,32.9369507031,34.6748532236,13.6003199754,13.7507153132,SG,7900
201188,Marc,Gasol,28.5,10,OKC@MEM,MEM,OKC,,,31.2,33.5,16,3.93792262768,1.05644276078,0.253493964102,5.93699643215,1.38305931073,4.17271757583,0.391424051416,2.30307325927,5.55577688656,6.28247142241,0.137965148955,13.2520468307,4.96887709477,17.6717850885,35.0,0.0616930579078,0.000400960647025,30.8382616591,32.4303121763,14.7150481752,14.3359190325,C,7500
202738,Isaiah,Thomas,32.8,8,BOS@HOU,BOS,HOU,,,38.6,41.25,16,4.63584782748,0.0245610001574,4.94004924607,4.54859499993,0.417727891952,0.983194004707,1.05209665491,2.03550245649,1.40092189666,5.23575608795,1.69229518621,12.5037328298,3.9661485991,16.1299559612,24.0,0.0187747506385,4.57702399549e-08,24.8826468321,26.8447540115,12.2291163139,12.8941281336,PG,7200
977,Kobe,Bryant,24.7,7,LAL@PHO,LAL,PHO,,,0.0,0.0,16,0.0,0.0,0.0,0.0,0.0,0.0,0.0,0.0,0.0,0.0,0.0,0.0,0.0,0.0,0.0,,,0.0,,0.827503569969,,SG,7200
201586,Serge,Ibaka,30.3,9,OKC@MEM,OKC,MEM,,,32.8,35.25,16,1.19960230768,2.82150059133,1.89147590149,1.6194550605,2.5978183414,4.7678321311,0.413377943579,1.40642385092,7.3656504725,6.35707998523,0.825070786053,13.1339003974,1.12904592252,14.668276679,35.0,0.182139045514,0.000127002503897,30.3697939264,32.1274133443,13.3114206594,13.1216788398,PF,7100
2216,Zach,Randolph,27.1,10,OKC@MEM,MEM,OKC,,,26.0,28.5,16,1.74720488609,0.110276254511,0.1311315581,3.06845618953,2.51677728552,4.94102457806,0.810067026201,2.08563162632,7.45780186358,5.71326072939,0.0255462771966,12.025008005,2.52353785006,13.975605586,29.0,0.189031062173,2.85590814962e-06,25.3008300866,27.0128642925,13.4046088701,13.0083919596,PF,7000
203457,Nerlens,Noel,27.9,8,DAL@PHI,PHI,DAL,,,28.9,33.5,16,1.91018002926,1.80426515254,0.00933534375666,3.74956872549,2.98270922957,6.31111845454,2.0784496726,3.43328148907,9.29382768411,5.36425341232,0.0025710436193,12.8366247289,2.3199148711,13.0509927394,38.0,0.3710173109,4.27693507719e-05,31.4010041654,34.1402760903,14.0409522613,13.736079468,PF,7000
202688,Brandon,Knight,29.8,9,LAL@PHO,PHO,LAL,,,70.5,76.5,16,6.17085850978,0.553619024682,7.57458317132,3.65076018622,0.835497583816,3.02862044229,1.70183241914,3.64070409602,3.86411802611,8.67470051473,2.90240965516,19.7030591884,3.05210091124,23.3039115959,41.0,0.101620836756,0.000618201690783,38.0673397835,41.6863884206,18.2938834226,19.4251885051,PG,6900
1495,Tim,Duncan,27.8,9,POR@SA,SA,POR,,,25.8,27.25,16,2.93534096567,1.67603739002,0.100829819365,3.94202216753,1.96891104724,5.40144303088,0.637327164907,2.06189753102,7.37035407811,4.94846793809,0.00912447766709,9.34517648386,2.94029281343,12.8463531673,29.0,0.17123104203,0.000161810835633,28.6586210883,30.3199817921,11.0602310614,10.5878748685,C,6900
201565,Derrick,Rose,23.7,9,IND@CHI,CHI,IND,,,40.4,41.5,16,5.9476121887,0.340474484073,3.40734405988,3.29672315777,0.571423126111,2.06948008397,0.639642915488,3.00104620122,2.64090321008,6.03550612266,0.821358301343,15.5209132562,2.73181187488,15.6241824215,33.0,0.0734395533438,3.09343166501e-05,26.6738731546,28.8273726993,14.3264246116,14.3504850958,PG,6800
1626143,Jahlil,Okafor,31.2,10,DAL@PHI,PHI,DAL,,,35.7,39.75,16,1.43042173152,1.64372384307,0.142820829996,3.89579072137,2.31519815694,4.98070324332,0.535378438255,2.6620630723,7.29590140026,7.81469117173,0.0393341457669,16.3814535734,2.58657165761,18.2552881468,33.0,0.193597769373,2.26611147607e-06,30.8521439148,32.8580410462,17.7858828164,17.3754027904,C,6700
101145,Monta,Ellis,25.5,10,IND@CHI,IND,CHI,,,34.8,36.5,16,5.08305473169,0.371617703834,3.29599747655,2.93332028632,0.612831222194,2.11063277007,1.88184562609,2.70778146541,2.72346399227,6.47752691599,0.797033528209,15.4550935258,2.22303515107,15.9751225113,36.0,0.0325344859451,1.80565710178e-05,28.667006594,30.604443189,14.4981810932,14.4453937945,SG,6600
1717,Dirk,Nowitzki,29.5,9,DAL@PHI,DAL,PHI,GTD,Rest,30.0,32.25,16,1.76878045169,0.444785398845,4.15325714555,3.53510634539,0.634215354628,4.69782109031,0.549845301038,1.11038664293,5.33203644494,7.1093829452,1.91567836547,14.4863597875,3.1578487556,19.2922930115,31.0,0.0440371214231,7.36818459015e-07,29.2227821798,31.0684743988,14.095946492,14.439517234,PF,6500
203468,C.J.,McCollum,29.6,10,POR@SA,POR,SA,,,22.6,23.25,16,2.65630176156,0.25087123177,5.19072692371,3.04281703061,0.606679949403,2.28026667549,0.88349506775,2.18823234163,2.88694662489,6.90288087084,2.00521227986,15.629946255,2.58326860024,18.3942426218,34.0,0.00121388973116,3.50469185535e-07,25.9235314714,28.1664229994,14.735889637,15.3361300348,SG,6500
202700,Donatas,Motiejunas,22.7,71,BOS@HOU,HOU,BOS,O,Back,0.0,0.0,16,0.0,0.0,0.0,0.0,0.0,0.0,0.0,0.0,0.0,0.0,0.0,0.0,0.0,0.0,0.0,,,0.0,,0.75313246111,,PF,6400
201144,Mike,Conley,26.0,10,OKC@MEM,MEM,OKC,,,44.3,46.5,16,6.28438546656,0.0577197395449,4.13965882486,3.39441186932,0.58313066163,1.61882560575,1.17931850204,1.85168325912,2.20195626738,4.91992976125,1.53469357374,12.1948326982,2.84310069085,14.2176537871,31.0,0.0895765768816,9.13720083871e-06,26.9089727318,28.8466512386,11.7238186445,12.2427699872,PG,6300
201588,George,Hill,25.8,10,IND@CHI,IND,CHI,GTD,Illness,0.0,0.0,16,0.0,0.0,0.0,0.0,0.0,0.0,0.0,0.0,0.0,0.0,0.0,0.0,0.0,0.0,0.0,,,0.0,,0.801609163427,,PG,6300
202683,Enes,Kanter,23.8,9,OKC@MEM,OKC,MEM,,,24.9,25.75,16,0.628556005399,0.364602569837,0.183586544472,1.83100117524,2.36550323678,3.3360281239,0.162522040531,1.18897875838,5.70153136068,4.14747694582,0.0936355603282,7.43598504582,1.43980908372,9.82839853569,17.0,0.0383859910946,5.78984956732e-11,17.478340639,18.4623033532,8.99036475493,8.4950690684,C,6200
101114,Deron,Williams,24.2,9,DAL@PHI,DAL,PHI,,,24.6,25.75,16,6.20856378557,0.0915312004516,3.44944893975,3.16351292711,0.22439949791,1.580165686,1.35909873274,2.05055675685,1.80456518391,4.92110823364,1.12257697256,12.0425714735,2.94391890678,13.9087123466,33.0,0.0838875496013,1.80644954929e-06,26.2377393552,28.0403712228,11.5196634633,11.7582689559,PG,6200
203903,Jordan,Clarkson,22.8,9,LAL@PHO,LAL,PHO,,,23.9,25.0,16,2.90491711642,0.356386807729,3.40105592969,3.04808638219,0.863819520671,1.8971732356,1.09289159382,2.00913148554,2.76099275628,6.34936622202,1.40226418248,13.5550840965,2.38518580283,16.4861824294,33.0,0.00135065785537,4.76722255694e-07,25.0461747291,26.8919496179,13.2224627935,13.3726096724,PG,6000
201951,Ty,Lawson,22.6,10,BOS@HOU,HOU,BOS,,,14.9,17.0,16,5.06392973171,0.12317909251,2.19412531191,2.71066381155,0.605875106668,1.47678140024,0.947244581754,1.8968456244,2.08265650691,2.76460097268,0.640088406022,7.46826228911,1.89593125862,8.06522161001,27.0,0.014431795794,9.33620561316e-07,18.40430574,19.7985560751,7.58964252556,7.71241949957,PG,6000
203093,Terrence,Jones,23.9,5,BOS@HOU,HOU,BOS,,,31.6,32.5,16,1.28961956891,1.71585424665,1.65849945398,2.991100902,2.39590304805,3.15813668325,0.573514337024,1.20209437004,5.5540397313,5.55087218284,0.558567898264,10.4705966961,1.62118465449,13.2814969184,28.0,0.0464388641954,6.52082491038e-07,25.2574167467,26.4851101199,11.0778398166,10.738214326,PF,5900
202329,Al-Farouq,Aminu,26.3,10,POR@SA,POR,SA,,,20.3,23.5,16,1.95843745985,1.10208744026,4.18026871795,3.28829131117,1.64807065867,5.44261598391,0.989979676714,1.91737373111,7.09068664258,4.63979991487,1.46868523236,10.8961717126,2.38010521988,13.128390282,36.0,0.143528319101,5.6662038285e-06,26.8416309457,29.1045042368,10.8596170842,11.3982011023,SF,5900
202323,Evan,Turner,21.2,8,BOS@HOU,BOS,HOU,,,14.0,15.25,16,2.70511814829,0.234939063642,1.17911119088,0.997281535262,0.351481572168,1.81596599229,0.745514215551,1.46253966809,2.16744756446,2.66751060969,0.284317168342,6.29789699322,0.796024606042,6.41536299376,18.0,0.000155189484682,1.18069066562e-08,13.5723441838,14.5543777999,6.83112026344,6.62804377218,SF,5800
203944,Julius,Randle,26.1,9,LAL@PHO,LAL,PHO,,,11.0,13.25,16,2.20562225564,0.464380652193,0.338586527812,3.23578002278,0.870243529207,5.61786791608,0.678101982405,1.82506164752,6.48811144528,3.66426733786,0.0695534610419,8.4027463468,1.95577258348,9.35386072025,25.0,0.0670823539123,6.90185433764e-06,20.9079314597,22.2802888227,9.54649359096,9.22663189822,PF,5800
203496,Robert,Covington,10.4,1,DAL@PHI,PHI,DAL,GTD,Knee,14.0,16.25,16,1.04012881286,0.348277228254,4.50763501511,2.31898280949,0.736285037486,1.07094603427,1.05592719103,1.6098951935,1.80723107175,2.74066904634,1.34050644259,7.81401177946,1.90232042096,8.72416495622,20.0,9.82658388242e-06,3.31689633285e-12,13.6515491067,15.2171262182,8.49861146646,9.37870430793,SF,5800
2585,Zaza,Pachulia,26.5,10,DAL@PHI,DAL,PHI,,,12.2,13.5,16,2.25887977879,0.439253147511,0.017239769532,4.9293226161,3.18897980106,5.83279763029,1.0343548238,1.7964696827,9.02177743135,3.30135360618,0.0,7.46935252945,3.84768864986,10.4503958622,29.0,,,25.8155947079,,9.09757915144,,C,5800
2199,Tyson,Chandler,22.4,9,LAL@PHO,PHO,LAL,,,16.8,17.25,16,0.630293885164,0.762282660616,0.0533369434819,2.53944932548,2.66949251886,4.84332723453,0.635592421713,0.972840662318,7.51281975339,2.25162838268,0.0,3.97390447894,1.79202737012,6.29528413548,23.0,,,18.0790181696,,5.75840647613,,C,5600
203096,Jared,Sullinger,27.5,8,BOS@HOU,BOS,HOU,,,22.7,23.5,16,2.25695884216,0.885042981104,2.64941923648,1.22069728451,3.00574672797,4.42064822603,1.0751989759,1.3737902303,7.426394954,4.89520053629,0.883880962712,10.5382406509,0.882827673183,11.5571097085,25.0,0.153244887454,1.90019029922e-05,26.4009156002,28.1309952813,10.5166461484,10.5201116719,PF,5600
202703,Nikola,Mirotic,21.3,9,IND@CHI,CHI,IND,,,12.2,13.5,16,0.725651894487,0.360196931212,3.5246958248,2.58068031064,0.582173357627,2.36140507393,0.586570513039,1.22812789541,2.94357843155,2.33348389178,1.09088103384,6.28234175893,2.07362910554,7.83147792296,17.0,0.000381699943736,2.50645205089e-12,13.1176568756,14.4249128118,7.22626378224,7.88170132457,SF,5600
2772,Trevor,Ariza,23.1,10,BOS@HOU,HOU,BOS,,,33.8,38.25,16,1.90372538367,0.232054783511,6.05972956063,1.94076729103,0.662659578412,3.37785726552,1.83826633536,1.39312466717,4.04051684393,3.59193777527,1.97388188183,10.0955701849,1.57466219427,10.7324196266,32.0,0.00560854197951,3.01799748516e-07,21.1841454854,23.0780883205,10.8551574398,12.1598215153,SF,5600
202340,Avery,Bradley,18.6,6,BOS@HOU,BOS,HOU,GTD,Calf,25.2,28.25,16,1.52505738774,0.10542475763,3.11195849673,1.04592513092,0.37566081441,1.06329620623,0.709919487818,0.96597583413,1.43895702064,3.53082640525,1.16812268138,8.25340121148,0.759450990534,8.98922648241,20.0,3.84207186161e-06,6.85598885839e-12,13.6682736456,14.8072765175,8.51279082923,8.90354667798,SG,5500
203486,Mason,Plumlee,25.0,10,POR@SA,POR,SA,,,20.5,21.75,16,2.32185494858,1.00333618898,0.0192219165666,4.85121279269,2.89216959478,5.15168773856,1.32315021741,2.25340935033,8.04385733334,4.40112113616,0.00125022865421,7.61058630845,2.37226251258,11.1757550135,31.0,0.204681241981,3.2045289377e-05,26.7107296989,28.5473703539,9.65132525015,9.12664101111,C,5500
202693,Markieff,Morris,21.6,8,LAL@PHO,PHO,LAL,GTD,Knee,0.0,0.0,16,0.0,0.0,0.0,0.0,0.0,0.0,0.0,0.0,0.0,0.0,0.0,0.0,0.0,0.0,0.0,,,0.0,,0.794046808993,,PF,5500
201579,Roy,Hibbert,23.1,9,LAL@PHO,LAL,PHO,,,25.9,27.75,16,1.7664350171,2.49027750399,0.148126470086,4.6344427577,2.25509527052,4.49636914837,0.309215650591,1.83978354938,6.75146441888,3.76081434738,0.000679920995161,8.02294229948,4.01512125922,11.537429875,31.0,0.108334087443,3.08825230913e-05,26.0480424631,27.4684411979,9.56454050206,9.19244675081,C,5400
203935,Marcus,Smart,19.7,5,BOS@HOU,BOS,HOU,,,28.8,31.75,16,3.39377731713,0.372929710453,4.81642036784,3.33447680102,0.833373386828,2.3297441548,1.79244431983,1.60593011388,3.16311754163,3.27943769741,1.36050110512,9.20236911226,2.21085770309,10.130234203,30.0,0.00260852961032,2.66800473986e-06,21.7414591754,23.3867514604,9.48548205759,10.3100508976,PG,5300
202718,Chandler,Parsons,9.8,6,DAL@PHI,DAL,PHI,GTD,Rest,30.5,31.75,16,1.40621863586,0.186760170495,3.18159838322,1.62923142571,0.669220085174,1.75059170686,0.70106133314,1.09300891277,2.41981179203,3.79248059123,1.12538307469,8.1667969639,1.09432761073,9.80467186788,21.0,0.000125465138923,2.90614110974e-10,15.5004080666,16.7307828485,8.61850204701,8.92885255819,SF,5200
101161,Amir,Johnson,20.2,8,BOS@HOU,BOS,HOU,,,25.7,26.0,16,1.2590193927,0.949097254005,0.829767419153,1.71084506707,1.73536287421,3.02225763845,0.707826081361,1.28751621923,4.75762051266,3.27161965057,0.254276137667,5.80186130965,1.09119740481,7.88871284363,22.0,0.00963697457379,9.22047966081e-09,17.5127169994,18.535949693,7.01135887808,6.56816868528,C,5200
1626156,D'Angelo,Russell,19.2,9,LAL@PHO,LAL,PHO,,,23.8,25.0,16,2.92931950448,0.338279166354,4.07882223693,1.27500255507,0.85090262984,3.58581367292,0.995082924228,1.63871765099,4.43671630276,4.23763327558,1.23837551292,10.5655472152,0.933588492973,10.647230557,27.0,0.010670850694,9.31354423724e-06,21.3932759072,23.069692521,10.2067557138,10.6811040196,PG,5100
101150,Louis,Williams,21.9,9,LAL@PHO,LAL,PHO,,,16.4,18.5,16,2.21683213883,0.137328639214,4.10293271866,4.82520291489,0.190897225372,1.27490951734,0.73643700506,1.19780209699,1.46580674271,3.28399996379,1.13340866263,9.13487555075,4.11946489158,11.8208734818,22.0,8.20399899631e-05,2.67431854157e-10,17.4548189728,18.6938377506,9.22604419728,9.79963822914,SG,5100
203109,Jae,Crowder,25.9,8,BOS@HOU,BOS,HOU,,,22.6,23.75,16,1.51254550925,0.449492752858,3.45281408398,2.84301192312,1.31998840704,2.57590504233,2.2267336368,1.49197455934,3.89589344938,3.48971136252,0.965898799579,8.55747160802,2.29893176845,10.2442532931,28.0,0.00430728243064,4.89766955127e-07,21.0486219162,22.478815661,8.70402569867,9.03889330049,SF,5000
202083,Wesley,Matthews,16.0,8,DAL@PHI,DAL,PHI,GTD,Rest,12.9,14.5,16,1.73231217636,0.0575056100923,5.68024528504,2.5125994056,0.432779217752,1.58203809381,0.935592450441,1.18239551552,2.01481731156,3.93668627433,2.12959646276,10.191641564,2.0191801895,12.0221492009,29.0,4.62796932184e-05,5.08316190923e-10,17.8421988449,19.5990051207,10.9689813342,12.2023393727,SG,5000
203939,Dwight,Powell,24.5,10,DAL@PHI,DAL,PHI,,,17.6,19.5,16,1.40785337364,0.70253677075,0.520440681962,3.50237179095,1.97018904661,5.25437934308,0.788374199621,1.12622022262,7.22456838969,4.33247487048,0.142558870681,8.50047073613,2.36065707455,11.1681656862,26.0,0.136054425756,3.23521730165e-07,23.8050295324,25.0047301077,9.83355145269,9.42356052328,PF,4900
204456,T.J.,McConnell,22.9,10,DAL@PHI,PHI,DAL,,,32.4,35.25,16,7.52929700942,0.633232665324,1.64373444577,0.34381460111,0.813476390977,4.74868512515,1.31390327564,2.63902158763,5.56216151613,3.4098620595,0.443644637425,7.37442985016,0.253303813339,7.51667256976,34.0,0.112105315507,0.00473755620224,26.7404621975,28.7422740278,7.80433207478,7.62671186634,PG,4800
203079,Dion,Waiters,18.7,9,OKC@MEM,OKC,MEM,,,24.4,26.75,16,2.48382681451,0.289497759251,3.70591897671,3.28609611044,0.901273745121,2.95786659331,1.27153045682,2.09733653714,3.85914033843,5.73929503035,1.51729454947,13.7856720113,2.61741309481,15.613297705,38.0,0.00602383495629,1.53134229973e-06,24.9947262279,27.0040391345,13.0885688756,13.4143667207,SG,4800
2225,Tony,Parker,18.1,9,POR@SA,SA,POR,,,26.5,26.5,16,4.33134871879,0.013594596735,0.670511297882,2.4408167786,0.213245972579,0.999352384014,0.76007331846,2.03931188082,1.21259835659,5.35892893937,0.331880501063,10.4450149518,1.91375694419,12.963495324,28.0,0.010932588189,7.0104876166e-09,20.4236603797,21.6862853918,11.5510698554,11.1581539703,PG,4800
1938,Manu,Ginobili,22.2,8,POR@SA,SA,POR,GTD,Thigh,28.3,29.5,16,4.17073583577,0.265992004139,4.06182258448,2.10987609338,0.586741510489,1.76729262215,1.2486361833,1.89723653887,2.35403413264,4.43345148264,1.52834061653,9.43327170524,1.60663496301,12.0018785448,23.0,0.00794344931485,1.35887195092e-06,22.2148430937,24.0572526286,9.92395845581,10.474717796,SG,4800
201149,Joakim,Noah,19.6,8,IND@CHI,CHI,IND,,,23.2,23.5,16,3.57414188097,0.753239356162,0.00982299124814,1.58587810495,2.34963235814,3.9280286123,0.626509163285,1.50353620289,6.27766097044,1.73517949053,0.0,4.2662303781,0.80206268791,4.27242166897,21.0,,,18.422788491,,5.46332069799,,C,4700
202334,Ed,Davis,19.0,10,POR@SA,POR,SA,,,2.8,4.0,16,0.923845016154,0.779782899554,5.60633901418e-06,1.91361930021,1.84513288546,3.3094756085,0.512823167429,0.682664151719,5.15460849396,2.14517996974,6.94118163661e-07,3.66119526679,0.971600075875,5.26196070948,17.0,0.0055266137451,3.6237152443e-10,14.7358064087,15.343159178,5.42281229496,4.93949780646,PF,4700
201155,Rodney,Stuckey,18.1,7,IND@CHI,IND,CHI,GTD,Ankle,0.0,0.0,16,0.0,0.0,0.0,0.0,0.0,0.0,0.0,0.0,0.0,0.0,0.0,0.0,0.0,0.0,0.0,,,0.0,,0.774705712254,,SG,4700
201941,Jordan,Hill,20.7,9,IND@CHI,IND,CHI,,,24.9,26.0,16,1.59401220798,0.453249379999,0.0601663434553,2.42517217319,3.41002974586,4.41823410157,0.670978874659,1.5574247547,7.82826384742,4.37615822217,0.0161233913905,10.5424515225,1.75011741722,10.518557253,27.0,0.171324082054,1.18541451804e-06,22.9945239364,24.4297008812,11.632917332,11.3330080387,C,4700
101135,David,Lee,15.8,8,BOS@HOU,BOS,HOU,,,3.6,3.75,16,0.459857915005,0.113379480897,0.00514268495915,0.635675707601,0.47003461766,0.663710848562,0.129702036896,0.326367928589,1.13374546622,0.811754516164,2.97963432158e-08,1.67303034618,0.475973386419,2.09948244854,5.0,1.75638144911e-09,1.34822732239e-19,4.30955898751,4.52943024265,2.9920544939,2.7112544459,PF,4700
201945,Gerald,Henderson,9.3,2,POR@SA,POR,SA,,,4.9,5.5,16,0.65711167546,0.110978010183,0.619177325217,0.665046275671,0.106937202292,0.367402523288,0.152542345658,0.546105178099,0.474339725581,1.45823268491,0.17679311574,3.41238458535,0.559187890246,3.65244637582,9.0,1.2697071933e-10,1.25504379697e-20,5.18825709328,5.57342322667,4.3078583676,4.12259736603,SG,4700
101133,Ian,Mahinmi,19.6,9,IND@CHI,IND,CHI,,,27.9,29.0,16,1.07201830116,1.58452905416,0.00134220523551,2.44879862052,2.22297221401,4.12913496658,0.861081118935,1.21242997104,6.35210718059,3.5428676283,1.06392290157e-05,6.42393230507,0.659145131111,7.74489102694,28.0,0.0419958907665,2.85936343589e-07,20.6542374705,21.6410578287,8.08968746346,7.59681598673,C,4600
203991,Clint,Capela,19.4,10,BOS@HOU,HOU,BOS,,,20.9,21.25,16,0.593618348949,1.45171710869,0.100255480039,2.80317816981,1.99462498267,3.26664792583,0.531863589827,0.878052334882,5.2612729085,2.77929957458,0.0276112641685,4.92139114097,1.18097990225,6.76719031559,18.0,0.0121527064091,3.75023987953e-08,17.0602543914,17.7943790084,6.66444363065,6.1850735299,C,4500
201977,Marcus,Thornton,24.8,8,BOS@HOU,HOU,BOS,,,11.5,12.5,16,0.784191879016,0.0719020370095,2.54086815976,0.374905838847,0.429465909109,0.834736199738,0.506885864939,0.349482858654,1.26420210885,2.24807792008,0.902973237028,5.39116541904,0.307328337792,5.70645741497,12.0,1.96314479023e-07,2.34526370704e-15,9.20788070935,9.89731915711,6.18906491361,6.59528676277,SG,4500
101139,C.J.,Miles,18.0,7,IND@CHI,IND,CHI,,,23.4,26.0,16,1.05135879712,0.377318919459,6.25880440857,2.56363884259,0.334646815545,1.04275646862,1.31200687588,1.59964675609,1.37740328417,4.41595931629,2.31848148255,10.8552724762,2.0195482744,13.1699483895,27.0,2.68565894971e-06,2.40734650462e-12,18.1788753608,20.2068136728,11.8262469109,13.1612717425,SF,4500
203477,Isaiah,Canaan,17.3,10,DAL@PHI,PHI,DAL,,,6.7,7.75,16,2.0208505551,0.160837728735,6.11617397155,2.27244255954,0.365735815568,1.58531124851,0.791224524181,1.42337908663,1.95104706408,3.19891707892,2.2033434464,9.21926036387,1.8542014704,10.4553790746,25.0,5.49149108036e-05,1.19103983947e-09,16.3086568034,18.219652799,10.6868043476,12.1686991338,PG,4400
203924,Jerami,Grant,21.3,10,DAL@PHI,PHI,DAL,,,15.6,17.25,16,1.28424482267,1.57750124646,2.53941274592,4.02537648022,1.19554649763,3.02831208881,0.747735337943,1.45449578066,4.22385858644,3.43231417076,0.61012153125,8.62670257465,2.75763545176,10.2323853245,29.0,0.00721354536998,5.32481699943e-08,20.4233602504,21.6776823135,8.74072530228,8.77333399755,PF,4400
203086,Meyers,Leonard,16.9,9,POR@SA,POR,SA,O,Shoulder,0.0,0.0,16,0.0,0.0,0.0,0.0,0.0,0.0,0.0,0.0,0.0,0.0,0.0,0.0,0.0,0.0,0.0,,,0.0,,0.697045892761,,C,4400
203500,Steven,Adams,18.0,9,OKC@MEM,OKC,MEM,,,23.9,25.25,16,1.03243245655,1.74733039379,0.0113088950449,2.77138401713,2.62242668897,3.29038133998,0.524478055789,1.34006732068,5.91280802895,2.92373827974,0.00110561449134,4.94892956969,1.60850833881,7.45709051279,27.0,0.0279342912967,4.25944450114e-07,19.3046584108,20.3127879946,6.81492500448,6.29108736483,C,4300
2754,Tony,Allen,16.2,10,OKC@MEM,MEM,OKC,,,16.2,16.25,16,1.27109046196,0.423603964099,0.739114940248,1.51459437024,1.96409297927,2.38939017301,2.05432816336,1.14684778518,4.35348315229,3.33624444387,0.184185399909,7.43585075008,0.858055463245,7.71472975089,27.0,0.00538607301201,3.1574715067e-07,18.6545616963,19.5458325032,8.24509089445,7.93585162822,SG,4300
201959,Taj,Gibson,15.6,9,IND@CHI,CHI,IND,,,36.7,37.75,16,1.95464245678,1.48327012585,0.00358416240164,3.24911006126,2.78622783005,3.64204514452,0.550879833597,1.43036879,6.42827297456,4.36910557145,5.99029124262e-07,8.48535265583,2.04859313835,10.7868048803,31.0,0.0789056850171,3.32978074504e-06,24.0706272638,25.2255941239,10.1789249548,9.73460147099,PF,4200
2399,Mike,Dunleavy,17.8,63,IND@CHI,CHI,IND,O,Back,0.0,0.0,16,0.0,0.0,0.0,0.0,0.0,0.0,0.0,0.0,0.0,0.0,0.0,0.0,0.0,0.0,0.0,,,0.0,,0.594152155376,,SF,4200
2561,David,West,12.3,9,POR@SA,SA,POR,,,14.8,15.0,16,1.37719679842,0.230968042925,0.0856376988082,0.580790562421,0.520445159735,1.26086137879,0.196816892085,0.778457870821,1.78130653852,1.63897343145,0.0108459386968,3.28686321256,0.432707672722,3.72150047433,10.0,9.6558026173e-07,1.69456723738e-12,8.00197551739,8.48569419745,4.63536325723,4.2632952749,PF,4200
2734,Devin,Harris,17.6,10,DAL@PHI,DAL,PHI,,,20.6,22.25,16,2.63037841368,0.342634734303,3.13925551978,2.91346239698,0.288103582256,1.64719095797,1.22413222821,1.07085902923,1.93529454022,2.90443699699,0.766700710899,7.37286591698,1.982444978,8.55801968288,23.0,0.000209494851854,6.97111238249e-09,16.8886156474,17.9044745077,7.6542616812,7.91514297476,SG,4200
201980,Danny,Green,16.8,9,POR@SA,SA,POR,,,17.2,18.75,16,2.15227174243,0.851673707722,5.01414546287,1.15367028064,0.632007397678,2.46212112299,0.913649658084,1.21084118623,3.09412852067,3.15790451501,1.71581206667,8.50789968508,0.884321249663,8.91594234635,29.0,0.000728903353769,5.81163018218e-08,18.1771097302,19.796236312,9.38555583725,10.4718796461,SG,4100
200782,P.J.,Tucker,13.6,9,LAL@PHO,PHO,LAL,,,22.9,23.75,16,1.25611025782,0.0911171757102,2.45973316302,1.34753229416,1.17224023329,2.53173399597,1.01510559074,0.795290038781,3.70397422926,2.21692812333,0.813660851132,5.14265039871,0.896252310928,6.14376940872,24.0,0.00118978437884,1.18102094992e-09,13.8898593647,14.8813182012,6.08004512908,6.40508357501,SF,4100
200826,Jose Juan,Barea,16.6,10,DAL@PHI,DAL,PHI,,,10.7,11.75,16,2.80194630553,0.0367725074256,1.76272847397,1.04628048461,0.289516681744,0.587760846931,0.230114831382,1.03499249959,0.877277528675,1.95019160854,0.524952314086,5.10072307761,0.839481084267,5.26481661544,13.0,0.000109113039411,3.66688140084e-12,10.0192512862,10.843251239,5.60081571516,5.71853406902,PG,4000
201166,Aaron,Brooks,14.8,9,IND@CHI,CHI,IND,,,0.0,0.0,16,0.0,0.0,0.0,0.0,0.0,0.0,0.0,0.0,0.0,0.0,0.0,0.0,0.0,0.0,0.0,,,0.0,,0.818744048158,,PG,4000
201596,Mario,Chalmers,15.6,7,OKC@MEM,MEM,OKC,,,33.9,36.5,16,3.17505653095,0.182505390567,2.68301004825,3.88298483368,0.182401988232,1.19350695704,1.43507711866,1.73306956975,1.37590894527,2.70333271892,0.879447645253,6.71616103559,3.4116016306,9.6977147137,23.0,0.000962999961217,4.53757268263e-09,17.6134856932,18.9899842615,7.39432280806,7.70343634373,PG,4000
203917,Nik,Stauskas,18.6,9,DAL@PHI,PHI,DAL,,,2.9,3.5,16,1.17500237786,0.122974375382,3.14648707172,0.980811180794,0.134177557547,1.17074529529,0.363795768531,0.78810566089,1.30492285283,1.76681981654,0.893643245558,5.27773152553,0.749875408485,5.17715828712,16.0,2.83722127949e-07,9.7180535914e-14,8.69100390425,9.5971249257,6.07094322305,6.69670035942,SG,4000
201584,Courtney,Lee,17.6,10,OKC@MEM,MEM,OKC,,,11.2,11.75,16,0.891254924006,0.166775934965,1.81003531773,1.21599267574,0.28848266767,1.06994841549,0.717842846995,0.453770283223,1.35843108316,1.8983920302,0.479269988114,4.93163004501,1.10680019962,5.38285424812,17.0,3.01468727648e-07,1.29961111731e-14,9.66532121462,10.1997633566,5.44704326201,5.541651467,SG,4000
101111,Charlie,Villanueva,14.9,9,DAL@PHI,DAL,PHI,,,6.6,7.25,16,0.278455359024,0.258290787547,2.33873457553,0.34452604111,0.32977753153,0.932904863061,0.131224437953,0.318450734765,1.26268239459,1.67131796663,0.750758549561,4.12547443773,0.213679448718,4.30707393155,8.0,9.81733994262e-08,8.71937674385e-20,6.70055555983,7.29829446898,5.19972883206,5.60750203423,PF,3900
2549,Chris,Kaman,7.2,2,POR@SA,POR,SA,,,8.3,8.5,16,1.13728399229,0.625194413371,0.0062391379655,1.16180923263,1.78209775295,2.14948406035,0.206280706808,1.51291619352,3.9315818133,3.67359359619,0.0,7.62677304019,0.829888378717,8.1770755711,20.0,,,14.7509337823,,9.0296258555,,C,3900
203088,Kendall,Marshall,10.3,28,DAL@PHI,PHI,DAL,O,Knee,0.0,0.0,16,0.0,0.0,0.0,0.0,0.0,0.0,0.0,0.0,0.0,0.0,0.0,0.0,0.0,0.0,0.0,,,0.0,,0.899244200232,,PG,3900
203933,T.J.,Warren,16.2,9,LAL@PHO,PHO,LAL,,,27.8,28.0,16,0.689387943092,0.219498237603,1.14158580875,1.5104591498,1.56972206865,2.20523806091,0.751711635467,1.11211434566,3.77496012956,5.01106066375,0.344296371513,9.66289663604,1.09740242972,11.4638201287,24.0,0.00395743219064,4.59399044857e-11,17.8581595993,18.7810491128,10.4145326125,10.0121830782,SF,3800
201145,Jeff,Green,13.4,10,OKC@MEM,MEM,OKC,,,31.5,33.75,16,2.04541075425,0.387775975436,3.26531706836,3.90015893194,0.894478696863,2.66964937544,0.771601678353,1.78673990969,3.56412807231,4.81038178957,1.06314759849,11.9080150324,3.36924243867,14.0531536163,34.0,0.00326401873251,1.79779829169e-07,21.9302388323,23.5382855575,11.4515595806,11.648365128,SF,3800
101138,Brandon,Bass,12.1,8,LAL@PHO,LAL,PHO,,,11.8,12.5,16,0.782097522793,0.419263641647,0.166126271559,1.31831797514,1.54350604537,1.73249760217,0.348913849774,0.897655559738,3.27600364754,2.29757526982,0.0335013520771,4.67672203594,1.09733803817,5.7259899299,15.0,0.000389623768434,4.53976020579e-12,11.4690400142,12.0990030882,6.02702745062,5.64671220822,PF,3800
203092,Tyler,Zeller,6.9,6,BOS@HOU,BOS,HOU,,,15.0,16.25,16,0.888731027368,0.374782241036,0.00109265168325,1.78385067078,1.05920437926,1.43123659145,0.174818675428,0.770126509145,2.49044097071,2.82967686529,0.000100688347689,5.31866457528,1.45415201673,7.11360643565,14.0,8.66808840474e-05,3.28299101156e-12,11.7643074653,12.274073134,6.93155059416,6.48110917947,C,3800
203937,Kyle,Anderson,7.7,9,POR@SA,SA,POR,,,5.1,6.25,16,0.535430791656,0.218400155264,0.284054443744,0.303705699055,0.155117896068,0.59445562486,0.295760636024,0.236889961945,0.749573520928,0.697141174435,0.0911791754492,1.84497692893,0.193380544372,1.67884206869,7.0,3.10604210862e-11,9.82118380021e-21,4.17290810192,4.37442134671,2.74354430817,2.6319770289,SF,3800
2564,Boris,Diaw,14.9,9,POR@SA,SA,POR,,,30.1,30.5,16,3.43272149013,0.433102529532,1.40178393368,1.16057603729,0.833742964604,1.83298210078,0.499512462141,1.20250211296,2.66672506538,3.11011738482,0.459126900952,6.32177426559,0.864997915735,7.54435958633,22.0,0.00124570607015,4.90597501325e-07,16.5562397704,17.5222605615,7.09054549595,6.88749765082,PF,3800
101109,Raymond,Felton,15.4,10,DAL@PHI,DAL,PHI,,,7.1,8.75,16,2.91251369207,0.204639016159,2.34301067789,1.45632536954,0.402433493582,1.36687412762,0.685858436688,1.59894048519,1.7693076212,3.39942509655,0.677468574724,8.34703872593,1.31049943813,8.78681820596,25.0,0.000443337780841,7.30206951066e-09,15.46081231,16.6881472496,8.35960346277,8.41293859278,PG,3800
201580,JaVale,McGee,9.1,23,DAL@PHI,DAL,PHI,O,Leg,0.0,0.0,16,0.0,0.0,0.0,0.0,0.0,0.0,0.0,0.0,0.0,0.0,0.0,0.0,0.0,0.0,0.0,,,0.0,,0.88414802411,,C,3700
202720,Jon,Leuer,15.6,9,LAL@PHO,PHO,LAL,,,9.1,10.25,16,1.26024842032,0.252182688556,1.59840671322,1.41722233617,1.18982514192,3.16379790149,0.418094127167,0.810173246577,4.35362304341,3.06829590524,0.7118992149,7.1701451347,0.911372730208,7.75986375558,21.0,0.00548714511417,4.8873806552e-09,15.404964423,16.3919125383,7.60115548942,7.62658512965,PF,3700
203482,Kelly,Olynyk,16.8,7,BOS@HOU,BOS,HOU,,,19.2,21.5,16,1.734370061,0.870313416724,3.55815554725,1.87418538852,1.63238310289,2.40597076207,1.33866075131,1.8585722664,4.03835386496,4.07312188103,1.11355217627,9.28176644268,1.3277929792,10.5875889175,23.0,0.00555608739245,8.72612151626e-08,20.5945447167,22.2908590241,9.38848206261,9.7191438197,C,3700
203527,Ryan,Kelly,11.9,5,LAL@PHO,LAL,PHO,,,0.0,0.0,16,0.0,0.0,0.0,0.0,0.0,0.0,0.0,0.0,0.0,0.0,0.0,0.0,0.0,0.0,0.0,,,0.0,,0.759942184803,,SF,3700
203458,Alex,Len,12.0,9,LAL@PHO,PHO,LAL,,,23.2,23.5,16,0.410736180141,1.22087695247,0.0277612762153,3.00351685993,2.39951647496,3.99797769872,0.651558135836,1.92190887659,6.39749417368,3.05021236009,0.00836908158058,6.77659314212,2.13006023859,8.23885404034,25.0,0.0501727855867,3.3816348172e-08,18.354912619,19.7151855866,8.22223012108,7.88857494599,C,3700
203141,Mirza,Teletovic,7.8,9,LAL@PHO,PHO,LAL,,,21.3,23.0,16,1.6877999481,0.370561088013,6.4600606357,1.06471004933,1.05433112081,2.03936068103,0.621580370687,1.16095654091,3.09369180184,3.4758140865,2.23958653236,9.75245170259,0.750136923156,9.94135162852,27.0,0.00080523116822,8.99711624764e-09,17.0088080894,18.8649720898,11.1209819887,12.6412483094,PF,3700
1626158,Richaun,Holmes,10.3,7,DAL@PHI,PHI,DAL,O,Hamstring,0.0,0.0,16,0.0,0.0,0.0,0.0,0.0,0.0,0.0,0.0,0.0,0.0,0.0,0.0,0.0,0.0,0.0,,,0.0,,0.826541042835,,PF,3700
203926,Doug,McDermott,13.9,9,IND@CHI,CHI,IND,,,14.2,14.75,16,0.479737919491,0.0917386380351,2.70154520329,0.752190066032,0.316931413151,0.884586934119,0.229354702685,0.740287069465,1.20151834727,2.86634149695,1.26029283986,6.19909749781,0.567465821135,7.56044165489,17.0,2.19517560314e-07,2.52897855302e-17,9.62377016282,10.6841363641,7.08324900817,7.56291790227,SF,3700
1626174,Christian,Wood,9.2,9,DAL@PHI,PHI,DAL,,,0.0,0.0,16,0.0,0.0,0.0,0.0,0.0,0.0,0.0,0.0,0.0,0.0,0.0,0.0,0.0,0.0,0.0,,,0.0,,0.838988694432,,PF,3700
201148,Brandan,Wright,14.1,7,OKC@MEM,MEM,OKC,O,Knee,0.0,0.0,16,0.0,0.0,0.0,0.0,0.0,0.0,0.0,0.0,0.0,0.0,0.0,0.0,0.0,0.0,0.0,,,0.0,,0.863752431736,,C,3700
1891,Jason,Terry,6.7,8,BOS@HOU,HOU,BOS,,,7.7,9.25,16,1.57421386453,0.172552259681,3.73114114437,0.499886014902,0.0939983120894,0.406938807348,0.592574170314,0.976655991652,0.500937119437,2.06757682257,1.3571079536,4.98451495671,0.43894085345,5.93120245219,18.0,1.49785383814e-06,1.54789673891e-15,9.44724466064,10.639175736,6.93778229731,7.83365508888,PG,3600
204028,Tarik,Black,10.2,6,LAL@PHO,LAL,PHO,,,0.0,0.0,16,0.0562065562731,0.0435147081428,0.00290591869944,0.232052406374,0.213391141594,0.344286560823,0.0327181362083,0.0968996483977,0.557677702417,0.24559716133,0.000718697996158,0.448275551548,0.1251301715,0.617043192155,2.0,1.06082447797e-14,9.46495735048e-34,1.42613230977,1.50282536809,1.58906683233,1.40951290624,C,3600
201156,Nick,Young,14.7,9,LAL@PHO,LAL,PHO,,,12.6,14.25,16,0.779783064302,0.301795804194,5.72428613399,2.62698614687,0.247284534191,1.49839239646,0.755934506896,0.99308444374,1.74567693065,4.27361765959,2.33173751523,10.5382168938,2.43547787784,13.3144507123,25.0,1.19938587684e-05,2.36800811073e-13,17.7013138039,19.4510266207,11.3433492377,12.601762466,SG,3600
202730,Lavoy,Allen,12.6,9,IND@CHI,IND,CHI,,,19.2,20.0,16,1.54987504705,0.728572574485,0.0161992188178,1.04378020411,2.30806568812,3.55699652887,0.351857939006,0.912035190595,5.86506221699,2.5534473109,0.00250356276623,6.11221427921,0.585625598422,5.69502378299,24.0,0.0136652481526,7.43341300049e-08,16.3067368503,17.0777574331,7.22764253292,6.92884886089,PF,3600
203459,Allen,Crabbe,12.9,10,POR@SA,POR,SA,,,6.6,7.25,16,0.754990517294,0.18305071657,1.62493756381,0.519735659885,0.164874099428,0.771146097474,0.415639202255,0.414559277212,0.936020196902,1.82665417225,0.548338804697,4.03271982693,0.410413394636,4.61206054384,14.0,8.41799101945e-09,6.21343216441e-17,7.6505911165,8.17884117993,4.97241185177,5.06920992565,SG,3600
203462,Archie,Goodwin,8.0,6,LAL@PHO,PHO,LAL,,,22.2,23.5,16,1.80508738729,0.380263960095,1.75554786463,4.25417778967,0.996427533692,2.38570136997,0.664033885299,2.29160615086,3.38212890366,3.54631648151,0.496709692128,8.14832946994,2.92152342477,10.5108660799,25.0,0.00171162147573,3.37274601157e-08,17.0740413852,18.6398732852,8.73658024786,8.60853262489,PG,3600
203922,Glenn,Robinson III,9.6,6,IND@CHI,IND,CHI,,,5.2,5.25,16,0.68891128284,0.179028766745,1.139509258,1.60798548489,0.729274792164,1.37596614638,0.392552085169,0.652506226529,2.10524093855,1.75057367673,0.260844776019,4.30228499875,1.1452440371,4.90723616658,16.0,8.93585176303e-06,3.18984235627e-14,8.95754769439,9.51949864637,5.02899658414,4.90532598327,SF,3600
2555,Nick,Collison,6.9,6,OKC@MEM,OKC,MEM,,,11.3,12.0,16,1.31651782318,0.430854658223,0.653540315662,0.900654787811,1.45396876208,1.95604720069,0.582709160617,0.959576893331,3.41001596277,1.4866184074,0.140204762919,3.60575670217,0.702847493564,3.81628907129,17.0,0.000161645758563,2.11872372005e-10,10.9506357057,11.6712698013,4.47209956044,4.26797633889,PF,3600
203138,Hollis,Thompson,15.6,10,DAL@PHI,PHI,DAL,,,18.6,21.25,16,1.63934361272,0.201814472517,4.7523462364,1.47641310015,0.798512131532,2.33311011222,0.626838934241,1.53486009988,3.13162224375,3.32614132791,2.03642256284,8.0747188891,1.147793445,9.83649866365,29.0,0.000867980591487,7.58701553181e-09,16.1759074889,18.1194319261,9.36628689096,10.5020736463,SF,3600
203515,Phil (Flip),Pressey,11.1,7,DAL@PHI,PHI,DAL,,,0.0,0.0,16,0.0,0.0,0.0,0.0,0.0,0.0,0.0,0.0,0.0,0.0,0.0,0.0,0.0,0.0,0.0,,,0.0,,0.962896854298,,PG,3600
201988,Patrick,Mills,15.4,9,POR@SA,SA,POR,,,13.1,13.75,16,2.44401210349,0.0302011873795,4.07159693601,0.599968707533,0.409787250241,1.0544316794,1.00231747997,0.966676883859,1.46421892964,3.30052959439,1.52752063254,7.78329059716,0.465662413967,8.59424223529,21.0,0.000110543978904,3.74629984661e-10,15.1156835569,16.4361590787,8.60726495019,9.39499334011,PG,3600
201978,Chase,Budinger,9.7,10,IND@CHI,IND,CHI,,,5.8,6.5,16,1.21081470646,0.220614426191,2.13017225232,1.07021425137,0.383832520887,1.26284995431,0.552774794854,0.644954505046,1.6466824752,1.95150134425,0.790530501447,4.65736497982,0.714645996847,5.4081791868,18.0,1.78533108993e-06,1.04374243978e-12,10.1022441538,10.9023234588,5.58814597355,5.9236320315,SF,3600
202379,Jeremy,Evans,6.8,8,DAL@PHI,DAL,PHI,,,-1.0,-0.5,16,0.0353323542667,0.0407376097834,0.0168920393064,0.0868734967744,0.0790832111141,0.118034240047,0.0304717402229,0.0290416656749,0.197117451161,0.117899327567,0.00591750988578,0.208561772308,0.0660177279316,0.307733892951,1.0,4.2799819075e-20,1.8561992174e-40,0.710650400081,0.737985860419,1.24249062203,1.14188130063,PF,3500
203893,Russ,Smith,4.6,5,OKC@MEM,MEM,OKC,,,0.0,0.0,16,0.0,0.0,0.0,0.0,0.0,0.0,0.0,0.0,0.0,0.0,0.0,0.0,0.0,0.0,0.0,,,0.0,,0.809208665605,,PG,3500
203135,Robert,Sacre,3.4,1,LAL@PHO,LAL,PHO,,,0.0,0.0,16,0.0,0.0,0.0,0.0,0.0,0.0,0.0,0.0,0.0,0.0,0.0,0.0,0.0,0.0,0.0,,,0.0,,0.791501831316,,C,3500
203460,Andre,Roberson,11.2,9,OKC@MEM,OKC,MEM,,,0.0,0.0,16,0.0,0.0,0.0,0.0,0.0,0.0,0.0,0.0,0.0,0.0,0.0,0.0,0.0,0.0,0.0,,,0.0,,0.728304095867,,SG,3500
203963,Shayne,Whittington,-2.0,1,IND@CHI,IND,CHI,,,0.0,0.0,16,0.0,0.0,0.0,0.0,0.0,0.0,0.0,0.0,0.0,0.0,0.0,0.0,0.0,0.0,0.0,,,0.0,,0.827925034471,,C,3500
1626166,Cameron,Payne,2.3,4,OKC@MEM,OKC,MEM,,,4.7,5.75,16,1.7645417768,0.167948031929,1.65690898035,0.700686926905,0.341511018477,1.23798775915,0.395176008665,0.732612990293,1.57949877763,1.53565574697,0.443177055008,3.97101603614,0.5162278448,4.03071639374,12.0,1.86318128245e-06,8.57200450805e-12,8.96656268299,9.63343543932,4.68845605334,4.80389830863,PG,3500
203909,K.J.,McDaniels,1.7,3,BOS@HOU,HOU,BOS,,,6.7,6.75,16,0.546613127251,0.575571443329,1.11993719521,1.0062323844,0.49351491957,0.519465111238,0.296533194914,0.690731502922,1.01298003081,1.28326472581,0.287670751268,3.32232542257,0.671753939025,3.5259541419,10.0,6.36174198937e-09,6.65708840189e-18,6.61492764331,7.15477778149,4.11285103045,4.09743182701,SF,3500
2550,Kirk,Hinrich,4.0,2,IND@CHI,CHI,IND,,,14.7,15.25,16,1.27669099551,0.100900175075,1.31046170227,0.781149352819,0.140629466714,0.208316814149,0.463768592621,0.585681154022,0.348946280864,1.28141144344,0.474334113744,3.30579860636,0.604373488828,3.64153048944,13.0,6.19121667691e-08,5.48749512231e-18,6.51895890112,7.06641394191,4.17111969673,4.34654974781,SG,3500
201627,Anthony,Morrow,6.2,8,OKC@MEM,OKC,MEM,,,9.3,10.0,16,0.884647880196,0.094751565854,5.08213459565,0.763883898124,0.520153882039,1.07550597035,1.09874189229,0.707897533374,1.59565985239,3.61268326265,1.81009204925,8.81851815688,0.67412357951,9.70958215407,29.0,4.08520646209e-06,1.17168571502e-12,14.6304351801,15.9692190919,9.76211791681,10.813896983,SG,3500
202734,E'Twaun,Moore,10.4,9,IND@CHI,CHI,IND,,,7.9,8.0,16,0.992532027509,0.184813549727,1.20780544425,0.357005404807,0.243620677187,1.02403579328,0.475799738225,0.527921615089,1.26765647047,1.96005209921,0.425966847535,4.30456270473,0.230337144649,4.57640819061,16.0,1.22541153315e-07,1.14920609967e-14,8.37969895724,8.92002619589,5.12909742263,5.07144118882,PG,3500
1626175,Jordan,Mickey,6.1,2,BOS@HOU,BOS,HOU,,,0.0,0.0,16,0.0,0.0,0.0,0.0,0.0,0.0,0.0,0.0,0.0,0.0,0.0,0.0,0.0,0.0,0.0,,,0.0,,0.940961584844,,PF,3500
1626246,Boban,Marjanovic,3.8,5,POR@SA,SA,POR,,,0.0,0.0,16,0.0,0.0,0.0,0.0,0.0,0.0,0.0,0.0,0.0,0.0,0.0,0.0,0.0,0.0,0.0,,,0.0,,0.906254643721,,C,3500
202713,Kyle,Singler,5.7,8,OKC@MEM,OKC,MEM,,,2.0,2.0,16,0.308019032095,0.199532788563,1.75227693168,0.497315170872,0.258698170486,0.773987320398,0.412600449027,0.603032316732,1.03268549088,0.967924869874,0.547817877854,3.09214915547,0.369666408883,2.85333402649,12.0,5.37109789888e-09,1.54228772806e-19,5.17581932214,5.80287870203,3.93376644367,4.34111989783,SF,3500
203492,Ray,McCallum,2.9,6,POR@SA,SA,POR,,,0.0,0.0,16,0.0,0.0,0.0,0.0,0.0,0.0,0.0,0.0,0.0,0.0,0.0,0.0,0.0,0.0,0.0,,,0.0,,0.786999486455,,PG,3500
2446,Rasual,Butler,8.2,8,POR@SA,SA,POR,,,5.0,5.0,16,0.377936165276,0.176306370968,1.14483211099,0.303557324538,0.0802552277459,0.398260179764,0.245765569097,0.197961474684,0.47851540751,0.939609806471,0.357135082092,2.28337925161,0.231523293314,2.46787798835,7.0,2.55861900143e-12,2.73871770763e-23,4.25518313072,4.55665717949,3.36170809395,3.48873063805,SF,3500
1626257,Salah,Mejri,2.2,5,DAL@PHI,DAL,PHI,,,0.0,0.0,16,0.0,0.0,0.0,0.0,0.0,0.0,0.0,0.0,0.0,0.0,0.0,0.0,0.0,0.0,0.0,,,0.0,,0.871664190769,,C,3500
203098,John,Jenkins,9.8,4,DAL@PHI,DAL,PHI,,,0.0,0.0,16,0.0,0.0,0.0,0.0,0.0,0.0,0.0,0.0,0.0,0.0,0.0,0.0,0.0,0.0,0.0,,,0.0,,0.582381546013,,SG,3500
204025,Tim,Frazier,1.2,4,POR@SA,POR,SA,,,0.0,0.0,16,0.0,0.0,0.0,0.0,0.0,0.0,0.0,0.0,0.0,0.0,0.0,0.0,0.0,0.0,0.0,,,0.0,,0.926651513189,,PG,3500
101236,Chuck,Hayes,6.8,2,BOS@HOU,HOU,BOS,,,0.0,0.0,16,0.0,0.0,0.0,0.0,0.0,0.0,0.0,0.0,0.0,0.0,0.0,0.0,0.0,0.0,0.0,,,0.0,,0.809432383888,,C,3500
1626245,Cristiano,Felicio,1.5,1,IND@CHI,CHI,IND,,,0.0,0.0,16,0.0,0.0,0.0,0.0,0.0,0.0,0.0,0.0,0.0,0.0,0.0,0.0,0.0,0.0,0.0,,,0.0,,0.884062911993,,C,3500
1626242,Luis,Montero,1.6,2,POR@SA,POR,SA,,,0.0,0.0,16,0.0,0.0,0.0,0.0,0.0,0.0,0.0,0.0,0.0,0.0,0.0,0.0,0.0,0.0,0.0,,,0.0,,0.817576197931,,SF,3500
1626167,Myles,Turner,11.5,8,IND@CHI,IND,CHI,O,Hand,0.0,0.0,16,0.0,0.0,0.0,0.0,0.0,0.0,0.0,0.0,0.0,0.0,0.0,0.0,0.0,0.0,0.0,,,0.0,,0.811034325937,,PF,3500
1897,Metta,World Peace,14.5,5,LAL@PHO,LAL,PHO,,,18.3,19.5,16,0.940623031133,0.555155205899,3.15080063129,1.29783815449,0.635213644725,1.54892945097,1.04941862395,0.715182843975,2.18414309569,2.84207634485,1.21376941699,6.90810973337,0.844360817113,7.74228292382,21.0,3.74801008716e-05,8.85889082109e-12,14.2681540011,15.3418935065,7.55671568927,8.11507546668,SF,3500
1626204,Larry,Nance Jr.,10.8,5,LAL@PHO,LAL,PHO,,,6.1,6.75,16,0.652964710135,0.13510839417,0.596632245338,1.07796785012,1.10020775022,3.93387668063,0.590329675799,1.01482773766,5.03408443086,2.75378191018,0.18911952811,5.71634938742,0.730585639663,6.42726898813,23.0,0.00853280707525,2.54018388076e-11,13.8836657726,14.7501428378,6.74821629358,6.42474427086,PF,3500
203524,Solomon,Hill,0.0,1,IND@CHI,IND,CHI,,,4.2,4.75,16,0.902921305739,0.0928446802122,1.19764754081,0.93076266021,0.432808167336,0.371925184153,0.329442101518,0.657278617408,0.804733351489,1.38746076429,0.340940634407,3.48089360093,0.764342024102,3.88020418709,13.0,4.01427153085e-09,4.516894351e-17,6.38756111354,6.92690741305,4.2774395385,4.29008272711,SG,3500
203923,James,Young,0.0,1,BOS@HOU,BOS,HOU,,,0.0,0.0,16,0.0,0.0,0.0,0.0,0.0,0.0,0.0,0.0,0.0,0.0,0.0,0.0,0.0,0.0,0.0,,,0.0,,0.597620229554,,SF,3500
200779,Steve,Novak,4.2,1,OKC@MEM,OKC,MEM,,,0.0,0.0,16,0.0,0.0,0.0,0.0,0.0,0.0,0.0,0.0,0.0,0.0,0.0,0.0,0.0,0.0,0.0,,,0.0,,0.46938023534,,SF,3500
1626202,Joseph,Young,-0.5,2,IND@CHI,IND,CHI,,,6.2,6.25,16,0.642055373713,0.185746074957,0.943415074366,1.63417040782,0.386349863982,1.37638095126,0.351657805497,0.682857134355,1.76273081524,1.27243487954,0.233327413616,3.08026194719,1.20936568227,3.98756285497,12.0,1.06694345397e-06,1.96141168955e-15,7.45787352038,8.00410393554,4.07706436891,3.98413906032,SG,3500
203956,Mitch,McGary,3.9,4,OKC@MEM,OKC,MEM,,,0.0,0.0,16,0.0,0.0,0.0,0.0,0.0,0.0,0.0,0.0,0.0,0.0,0.0,0.0,0.0,0.0,0.0,,,0.0,,0.835229941302,,PF,3500
203943,Noah,Vonleh,4.9,10,POR@SA,POR,SA,,,11.7,12.5,16,0.573116671921,0.562347415239,1.11289728846,1.76554814183,1.64583331771,3.0008377672,0.304060959396,1.10057126005,4.64667108491,2.1475556054,0.286385084084,5.45291763258,1.24365133411,5.82514762899,22.0,0.00419245021732,4.82622952344e-12,12.893073428,13.8251738296,6.02181851785,5.89639753043,PF,3500
203613,Jonathon,Simmons,9.4,1,POR@SA,SA,POR,,,0.0,0.0,16,0.0,0.0,0.0,0.0,0.0,0.0,0.0,0.0,0.0,0.0,0.0,0.0,0.0,0.0,0.0,,,0.0,,0.896548115882,,SG,3500
1626149,Montrezl,Harrell,8.7,9,BOS@HOU,HOU,BOS,GTD,Ankle,4.4,5.5,16,0.37020531618,0.297859011292,0.155644825257,1.47120709779,0.861255102874,1.45119858603,0.31999094093,0.659131879887,2.3124536889,1.68214984474,0.0428659898187,3.14144932064,0.972344559934,4.37951023923,12.0,1.2565792394e-05,1.63318745303e-16,8.28633066474,8.75297113272,4.63475891191,4.24481075363,PF,3500
203210,JaMychal,Green,13.1,10,OKC@MEM,MEM,OKC,,,14.6,15.25,16,0.753884613714,0.91839239165,1.26720033019,2.66713972662,2.86671154901,4.66587566328,0.899318381379,1.96377908564,7.53258721228,4.19791777971,0.406496564112,8.73794535129,2.06599297386,10.8683250974,30.0,0.15374805104,1.56318828378e-08,22.7098991331,24.5022884421,9.46060164323,9.19450778409,PF,3500
201147,Corey,Brewer,12.8,10,BOS@HOU,HOU,BOS,,,21.6,23.25,16,1.8275963767,0.205956395826,2.40635338627,2.25272477888,0.649458878587,1.76862257154,1.22826224067,1.11197984011,2.41808145013,3.08451056878,0.4593695155,8.74429579076,1.57809916616,8.20648981922,24.0,0.000103081688006,2.12482664384e-09,15.6060395573,16.5127729365,8.32253907613,8.32423615703,SF,3500
1626179,Terry,Rozier,4.5,5,BOS@HOU,BOS,HOU,,,2.5,3.0,16,0.570672640721,0.0613133230404,0.940356336764,0.246022375879,0.392820796568,0.632316079845,0.151545287049,0.34370288021,1.02513687641,0.989418624937,0.18088993368,2.85063928975,0.181255844794,2.34098302835,6.0,2.01389684751e-09,1.20633657708e-18,4.5091705811,4.82272383488,3.44714427285,3.3950413673,PG,3500
203516,James,Ennis,0.5,3,OKC@MEM,MEM,OKC,,,0.0,0.0,16,0.0,0.0,0.0,0.0,0.0,0.0,0.0,0.0,0.0,0.0,0.0,0.0,0.0,0.0,0.0,,,0.0,,0.672163260223,,SF,3500
1713,Vince,Carter,5.2,1,OKC@MEM,MEM,OKC,,,0.0,0.0,16,0.0,0.0,0.0,0.0,0.0,0.0,0.0,0.0,0.0,0.0,0.0,0.0,0.0,0.0,0.0,,,0.0,,0.698363826671,,SF,3500
1626171,Bobby,Portis,9.0,2,IND@CHI,CHI,IND,,,0.0,0.0,16,0.0,0.0,0.0,0.0,0.0,0.0,0.0,0.0,0.0,0.0,0.0,0.0,0.0,0.0,0.0,,,0.0,,0.832664324594,,PF,3500
203503,Tony,Snell,13.3,9,IND@CHI,CHI,IND,,,14.6,16.75,16,1.35547146013,0.493586497452,4.04948496841,0.96188245507,0.353244911511,2.75789460877,0.52799167715,1.13956817777,3.11113952028,2.99823118106,1.74252559876,7.66099724837,0.859101280751,8.59808924162,29.0,0.000676731075292,1.14527946222e-09,15.2682520276,16.8658709919,8.47652275001,9.4243417756,SG,3500
2440,Matt,Barnes,15.2,10,OKC@MEM,MEM,OKC,,,8.4,9.5,16,0.511216322003,0.339637419762,2.11586757385,0.645614008596,0.347636963479,0.998174655305,0.525579307141,0.421773303355,1.34581161878,1.20422801305,0.63786632059,3.56198749181,0.57062907187,3.61695141856,12.0,1.0598696698e-07,5.19787358667e-17,7.30740999456,7.90452054645,4.53494876071,4.98025626352,SF,3500
1626147,Justin,Anderson,6.1,9,DAL@PHI,DAL,PHI,,,0.0,0.0,16,0.0867701127833,0.0495262266225,0.30351924703,0.101495753178,0.0497007598271,0.306567006301,0.0612864029589,0.12218971355,0.356267766128,0.305153779747,0.0937321763451,0.720215193219,0.0785799716488,0.782619707487,2.0,2.52560374428e-15,1.61128617838e-32,1.43973174163,1.56550607488,1.78498152471,1.76114027447,SF,3500
203962,Josh,Huestis,0.0,0,OKC@MEM,OKC,MEM,,,0.0,0.0,16,0.0,0.0,0.0,0.0,0.0,0.0,0.0,0.0,0.0,0.0,0.0,0.0,0.0,0.0,0.0,,,0.0,,0.845620626624,,SF,3500
1626148,Anthony,Brown,3.5,2,LAL@PHO,LAL,PHO,,,0.0,0.0,16,0.128140112815,0.0346272505644,0.271229509896,0.230218111846,0.074123756544,0.222308800802,0.0703566224318,0.10463137686,0.296432557346,0.262740836106,0.0859738931676,0.640690994928,0.178239306921,0.789694872301,2.0,3.48994006874e-16,1.02414899863e-31,1.44296047947,1.55308474235,1.70472714425,1.69643738846,SF,3500
1626185,Jarell,Martin,0.0,0,OKC@MEM,MEM,OKC,O,Foot,0.0,0.0,16,0.0,0.0,0.0,0.0,0.0,0.0,0.0,0.0,0.0,0.0,0.0,0.0,0.0,0.0,0.0,,,0.0,,0.845620626624,,PF,3500
203960,Jakarr,Sampson,10.1,10,DAL@PHI,PHI,DAL,,,9.4,11.0,16,0.670866295574,0.209859865275,1.06987417854,1.46877222292,0.59225064899,1.39655104024,0.426394004742,1.1116392233,1.98880168923,2.14741702911,0.286637183466,4.57842204837,1.00092712198,5.58239836367,15.0,8.11930060697e-06,2.27882286744e-14,9.13612835085,9.93471881764,5.50090661317,5.2852965302,SF,3500
203946,Cameron,Bairstow,2.8,2,IND@CHI,CHI,IND,,,0.0,0.0,16,0.0,0.0,0.0,0.0,0.0,0.0,0.0,0.0,0.0,0.0,0.0,0.0,0.0,0.0,0.0,,,0.0,,0.764119583146,,PF,3500
203090,Maurice,Harkless,14.3,10,POR@SA,POR,SA,,,6.2,6.75,16,0.525326892351,0.219507367487,1.05762528763,0.822273471274,0.768577142187,0.989911212977,0.356551188736,0.541161099212,1.75848835516,1.33245251474,0.367076843434,2.99071583522,0.510083465577,3.54206533848,12.0,8.76122019051e-07,2.45793555872e-16,7.05119771644,7.59324241971,4.04076255469,4.04972857725,SF,3500
1626176,Rakeem,Christmas,0.0,0,IND@CHI,IND,CHI,,,0.0,0.0,16,0.0,0.0,0.0,0.0,0.0,0.0,0.0,0.0,0.0,0.0,0.0,0.0,0.0,0.0,0.0,,,0.0,,0.845620626624,,PF,3500
201973,Jonas,Jerebko,8.8,8,BOS@HOU,BOS,HOU,,,9.4,10.5,16,0.898590263681,0.19885425654,1.05575847137,0.858140233114,0.948781999727,1.4023544143,0.285762705688,0.708768622784,2.35113641403,1.75515940158,0.429203695121,3.62088370677,0.780683081679,4.72020557995,14.0,2.08937596296e-05,8.75491560537e-13,9.14991997398,9.83649429428,4.7241285475,4.67197037588,PF,3500
1626154,RJ,Hunter,6.8,5,BOS@HOU,BOS,HOU,,,2.0,2.0,16,0.354693942874,0.177897789168,1.61562134564,0.353560460798,0.16811377101,1.64452639554,0.333346257016,0.550201270063,1.81264016655,1.18302670909,0.421279597658,3.19998993356,0.26048403028,3.04781704611,11.0,7.97218133695e-07,7.77361118342e-18,6.22731298258,6.80368662059,4.02105014999,4.2060625191,SG,3500
203928,Cory,Jefferson,4.4,1,LAL@PHO,PHO,LAL,,,0.0,0.0,16,0.0,0.0,0.0,0.0,0.0,0.0,0.0,0.0,0.0,0.0,0.0,0.0,0.0,0.0,0.0,,,0.0,,0.782521726406,,PF,3500
201976,Patrick,Beverley,10.5,7,BOS@HOU,HOU,BOS,O,Ankle,0.0,0.0,16,0.0,0.0,0.0,0.0,0.0,0.0,0.0,0.0,0.0,0.0,0.0,0.0,0.0,0.0,0.0,,,0.0,,0.812171695498,,PG,3500
203919,Jordan,Adams,9.0,2,OKC@MEM,MEM,OKC,O,Knee,0.0,0.0,16,0.0,0.0,0.0,0.0,0.0,0.0,0.0,0.0,0.0,0.0,0.0,0.0,0.0,0.0,0.0,,,0.0,,0.836764843022,,SG,3500
1626146,Cliff,Alexander,0.0,0,POR@SA,POR,SA,,,2.0,2.0,16,0.146690982756,0.129432977512,0.132623558764,0.183832936633,0.142189073872,0.413500118316,0.0862877746236,0.144798480773,0.555689192188,0.386296186652,0.0365257252229,0.872274110713,0.135438063759,0.944556162287,3.0,1.64919485495e-13,2.37789950135e-28,2.11806269055,2.23650925315,1.95476845656,1.81000570066,PF,3500
1626164,Devin,Booker,6.0,6,LAL@PHO,PHO,LAL,,,3.0,3.5,16,0.102367120747,0.0377835194778,0.231083123126,0.137558722274,0.0363996904497,0.215834809813,0.0649173759322,0.121256456608,0.252234500263,0.354711370945,0.108558036041,0.768358046082,0.0902840618534,0.908264839785,2.0,1.47695995107e-16,4.7366655446e-33,1.44864225543,1.57616122677,1.86452240788,1.84156509985,SG,3500
1626192,Pat,Connaughton,1.7,3,POR@SA,POR,SA,,,0.0,0.0,16,0.0,0.0,0.0,0.0,0.0,0.0,0.0,0.0,0.0,0.0,0.0,0.0,0.0,0.0,0.0,,,0.0,,0.799435041475,,SG,3500
201603,Sonny,Weems,4.0,8,LAL@PHO,PHO,LAL,,,0.0,0.0,16,0.0,0.0,0.0,0.0,0.0,0.0,0.0,0.0,0.0,0.0,0.0,0.0,0.0,0.0,0.0,,,0.0,,0.723405918714,,SF,3500
1626155,Sam,Dekker,1.1,3,BOS@HOU,HOU,BOS,,,0.0,0.0,16,0.0,0.0,0.0,0.0,0.0,0.0,0.0,0.0,0.0,0.0,0.0,0.0,0.0,0.0,0.0,,,0.0,,0.824869165214,,SF,3500
101179,Ronnie,Price,8.3,8,LAL@PHO,PHO,LAL,GTD,Concussion,0.0,0.0,16,0.0,0.0,0.0,0.0,0.0,0.0,0.0,0.0,0.0,0.0,0.0,0.0,0.0,0.0,0.0,,,0.0,,0.879000370494,,PG,3500
1626273,Marcelo,Huertas,9.6,6,LAL@PHO,LAL,PHO,,,11.6,13.25,16,2.7977693305,0.202165973682,1.25362504862,0.398332618657,0.848535804946,1.45332681765,0.450941626649,1.11276267323,2.3018626226,1.63846867325,0.404692096612,3.84422233859,0.293469710005,3.97509915311,14.0,6.39809817843e-05,7.5822924512e-09,11.1274408234,12.0013573337,4.68961453053,4.69410397151,PG,3500
2588,Matt,Bonner,1.1,2,POR@SA,SA,POR,,,0.0,0.0,16,0.0,0.0,0.0,0.0,0.0,0.0,0.0,0.0,0.0,0.0,0.0,0.0,0.0,0.0,0.0,,,0.0,,0.564840659394,,C,3500
201571,D.J.,Augustin,13.9,9,OKC@MEM,OKC,MEM,,,9.7,10.25,16,2.5952775566,0.0549859409508,1.88847055037,1.63221430509,0.203925082767,0.82022121537,0.619931654961,1.3589317726,1.02414629814,1.96126651087,0.712141920229,4.75005807391,1.26999351665,5.90466845861,16.0,8.086644812e-05,1.12945110314e-11,11.0174637705,12.1043292315,5.62349650366,5.86719865705,PG,3500
