NBA_ID,First Name,Last Name,FPPG,Played,Game,Team,Opp,Status,Injury Details,Actual_FD,Actual_DK,Actual_MIN,AST,BLK,FG3A,FTA,OREB,DREB,STL,TOV,REB,FGM,FG3M,FGA,FTM,PTS,MIN,DD,TD,FD,DK,FD_std,DK_std,fd_Pos,fd_Salary
201566,Russell,Westbrook,53.0,12,NY@OKC,OKC,NY,,,59.9,62.75,0,10.5345952373,0.36598184234,5.90742251588,9.5550975713,2.36041827869,4.87383699857,2.43914682495,5.17550308354,7.23425527726,10.5143504162,1.90727193339,23.3519628735,7.81196469263,30.7479374584,38.0,0.791194843793,0.116252454615,55.6656908982,61.1043408,21.5467513599,21.8971985904,PG,11700
201939,Stephen,Curry,50.9,13,CHI@GS,GS,CHI,,,41.0,45.75,0,6.32433894871,0.228600750762,10.8469756365,6.31323920664,0.424757871388,3.88578100032,2.52454814481,3.87769364177,4.31053887171,10.4154396922,4.80227428584,20.558002044,5.86384681499,31.4970004852,36.0,0.121233936798,0.00145001477346,47.7847597037,52.5264715606,21.0093848295,23.2067274742,PG,11000
203076,Anthony,Davis,40.5,9,SA@NO,NO,SA,,,49.1,52.0,0,2.42936309564,2.89370655554,1.59916548936,7.57332802008,2.16443853044,7.27658786327,1.40295768758,2.06562410904,9.4410263937,10.0776912262,0.602265837809,19.700525669,5.88101796796,26.6386662581,39.0,0.470375532711,0.000501685045971,48.1396469512,50.6527115985,20.30564982,19.9234242945,PF,10800
201142,Kevin,Durant,43.1,8,NY@OKC,OKC,NY,O,Hamstring,0.0,0.0,0,0.0,0.0,0.0,0.0,0.0,0.0,0.0,0.0,0.0,0.0,0.0,0.0,0.0,0.0,0.0,,,0.0,,0.850243910824,,SF,10300
201935,James,Harden,46.2,12,HOU@MEM,HOU,MEM,,,38.7,42.5,0,5.94018997535,0.817752510029,8.35479847176,10.5247054116,0.809398181462,3.949329983,1.79121540224,4.38101583983,4.75872816446,7.3167499204,2.32679591972,18.6491349018,9.23911990564,26.1994156662,36.0,0.0985462269871,0.00181240279951,41.6570944112,45.4021932481,17.457775787,18.6651091386,SG,10300
203083,Andre,Drummond,47.0,11,DET@MIN,DET,MIN,,,36.2,40.25,0,0.589653691958,1.22086120881,0.00662823467123,4.95536555512,4.73445857616,8.44620983464,1.32784115381,1.99050842451,13.1806684108,6.36222212836,7.18083112086e-05,11.5231939584,1.96046856753,14.6849846326,29.0,0.749918341531,1.56427811893e-06,34.4931635642,37.2723693063,13.4027196824,12.8841227512,C,10100
201933,Blake,Griffin,44.6,11,LAC@POR,LAC,POR,,,36.9,38.75,0,4.67420723313,0.499858497683,0.400892637169,6.4510607235,2.0627592045,5.09375321071,0.792865035139,1.98921345214,7.1565124152,9.87098006282,0.0997407412261,18.2841775583,4.78322578805,24.6249266549,34.0,0.206579015401,0.00397888428468,40.8202860164,42.5443939098,19.8053375287,19.2796244377,PF,9700
2546,Carmelo,Anthony,38.6,12,NY@OKC,NY,OKC,,,33.5,35.75,0,3.39702623741,0.568481087042,4.92056895012,5.92525453963,1.26329956464,5.0481326831,0.887779438183,2.05854926691,6.31143224774,8.34364780714,1.71347450753,19.9253924657,5.04979060947,23.4505607313,35.0,0.10897688359,0.000286184269772,36.9737905682,39.339697946,18.3137556114,18.6360517517,SF,9600
203081,Damian,Lillard,39.2,13,LAC@POR,POR,LAC,,,40.3,44.5,0,6.73454302168,0.229744443165,7.93332158947,5.25186767248,0.644773238627,2.8112069025,1.23019401922,3.60558332491,3.45598014113,8.65133630872,2.92380918181,20.1224807677,4.53435118742,24.7608329867,38.0,0.145853043839,0.000433747582284,38.3241172884,41.9816933573,18.6658531341,19.8740475559,PG,9000
101108,Chris,Paul,34.6,8,LAC@POR,LAC,POR,,,25.4,27.0,0,7.66673085518,0.0520046270671,3.69535879145,4.02104908671,0.25092585962,2.12625281262,1.40902140949,2.29811889722,2.37717867224,5.45716237469,1.33198330159,11.9492042051,3.44742569499,15.6937337459,29.0,0.220820441392,4.17712793017e-05,30.6703776113,32.9356436202,11.8157423936,12.0939191958,PG,8900
200768,Kyle,Lowry,38.6,13,TOR@LAL,TOR,LAL,,,43.5,47.75,0,6.51428128421,0.487841512162,6.60249701861,5.98161954937,0.751288654496,3.28410812158,2.43194943626,3.04958946667,4.03539677608,6.28692640201,2.63294259148,15.266605348,5.21283962199,20.4196350175,36.0,0.129686942623,0.00107136274933,37.8235255053,41.0643058754,14.8985471237,16.0792160032,PG,8600
202695,Kawhi,Leonard,38.3,10,SA@NO,SA,NO,,,35.0,36.75,0,2.19667340797,1.23671768435,4.04053273009,3.21498413247,1.16056553224,5.45633298291,2.19201744482,1.43120618164,6.61689851515,8.88062956428,1.68910020403,17.5082037058,2.67120961763,22.1215689502,37.0,0.131365857932,2.60356189361e-05,38.783121357,40.8712463694,16.7493092955,16.8471515468,SF,8600
202339,Eric,Bledsoe,38.6,11,PHO@DEN,PHO,DEN,,,29.7,32.75,0,6.3009305231,0.55429147032,4.44918929318,6.11652541145,0.589107174267,3.06011380471,2.09803185805,3.74434531274,3.64922097898,8.17611387139,1.62685398124,17.2679769928,4.87834158138,22.8574233054,37.0,0.109767966604,0.000472529088741,38.2481856088,41.2823158419,16.4809479833,16.6915347185,SG,8500
202324,Derrick,Favors,35.0,11,UTA@DAL,UTA,DAL,,,26.4,28.25,0,1.75398103358,1.74182667952,0.0952295615516,4.90862083962,3.18513961133,6.10810835235,1.8563191792,1.94329205259,9.29324796369,7.78709909635,0.00447069272165,14.5433220402,3.2304120422,18.8090809276,36.0,0.438613300744,2.42916304061e-05,37.8449496993,39.9414862961,16.2797226938,15.7740861455,PF,8300
201572,Brook,Lopez,35.5,12,BKN@BOS,BKN,BOS,,,23.4,24.75,0,1.07076041783,1.73150352174,0.166632794104,4.16954741082,2.38018657519,3.85267918396,0.280890839187,1.52479631565,6.23286575914,6.09171194171,0.00318116320807,12.4769041899,3.44634192716,15.6329469738,27.0,0.0929970183049,1.31969924122e-06,27.2185189177,28.4336504316,13.9525185801,13.5209182258,C,8200
2730,Dwight,Howard,34.8,8,HOU@MEM,HOU,MEM,,,35.5,39.25,0,1.90238667742,2.01080384736,0.023724523763,6.48481393076,4.512998528,7.50249967532,0.702522463708,3.45767268254,12.0154982033,6.65566644435,0.0108815055752,10.8836406565,3.48998069346,16.8121950877,36.0,0.718407633788,5.70140216844e-05,36.0533528874,39.4661873844,13.0351306648,12.4141928224,C,8100
202710,Jimmy,Butler,34.8,11,CHI@GS,CHI,GS,,,54.3,56.25,0,3.56155153212,0.713971614477,3.91497058189,7.6292903773,1.05121324017,4.17677164984,1.96264401063,1.66107778121,5.22798489001,7.2317831997,1.56960398354,15.6914472365,5.9016232638,21.9347936467,39.0,0.0441434197952,0.000152824834778,37.2428562819,39.186270013,15.3652432562,15.5675084985,SG,8000
203110,Draymond,Green,35.6,13,CHI@GS,GS,CHI,,,24.3,26.25,0,6.58188723627,1.41399989438,3.93252985785,2.53887451458,1.35594017212,5.47826650629,1.44946141776,2.52675764506,6.83420667841,4.67135328215,1.5667247993,9.96663616461,1.88179590544,12.791227269,35.0,0.225225031255,0.0155130487166,34.0652711168,36.8380993659,10.3377661381,10.8682086356,PF,7900
202704,Reggie,Jackson,32.8,11,DET@MIN,DET,MIN,,,33.5,34.75,0,5.16826979739,0.145200976369,3.520296519,3.80319728649,0.599139928261,2.41210173583,0.796181446962,3.08021137039,3.01124166409,6.34084468226,1.16132349604,14.5623998541,3.11449036501,16.9575032256,28.0,0.0370314551225,4.07567667081e-05,27.1259513948,29.4529503642,13.8953087752,14.0018005154,PG,7800
2200,Pau,Gasol,32.8,11,CHI@GS,CHI,GS,,,35.5,38.5,0,2.23435493152,1.49932231776,0.367164048952,3.13165782461,1.9632448821,5.89971596237,0.592143606014,1.4910313786,7.86296084447,5.78698184145,0.0389500879273,12.1306355231,2.43715786016,14.050071631,27.0,0.23095624128,2.73162209548e-05,29.5290575106,31.0337125966,13.3454340543,12.9394029657,PF,7800
201942,DeMar,DeRozan,33.6,13,TOR@LAL,TOR,LAL,,,24.8,27.0,0,3.92636929939,0.20054912922,1.39485376401,8.16307975583,0.676404011198,2.79088275717,1.2134114068,2.39443834878,3.46728676837,6.41713328551,0.310320477796,15.2584358558,6.68726270797,19.8318497568,34.0,0.0101104454208,2.19440246832e-05,30.3156305512,31.8566058031,15.7380302193,15.4599575342,SG,7800
200746,LaMarcus,Aldridge,29.8,11,SA@NO,SA,NO,,,38.2,40.25,0,1.80394400581,0.918849251373,0.739038573371,4.37618810768,2.71060424491,5.76953824083,0.306056482759,1.60442767501,8.48014248575,6.70502149544,0.133082642196,15.1627661666,3.74134456351,17.2844701966,32.0,0.328626629908,6.50601996514e-06,31.0119409815,32.7976627273,15.9192645462,15.5766278651,PF,7700
201599,DeAndre,Jordan,31.5,11,LAC@POR,LAC,POR,,,34.5,37.25,0,1.02050203745,2.62472389051,0.0132100860352,6.21078182109,3.6027957153,8.68629237587,0.529908460594,1.43643081079,12.2890880912,4.22956795926,0.00330222703795,5.95048237734,2.38226651728,10.8447046628,34.0,0.534731309677,0.000215939168632,31.9951973198,34.1322630253,8.39031029712,7.67783258171,C,7600
202738,Isaiah,Thomas,33.2,11,BKN@BOS,BOS,BKN,,,31.7,35.25,0,5.57913906222,0.0253432703062,5.99911471745,5.06476613502,0.431032518875,1.12059399223,1.24473362994,2.36554637297,1.5516265111,6.14511020207,2.01140804413,14.5462981492,4.3046412814,18.6062697297,28.0,0.0557265313458,3.50222747632e-07,29.0115375639,31.3611869456,14.0060426685,14.8606625794,PG,7500
202688,Brandon,Knight,33.5,11,PHO@DEN,PHO,DEN,,,61.2,68.75,0,5.3475510342,0.486153348773,6.546901819,3.9153195051,0.950818208122,2.87907960234,1.48983825582,3.41000354831,3.82989781046,7.82476527868,2.65802592736,17.5763225592,3.33247315882,21.6400296435,36.0,0.051474387388,0.000277964757604,34.7992132282,38.102768332,16.5692942302,17.5256205373,PG,7500
201188,Marc,Gasol,28.9,12,HOU@MEM,MEM,HOU,,,51.7,56.25,0,4.59241069058,1.04665935305,0.251146430568,6.00764400903,1.55869375176,4.63658872211,0.639055919535,2.40737353692,6.19528247388,6.66399057158,0.136687494022,14.00872206,5.04849014218,18.5131587794,37.0,0.114150546063,0.00184256054217,33.8001707921,35.558718932,15.4694194332,15.0872876468,C,7500
977,Kobe,Bryant,26.5,8,TOR@LAL,LAL,TOR,GTD,Back,23.3,25.0,0,5.10527396762,0.0887414403251,7.31636772673,5.94781326366,0.702475168762,2.85405906575,1.28817742468,3.43331924042,3.55653423452,7.12693733977,1.73378312019,19.8611122141,4.95418082128,20.941838621,37.0,0.0388669605903,0.000130452853901,32.1881091434,35.0081788349,17.2744839228,18.0624571703,SG,7400
202689,Kemba,Walker,31.2,12,PHI@CHA,CHA,PHI,,,36.9,39.0,0,5.53764033831,0.49914368564,4.32702829255,5.00161854687,0.578102184092,2.5549497556,1.77840171486,1.84583090673,3.13305193969,6.21270517349,1.52674290025,14.8200236272,4.00059708494,17.9527503322,35.0,0.0546796715926,8.14668420857e-05,32.7281330615,34.6533364699,14.0350404862,14.4068341718,PG,7400
203497,Rudy,Gobert,30.3,9,UTA@DAL,UTA,DAL,,,28.9,30.0,0,1.89865679874,3.12406080915,0.0127177322777,4.15047206385,3.87214895279,6.78046155269,0.898881688441,2.23209587394,10.6526105055,3.5990813202,0.00211166845854,6.56410577233,2.52574704664,9.72602135549,36.0,0.366944151193,0.00055295663951,31.1709282814,33.3727376746,8.514550349,8.06984379506,C,7400
201937,Ricky,Rubio,33.4,8,DET@MIN,MIN,DET,,,20.7,22.75,0,8.27800664741,0.0885502223785,1.94271382772,4.05245859945,0.711850033846,2.73105671308,1.80871220043,2.33357256831,3.44290674693,3.4718296138,0.416797956102,9.60260638169,3.34947437121,10.7099315549,30.0,0.215749704539,0.000635500643423,28.7193818996,30.5922435579,9.46900506115,9.41020579549,PG,7300
203952,Andrew,Wiggins,28.6,11,DET@MIN,MIN,DET,,,29.5,30.75,0,2.01847440465,0.608508999925,2.25887863163,7.35927726361,1.58102067411,1.91186359696,0.731153527799,2.22773508153,3.49288427107,7.40891738515,0.699721987676,17.1824337624,5.40660817981,20.9241649378,36.0,0.00327485223046,1.61749532432e-07,28.5949276439,30.2382131557,17.0852452645,16.9006851976,SF,7200
1626157,Karl-Anthony,Towns,33.5,12,DET@MIN,MIN,DET,,,38.9,40.25,0,1.11270026759,2.07047597994,0.536602349285,3.08752022773,2.3127006014,7.05068438602,0.735697431012,2.04323002262,9.36338498742,5.84098384111,0.12413810448,11.5617155698,2.68526094721,14.4913667339,28.0,0.406367301197,2.52034932861e-05,30.9655959195,33.1270757947,12.7475209587,12.3183185866,C,7100
1495,Tim,Duncan,29.0,11,SA@NO,SA,NO,,,13.0,13.0,0,2.05208238751,1.26840833799,0.0595637184809,2.48772770771,1.3619007765,3.42937723589,0.45600988381,1.29755367292,4.79127801239,3.20154808912,0.00539014968461,6.07715251079,1.89597096796,8.30445729589,19.0,0.0111432772987,6.48546161251e-07,19.2833972627,20.1911499362,7.72997374221,7.27908330963,C,7100
201587,Nicolas,Batum,30.5,12,PHI@CHA,CHA,PHI,,,19.3,23.0,0,3.77806652091,0.510680315998,4.66839239266,2.9880953283,0.961434308492,3.48376290215,0.902367833332,2.41817318174,4.44519721064,4.64572627906,1.9861114873,10.4353389718,2.61941207535,13.8969761208,32.0,0.0178566645718,7.36365839388e-05,25.3062356718,27.7576437735,10.8961350858,11.7298153693,SF,7000
201565,Derrick,Rose,25.4,10,CHI@GS,CHI,GS,GTD,Ankle,0.0,0.0,0,0.0,0.0,0.0,0.0,0.0,0.0,0.0,0.0,0.0,0.0,0.0,0.0,0.0,0.0,0.0,,,0.0,,0.8546937046,,PG,7000
201586,Serge,Ibaka,29.6,12,NY@OKC,OKC,NY,,,12.1,12.75,0,1.02020285173,2.21286827274,1.60087093276,1.44278585092,2.14222970914,3.90618055467,0.367221944709,1.1787161332,6.04841026381,5.17461905947,0.632355196345,11.2757209639,0.966126649895,11.9477199652,30.0,0.0647032907652,6.8410119617e-06,24.7175808611,26.0226124982,11.5470132267,11.356951513,PF,6900
2216,Zach,Randolph,27.1,12,HOU@MEM,MEM,HOU,,,0.0,0.0,0,0.0,0.0,0.0,0.0,0.0,0.0,0.0,0.0,0.0,0.0,0.0,0.0,0.0,0.0,0.0,,,0.0,,0.839487742541,,PF,6900
2744,Al,Jefferson,27.5,12,PHI@CHA,CHA,PHI,,,52.0,54.5,0,2.04928008981,1.3586324191,0.026776723789,2.49640490748,1.56738954716,4.61948183596,0.829363589569,0.879681460251,6.18687138313,7.77241307004,0.00984269840665,15.3509716597,1.55755257137,17.1122214098,31.0,0.0920183760381,5.38063059434e-06,31.1066977614,31.9988471158,16.8945656997,16.4292836962,C,6900
201568,Danilo,Gallinari,29.2,12,PHO@DEN,DEN,PHO,,,36.0,39.0,0,2.75771856908,0.792636491875,5.85402300661,6.70686239866,1.64857213816,3.44172133546,0.732296393366,1.46231721731,5.09029347362,6.13027450937,2.19479553879,15.0059741739,6.03061124327,20.4859558008,39.0,0.0350779824325,2.03066279493e-05,32.3184343759,34.4541833212,14.3983567858,15.291902706,SF,6900
202702,Kenneth,Faried,27.6,12,PHO@DEN,DEN,PHO,,,12.9,14.75,0,1.0196263862,0.80339306271,0.0287993179419,2.89494421162,2.91083626013,4.66664564127,0.626030744768,1.42406089539,7.5774819014,4.83741759779,0.00351241867672,8.59639757386,1.82294682746,11.5012944417,25.0,0.169097841923,2.52472295704e-08,23.5584990223,24.904806613,10.3470600847,9.8221479949,PF,6800
203457,Nerlens,Noel,25.6,10,PHI@CHA,PHI,CHA,,,24.8,26.25,0,1.21816030762,1.1510193947,0.00595260497719,2.60827015976,2.0107830133,4.56698700352,1.32874623736,2.40686998426,6.57777001682,3.85116331636,0.00163940476578,8.83720391626,1.58834925849,9.29231529597,27.0,0.0704200508295,1.7445809536e-07,21.5655410575,23.2043148524,10.1464875762,9.81605005401,PF,6700
201144,Mike,Conley,28.2,12,HOU@MEM,MEM,HOU,,,41.1,43.75,0,6.78020843675,0.059547655226,4.62692163396,3.73935201646,0.601597717942,1.84817425475,1.39474848242,2.02904544631,2.44977197269,5.66934597517,1.76137786109,13.5901619705,3.11122067949,16.2112904909,34.0,0.13567237807,3.23625375678e-05,30.2008763423,32.4221822493,12.9845128127,13.5697646114,PG,6700
1717,Dirk,Nowitzki,29.9,11,UTA@DAL,DAL,UTA,,,33.8,36.0,0,1.77764314314,0.588340451157,4.04541204018,3.42721219588,0.569695503726,4.91218424755,0.619777804016,1.18622890224,5.48187975127,7.45602136048,1.9725314899,14.6489368646,3.08833368864,19.9729078995,32.0,0.0514403687812,8.97764223289e-07,30.4476359238,32.3782733539,14.3117552189,14.6043083478,PF,6600
101127,Jarrett,Jack,31.1,11,BKN@BOS,BKN,BOS,,,13.9,18.0,0,5.00912939568,0.173680740762,2.21535149132,2.40161122695,0.235116036663,2.24695747661,0.53730721682,2.07390364313,2.48207351327,3.82296537086,0.783497084804,9.22960330137,2.09884029209,10.5282681186,24.0,0.0208813853247,5.43085826657e-06,20.3685227001,21.9526651103,9.29822749431,9.34745923703,PG,6600
203468,C.J.,McCollum,29.2,13,LAC@POR,POR,LAC,,,24.9,26.0,0,2.57401656524,0.211205517181,4.80385392956,2.9958336737,0.510700661163,2.16086196137,0.983315663585,1.98730348087,2.67156262253,6.48628395636,1.78462348536,14.7501217784,2.51265848837,17.2698498864,32.0,0.00075892155439,1.50684162518e-07,24.738488762,26.7591692106,13.9687065055,14.4745206722,SG,6500
1626143,Jahlil,Okafor,30.6,12,PHI@CHA,PHI,CHA,,,18.4,20.25,0,1.25832563378,1.30559518263,0.112283792318,3.52887802898,2.02310312673,4.57752936447,0.487201697019,2.47838197138,6.6006324912,6.82877793664,0.0309239699449,14.4180582057,2.3072847218,15.995764565,30.0,0.12156694046,2.54875759148e-07,26.9112237931,28.6782595636,15.8247576108,15.4212845425,C,6500
202330,Gordon,Hayward,25.3,11,UTA@DAL,UTA,DAL,,,35.4,38.25,0,3.52220869187,0.321078952841,4.35700830204,5.80561159783,1.07869886725,3.32921605497,0.96238772569,2.61339433811,4.40791492222,6.42838068873,1.40060403242,15.3319331365,4.53396553882,18.7913309487,38.0,0.0179136729002,5.04331297318e-05,29.3176809121,31.5720976522,14.4803061528,14.7810061233,SF,6500
201583,Ryan,Anderson,28.3,12,SA@NO,NO,SA,,,36.4,40.75,0,1.13762274571,0.408922534153,6.45001215773,2.34185977514,2.12013452784,4.30005265475,0.540090778964,1.53100855276,6.42018718259,7.13769006456,2.37270431162,15.5168480623,1.92658403631,18.574668477,33.0,0.110364002442,3.94813988414e-08,28.3523452882,30.7907572016,14.9244118958,15.8771485234,PF,6400
2207,Joe,Johnson,24.5,12,BKN@BOS,BKN,BOS,,,6.9,7.5,0,2.20481619805,0.0536639386145,2.0858707905,1.20431829984,0.390675111081,1.65157380822,0.340209381969,0.743730589019,2.0422489193,2.29778496091,0.601882727902,6.32129162847,0.994102259758,6.19155490948,18.0,3.84696973554e-05,1.38068495817e-09,11.9934939619,12.768470775,6.47714925583,6.63921788879,SG,6400
202700,Donatas,Motiejunas,22.7,71,HOU@MEM,HOU,MEM,O,Back,0.0,0.0,0,0.0,0.0,0.0,0.0,0.0,0.0,0.0,0.0,0.0,0.0,0.0,0.0,0.0,0.0,0.0,,,0.0,,0.75313246111,,PF,6400
202691,Klay,Thompson,25.2,12,CHI@GS,GS,CHI,,,24.1,25.75,0,2.83728956715,0.840662203338,7.10395042128,2.71131704602,0.511104433144,2.68033064638,0.825786277768,2.07422940832,3.19143507953,7.53479244867,2.91460649415,16.5342899341,2.31571523373,20.2999066252,36.0,0.00238501089635,1.2228991329e-06,29.6442306253,32.3018015155,16.01042888,17.2165189099,SG,6400
202683,Enes,Kanter,24.5,12,NY@OKC,OKC,NY,,,25.1,28.75,0,0.863708867302,0.46815023903,0.235725103794,3.14400305853,3.66037676116,5.18974383497,0.208679721679,1.75322002619,8.85012059613,6.06171727229,0.120228049614,10.8505905973,2.35850127763,14.6021638718,25.0,0.347541454321,1.01491301323e-08,26.1183117834,28.018854063,12.4225544973,11.9144498129,C,6300
201152,Thaddeus,Young,30.0,12,BKN@BOS,BKN,BOS,,,31.5,33.5,0,1.56445492893,0.447792049465,0.830200318766,1.86578837628,2.19025238681,4.15185199888,1.45763153102,1.48619407325,6.34210438569,6.3948092119,0.18833245606,12.5036644336,1.1692628826,14.1472137625,29.0,0.0940097797714,8.54123967896e-07,26.4290745064,27.7244602224,13.3889923364,12.9325473699,PF,6300
101114,Deron,Williams,25.2,11,UTA@DAL,DAL,UTA,,,45.2,49.0,0,6.79085562885,0.153470227265,3.98956261013,3.58569602901,0.211426174054,2.09388765821,1.61667829351,2.13369916383,2.30531383226,5.44337087388,1.46106145508,12.9598864956,3.37879751098,15.7266007138,36.0,0.135268195728,2.08664316424e-05,30.0858586335,32.2014695275,12.3977758632,12.7912021683,PG,6300
201569,Eric,Gordon,28.2,12,SA@NO,NO,SA,,,18.2,19.25,0,3.2431008238,0.241400370094,7.04103934253,2.95069966087,0.484384467942,1.48254403617,1.06557236518,1.51902340378,1.96692850411,6.00488333662,2.58692018005,14.5260760205,2.5268063721,17.1234932254,35.0,0.00183487111257,7.32136539968e-08,25.4433807328,27.5974514762,14.3730236896,15.6899526224,SG,6200
201163,Wilson,Chandler,24.6,78,PHO@DEN,DEN,PHO,O,Hip,0.0,0.0,0,0.0,0.0,0.0,0.0,0.0,0.0,0.0,0.0,0.0,0.0,0.0,0.0,0.0,0.0,0.0,,,0.0,,0.647602079227,,SF,6200
203096,Jared,Sullinger,28.9,11,BKN@BOS,BOS,BKN,,,19.3,19.5,0,1.78105190817,0.6002689242,1.92207405254,1.0782205791,2.2054693226,3.49883817822,0.812673065714,0.973484450056,5.70430750082,3.73730673171,0.641194073199,8.190328129,0.807338220469,8.92314575709,19.0,0.0327480190262,5.81342673591e-07,20.2922921501,21.4339705593,8.54208104472,8.46597529885,PF,6100
204001,Kristaps,Porzingis,26.3,12,NY@OKC,NY,OKC,,,17.2,19.0,0,0.822141572835,1.02770466913,2.81420706462,3.13662685056,2.66972426501,5.46637878775,0.801370690675,1.60212605049,8.13610305277,4.65350002182,0.780414091429,11.2267050236,2.47605980507,12.5634739401,26.0,0.235504604681,4.14128068034e-08,25.6160346319,27.5673668867,10.9195271441,10.9633667977,PF,6000
203903,Jordan,Clarkson,23.0,11,TOR@LAL,LAL,TOR,,,22.3,24.0,0,2.8280996493,0.324526603789,3.27972064362,2.77526607545,0.786469595194,1.97142382392,1.05623128881,1.95135908055,2.75789341911,6.14722647048,1.3379042145,13.1354560269,2.1716987028,15.8040558583,32.0,0.00117804635526,3.79701693306e-07,24.1658341398,25.9501286669,12.8516795501,12.9821976782,PG,6000
202694,Marcus,Morris,27.1,11,DET@MIN,DET,MIN,,,33.2,35.25,0,1.83652645992,0.394261041652,4.17592130114,3.65234316139,1.43496375656,3.50112344769,1.50814794936,1.62689225314,4.93608720425,5.14542555633,1.18163914577,12.7281197386,2.62901240285,14.1015026613,36.0,0.0252297495273,6.86549980367e-07,24.9575227251,26.6464394688,12.0133265232,12.3429753496,SF,6000
2772,Trevor,Ariza,24.5,12,HOU@MEM,HOU,MEM,,,29.3,32.5,0,2.00905859679,0.28104452243,6.81963810619,2.27278673343,0.753793167083,3.83129923914,2.00284739166,1.74402650942,4.58509240622,4.20897093649,2.24776869894,11.3432246729,1.80532302157,12.4710335935,35.0,0.0144895390186,1.37572430409e-06,23.8104896949,26.0573803551,12.1385211449,13.5888661444,SF,6000
202685,Jonas,Valanciunas,26.2,13,TOR@LAL,TOR,LAL,,,8.6,9.25,0,0.300151340169,0.567430242317,0.00254564623945,2.41491180898,1.93380107814,3.4546527382,0.214310849812,1.00762559172,5.38845381635,3.22189557478,3.65152226781e-05,5.75166374632,1.86845660106,8.31228426584,18.0,0.0215773429341,1.23255739164e-11,15.7845124483,16.590132207,7.50117812364,7.00626448301,C,6000
201960,DeMarre,Carroll,22.9,10,TOR@LAL,TOR,LAL,,,26.4,28.75,0,1.45846021169,0.262700168714,4.92239622654,2.40352492732,1.49514022513,2.72461058397,1.6573382002,1.38407857083,4.21975080911,4.56386654049,1.823907421,11.2397161065,1.55154942111,12.5031899231,34.0,0.00871541049211,1.11973401106e-07,22.2105793786,24.0386333666,11.2077332034,12.0481734954,SF,5900
1626144,Emmanuel,Mudiay,25.4,12,PHO@DEN,DEN,PHO,,,39.1,42.75,0,5.8402962751,0.854308842611,3.44215752999,3.26532200737,0.791444669929,3.1195331356,1.04614003512,3.60218088107,3.91097780553,4.76210442902,0.951441571006,13.0973298646,2.22521433422,12.7008647633,29.0,0.0634042972512,0.000405453035719,26.3531994169,28.9218823382,12.0751246726,12.273845885,PG,5800
202329,Al-Farouq,Aminu,25.7,13,LAC@POR,POR,LAC,,,33.9,37.5,0,1.85324010252,1.1155638571,4.37658528856,3.05420316411,1.64128579532,5.96260933394,0.963590522863,1.87326859249,7.60389512926,4.49542669175,1.48675980509,10.9928158427,2.27187427771,12.7494874663,35.0,0.18419330728,4.62664351594e-06,26.9390619426,29.2755747387,10.8510193464,11.4626394127,SF,5800
203897,Zach,LaVine,22.7,12,DET@MIN,MIN,DET,,,20.6,22.75,0,3.90831469602,0.10400801168,3.20680652539,2.63399117626,0.572586085503,2.03983669307,0.746750552283,2.571142744,2.61242277858,5.02142328431,1.25732896309,11.2937511506,2.27895686734,13.5791323991,26.0,0.0061006791807,2.25154566658e-06,21.7068861613,23.7609009272,11.1502377535,11.3720742803,SG,5800
203093,Terrence,Jones,23.6,7,HOU@MEM,HOU,MEM,,,17.3,18.5,0,1.35667046535,1.58290687811,1.75527529349,3.2239873987,2.18076794196,3.14804796182,0.578554128203,1.20549590957,5.32881590378,5.32668641288,0.639569404937,10.4684357943,1.72248497916,13.0154272099,29.0,0.036586761398,3.00765150503e-07,24.5624380954,25.8062925923,11.0232803694,10.7654817843,PF,5700
2585,Zaza,Pachulia,25.6,12,UTA@DAL,DAL,UTA,,,38.4,41.0,0,3.14560186113,0.585188216079,0.0200885823403,6.33067621358,4.22939772322,8.04359730365,1.35197839598,2.46008009819,12.2729950269,4.65374088371,0.0,10.0239372809,4.99695595088,14.3044377183,39.0,,,35.1646876682,,11.8078155533,,C,5700
202340,Avery,Bradley,21.9,9,BKN@BOS,BOS,BKN,,,28.6,29.25,0,1.83317483465,0.1147814278,3.84885947668,1.25393019716,0.524178652719,1.56078580468,1.11845336816,1.16688565317,2.0849644574,4.82319618761,1.50214999974,10.7135649648,0.884442859579,12.0329852345,25.0,6.47285502535e-05,1.10262995546e-09,18.5842887741,20.0231519196,10.6663560148,11.1201799246,SG,5700
201951,Ty,Lawson,20.3,12,HOU@MEM,HOU,MEM,,,20.2,20.75,0,2.9536609826,0.0955056110832,1.30222899677,1.67057851045,0.337278719223,0.849029312115,0.608115091083,1.13673925921,1.18630803134,1.61980154544,0.356324588387,4.53451364866,1.16316449044,4.75909216971,16.0,0.000116560204877,6.07142669957e-11,10.8836554263,11.6896775922,5.07369956782,5.09670631695,PG,5600
201950,Jrue,Holiday,20.7,8,SA@NO,NO,SA,,,24.1,24.75,0,5.23998347799,0.378342733971,2.77215453598,2.25423288184,0.270281727625,1.17425867076,1.04687609067,2.34496479252,1.44454039838,4.51770954951,0.994943487888,10.8148816063,1.83465229417,11.8650148811,24.0,0.0304264554213,9.50366258696e-08,21.9639114329,23.7517325612,10.5990667127,10.7307504492,PG,5600
202397,Ishmael,Smith,26.4,12,SA@NO,NO,SA,,,39.3,42.5,0,7.86939212115,0.387599159917,2.00564734683,1.57461353308,0.575748938497,2.53949920145,1.07520405175,2.51150659416,3.11524813995,4.73857337591,0.616119662634,11.9912336025,1.1780973844,11.2713637989,31.0,0.187545847582,0.000270661080554,27.2278495777,29.2295558677,11.6559183728,11.5816387351,PG,5600
203935,Marcus,Smart,22.5,8,BKN@BOS,BOS,BKN,,,15.4,17.0,0,2.35953714145,0.231496558161,3.29280437467,2.17074318678,0.669289091889,1.59792192647,1.21498932888,1.14828888246,2.26721101836,2.18959550159,0.895070380819,6.31869854318,1.47288048118,6.74714186518,21.0,9.04023931746e-05,6.75789341142e-09,14.751783691,15.8869594974,6.85337140327,7.38984311259,PG,5500
203486,Mason,Plumlee,25.1,13,LAC@POR,POR,LAC,,,34.5,37.0,0,2.1827855895,1.14261582022,0.0159198207146,4.69324691213,2.70708791518,4.68243880392,1.19989121514,1.97048027478,7.38952671909,4.11263099403,0.00103545429293,7.08258230912,2.43215915906,10.6584566014,29.0,0.141302702806,1.35098089759e-05,25.5146008445,27.0818296286,9.13694784655,8.6122944785,C,5500
203944,Julius,Randle,24.4,11,TOR@LAL,LAL,TOR,,,34.9,37.5,0,2.51824480891,0.58980710361,0.373903226273,4.04224368883,1.1168198207,6.98304404439,0.769672440505,2.11571117014,8.09986386509,4.47182317786,0.076808323267,9.9982804535,2.59783585707,11.6182905361,30.0,0.21894445666,6.41864814376e-05,25.7187423056,27.54860449,11.2078919634,10.8755756807,PF,5500
203496,Robert,Covington,14.0,3,PHI@CHA,PHI,CHA,,,17.1,19.25,0,1.34854612973,0.513329611201,5.05380716162,2.8240794295,0.686750591242,1.75311189853,1.26571994707,2.24677070204,2.43986248978,3.02690480124,1.25114232084,9.17783328568,2.43287163234,9.73782355565,23.0,0.000132925030747,3.35467805225e-10,15.9998061525,17.870955177,9.2193889744,10.0701201499,SF,5500
2199,Tyson,Chandler,21.7,11,PHO@DEN,PHO,DEN,,,5.8,6.5,0,0.443210055567,0.573304779084,0.0375054720359,1.78568998232,2.06354803584,3.70399370433,0.521501592713,0.795930667392,5.76754174018,1.73243147606,0.0,3.12991586523,1.2601178101,4.72498076222,18.0,,,13.70452801,,4.79196149695,,C,5400
202703,Nikola,Mirotic,20.5,11,CHI@GS,CHI,GS,,,38.5,41.0,0,2.00123852312,0.662481535525,7.39567267573,5.24424499084,1.40335657428,5.25676290631,1.32541199918,2.42748215098,6.66011948059,5.12416924088,2.17237683204,13.9656623488,4.31078378134,16.7314990951,36.0,0.126979401994,6.10919387403e-06,29.2738051749,32.0972280711,13.8029427633,15.1451606793,SF,5400
201579,Roy,Hibbert,23.6,11,TOR@LAL,LAL,TOR,,,23.1,25.0,0,1.6201324072,2.1036653153,0.121807966258,3.9227141857,2.02196951037,3.97672324962,0.310125588314,1.6804486727,5.99869275999,3.26015859554,0.000559115420687,6.87670934372,3.41343119155,9.93430749806,27.0,0.0513769100024,4.01450948675e-06,22.7100705554,23.927586496,8.42232216009,8.04587218715,C,5400
202692,Alec,Burks,24.0,11,UTA@DAL,UTA,DAL,,,22.0,23.25,0,2.40893091467,0.176046970901,2.63482746682,5.08019915259,0.753973355431,2.32988302393,0.857277061785,1.89766248497,3.08385637936,5.06845248682,1.10707204203,12.0982658409,4.26413219446,15.5081092101,30.0,0.00141475974777,2.54463482299e-07,22.9911188178,24.6498018033,11.9633086463,12.064451873,SG,5400
202693,Markieff,Morris,21.1,9,PHO@DEN,PHO,DEN,,,17.0,18.75,0,1.27428837647,0.385473066478,1.89699969372,1.84376273771,1.08000370922,2.21131997707,0.78021675233,1.5690647409,3.29132368629,4.14042418572,0.538250320984,10.3148106179,1.30461784584,10.1237165383,21.0,0.0013170075132,1.30845970456e-09,16.7470524232,17.9672516537,10.2007305249,10.0985843461,PF,5400
203109,Jae,Crowder,24.6,11,BKN@BOS,BOS,BKN,,,33.0,35.25,0,1.59670200502,0.396192833925,3.51770294012,2.71669598101,1.32157086643,2.69207087413,2.173515006,1.47316628292,4.01364174056,3.70828086422,1.11486498536,8.64947772238,2.23712524405,10.7685519578,28.0,0.005537287097,5.3961681947e-07,21.646224451,23.1492297216,8.95298774597,9.33989002487,SF,5200
203115,Will,Barton,26.0,12,PHO@DEN,DEN,PHO,,,25.8,26.5,0,1.96221758095,0.560812244009,2.73297717687,2.60092407266,0.653241968127,3.01333296976,1.23771739275,0.98359074393,3.66657493788,4.66675476619,1.04163362432,10.0907061302,2.22852956907,12.6036727258,26.0,0.00359043703874,1.44165717478e-07,22.5603575522,23.7616845713,10.234539852,10.33002728,SG,5200
202323,Evan,Turner,19.0,11,BKN@BOS,BOS,BKN,,,28.5,29.75,0,4.04924944976,0.359181069039,1.57331519294,1.39656313799,0.566113101271,2.67759821676,1.01574223237,2.16605145436,3.24371131803,3.88675456138,0.365610433432,8.78342631523,1.13776189632,9.27688145251,26.0,0.00578707571983,9.19413318161e-06,19.8270043573,21.263729063,9.07976018536,8.840405645,SF,5200
101106,Andrew,Bogut,22.6,7,CHI@GS,GS,CHI,,,17.8,18.5,0,1.93504584767,1.27425706053,0.000136747417191,0.85255148003,1.81020071979,2.92149281843,0.533027921237,1.22228228001,4.73169353822,2.34079011523,8.98391928164e-05,3.98028350108,0.427188520251,5.1088585899,18.0,0.00306580469006,1.11409180137e-07,16.0817472908,16.9341170686,5.64964301098,5.13816140564,C,5200
2225,Tony,Parker,20.6,11,SA@NO,SA,NO,,,25.5,25.75,0,5.21707787211,0.0135132774094,0.731617485179,3.20762057864,0.211970390888,1.44919359399,0.820643769152,2.22246428205,1.66116398488,6.10827735492,0.32989527862,11.945343858,2.61859646566,15.1650464541,32.0,0.0364196484078,3.58902050177e-07,24.4299098552,25.8437783841,13.0227460578,12.6181505111,PG,5200
101161,Amir,Johnson,19.8,11,BKN@BOS,BOS,BKN,,,19.4,20.0,0,1.29202857957,0.859608136949,0.717597314621,1.47676545157,1.45129795621,2.72057929166,0.618802165834,1.17912187695,4.17187724787,2.96794034623,0.206010933807,5.1992322915,0.884072718723,7.02596434499,20.0,0.00337639467747,3.84724512851e-09,15.7479586404,16.6541835117,6.47039783812,6.00487797838,C,5100
204456,T.J.,McConnell,23.7,12,PHI@CHA,PHI,CHA,,,23.4,24.75,0,5.884204307,0.44712667076,1.56194774187,0.242083594094,0.637822632757,4.11993526393,1.00474029914,2.22369463341,4.75775789669,2.9677033953,0.493919893235,6.31953070739,0.178353965576,6.60768064941,27.0,0.0296367407847,0.000514953813118,21.8233358923,23.4660310231,6.93274855719,6.80196299938,PG,5100
202718,Chandler,Parsons,12.7,8,UTA@DAL,DAL,UTA,,,12.4,14.0,0,1.41173920543,0.308671440891,3.15740497528,1.75320325215,0.605346632878,1.86298034206,0.634149652511,1.26815974274,2.46832697494,3.98945366131,1.08783960613,8.36547619319,0.989881002696,10.0566279314,22.0,0.000151696990388,3.63648601749e-10,15.7537115536,17.0553551233,8.78498098452,9.02954758047,SF,5100
203084,Harrison,Barnes,23.6,13,CHI@GS,GS,CHI,,,33.3,35.75,0,1.8807086233,0.245971716068,3.23210343155,2.64982286912,1.13132229894,3.40741548385,0.810974179018,1.02419916256,4.53873778279,5.21998564758,1.24837272643,10.3935778934,2.25386333567,13.9422073573,32.0,0.0152043324647,4.24820751633e-07,23.2994482592,24.685478866,10.6086062221,10.7640560191,SF,5100
1626156,D'Angelo,Russell,19.4,11,TOR@LAL,LAL,TOR,,,28.0,30.75,0,3.51553849918,0.480949224882,5.33235265532,1.44763858645,0.965080909077,4.5623211888,1.23589937995,2.05850985202,5.52740209787,5.50620857803,1.69965112669,13.5857196689,1.0599968768,13.7720651596,34.0,0.0483230505195,0.000155470912009,27.0534427834,29.2818443662,12.7680406377,13.4785063444,PG,5000
203504,Trey,Burke,19.2,11,UTA@DAL,UTA,DAL,,,15.4,17.75,0,2.69984044179,0.0514347317047,3.34926359401,1.52179955138,0.213031915037,1.4304596308,0.833795734862,1.40477962112,1.64349154584,4.095408965,1.3495199609,9.47454217475,1.14594505006,10.686282941,22.0,0.000328887212257,2.90884986555e-09,17.0739147707,18.5337324785,9.57309483953,9.99194897235,PG,5000
203484,Kentavious,Caldwell-Pope,22.0,11,DET@MIN,DET,MIN,,,14.2,15.25,0,1.56174727887,0.271871611055,4.87436661795,2.3466175758,0.587036878688,1.97657629551,1.44076160477,1.230657527,2.56361317419,5.06368506449,1.33440504521,12.6823926888,1.89290569346,13.3546808676,38.0,0.000281142141795,2.39564577459e-09,20.9682464996,22.3793801648,11.855899385,12.3738111453,SG,5000
101107,Marvin,Williams,24.2,12,PHI@CHA,CHA,PHI,,,26.8,28.75,0,1.39401099617,0.992113866595,3.70190096598,1.29550935056,1.19032198302,4.13451874278,0.72192547887,0.838838434364,5.3248407258,3.2003310239,1.4267919324,7.29871292055,1.04784607365,8.87530005386,29.0,0.0223549795866,5.08538422898e-08,19.9453656756,21.3779555172,8.21755007436,8.90320127044,PF,5000
202083,Wesley,Matthews,16.6,10,UTA@DAL,DAL,UTA,,,11.7,11.75,0,1.91952007351,0.122923578713,6.55925456083,2.93420420933,0.411327655303,1.70842627607,0.957486300751,1.26032442864,2.11975393137,4.21943502722,2.22884382538,11.3249129531,2.46524229778,13.1329561776,32.0,8.54895146815e-05,1.96767336605e-09,19.4564363358,21.3071363995,12.0140050521,13.4015435243,SG,4900
1938,Manu,Ginobili,22.8,9,SA@NO,SA,NO,O,Hip,0.0,0.0,0,0.0,0.0,0.0,0.0,0.0,0.0,0.0,0.0,0.0,0.0,0.0,0.0,0.0,0.0,0.0,,,0.0,,0.94936395344,,SG,4900
101150,Louis,Williams,20.4,11,TOR@LAL,LAL,TOR,,,14.5,16.0,0,1.66025159642,0.13101553406,2.98450628713,3.49162118098,0.13403131776,0.895129839105,0.586252361303,0.910182534302,1.02916115686,2.37492802051,0.83037571529,6.62128213697,2.92692295682,8.50715471314,16.0,4.60326625369e-06,6.59814028128e-13,12.7568787524,13.67862284,7.10228029345,7.50305407926,SG,4800
201593,Nikola,Pekovic,23.5,31,DET@MIN,MIN,DET,O,Achilles,0.0,0.0,0,0.0,0.0,0.0,0.0,0.0,0.0,0.0,0.0,0.0,0.0,0.0,0.0,0.0,0.0,0.0,,,0.0,,0.771302157252,,C,4800
201149,Joakim,Noah,19.7,10,CHI@GS,CHI,GS,,,6.4,8.75,0,2.69570447224,0.594719008125,0.00715592483288,1.15529213317,2.03363311862,3.36744949008,0.502397666145,1.41726277527,5.4010826087,1.26405630344,0.0,3.33786318927,0.584292519555,3.11240512643,17.0,,,14.4142315385,,4.41569025001,,C,4700
2749,Jameer,Nelson,17.8,10,PHO@DEN,DEN,PHO,,,14.9,15.0,0,4.50074974391,0.0375191395428,4.16351123594,0.975806214115,0.426728393892,1.47203665944,0.684965143932,1.70391293567,1.89876505333,3.15080336797,1.24284592877,8.62994631533,0.733230877688,8.27768354239,24.0,0.00757281858143,2.28911291692e-07,17.0483818535,18.628059453,8.71270673208,9.40537179875,PG,4700
203918,Rodney,Hood,22.2,10,UTA@DAL,UTA,DAL,,,19.2,20.75,0,3.39207355309,0.42711506395,5.92427932233,2.48008366099,0.478471955386,1.62398203058,1.27229611659,1.95905644351,2.10245398597,5.6837333433,1.82929450482,13.4910656495,2.1171216902,15.3138828816,36.0,0.00242231002047,1.67349297516e-07,24.364703912,26.3676360525,12.9543200651,13.7921459613,SG,4700
2738,Andre,Iguodala,22.6,13,CHI@GS,GS,CHI,,,20.5,21.75,0,3.91548489339,0.20752232677,2.92846602632,1.43024372051,0.977811687997,2.40472414925,1.26894014533,1.16184465747,3.38253583724,3.54430889684,1.25416359859,7.06699398471,0.816149187754,9.15893058001,29.0,0.005049517525,9.62034360113e-06,20.8822812115,22.2670152687,7.96121647158,8.31913046419,SF,4700
202391,Jeremy,Lin,20.5,12,PHI@CHA,CHA,PHI,,,17.6,18.25,0,4.14012163663,0.54040928868,3.56344848373,4.40061444895,0.513664282218,2.0704720421,1.11326235332,2.24991908968,2.58413632432,4.52004756454,1.09629187568,10.9894181109,3.61533828339,13.7517252882,29.0,0.00887465550941,3.07427556599e-06,24.1202955266,25.9359290316,10.7813854765,11.0566725142,PG,4700
204038,Langston,Galloway,21.0,12,NY@OKC,NY,OKC,,,18.4,20.0,0,1.75420295113,0.0935262346271,2.46616065461,1.49850983538,0.560522547488,1.93838594837,0.853520876226,0.62955260181,2.49890849586,2.71637664943,1.21810883606,6.04711796733,1.15115244125,7.80201457617,20.0,0.000116194949117,1.71974037541e-09,14.6965508178,15.7455012591,6.91207545032,7.35941310448,SG,4700
201167,Arron,Afflalo,18.8,4,NY@OKC,NY,OKC,,,14.9,17.5,0,1.65961963344,0.040697146665,3.48506583498,1.32621000564,0.351403304999,1.57321244518,0.243541242221,1.0810607686,1.92461575018,4.81347265345,1.17893519956,10.8818761891,1.13021761388,11.9360981203,29.0,3.19985077823e-05,2.42469905939e-10,16.2224824799,17.44875925,10.635325659,10.8910247317,SG,4600
203087,Jeremy,Lamb,21.4,11,PHI@CHA,CHA,PHI,,,20.6,22.25,0,1.90392261693,0.571620273348,4.95789902676,1.81909676481,0.608596209998,3.00470335056,0.777747785567,1.07152467328,3.61329956056,5.86725863833,1.77829032966,12.027721979,1.45697541744,14.9697830238,30.0,0.00362514671647,1.11471404203e-07,23.7888378664,25.3998484004,11.9991479273,12.5964964736,SG,4600
200755,J.J.,Redick,18.5,8,LAC@POR,LAC,POR,GTD,Back,14.2,15.25,0,1.54801681725,0.160269874051,4.52961516389,2.26403660161,0.219421122865,0.472543961214,0.551812837321,1.10137199602,0.691965084079,4.67099945047,1.91489948535,9.6683577564,2.05243621313,13.3093345994,26.0,4.32373791743e-06,1.7891434836e-14,16.7845113529,18.3272518334,10.4072901968,11.1743588852,SG,4600
2755,Kevin,Martin,18.9,11,DET@MIN,MIN,DET,,,17.9,18.25,0,1.41842060142,0.00784755420092,2.65048693894,4.31376619629,0.256547127647,1.56843190866,0.485653045947,1.15505106383,1.8249790363,3.76902618778,0.826546774823,9.67745261774,3.80033994044,12.1649390908,22.0,1.86308302766e-05,4.20855835538e-11,16.314494973,17.3965707905,9.58842445983,9.72450758592,SG,4600
203939,Dwight,Powell,23.3,12,UTA@DAL,DAL,UTA,,,23.3,23.5,0,1.17014139948,0.677972866937,0.396298098513,3.19770319807,1.69519208499,4.30048748855,0.691909335244,0.955120545061,5.99567957354,3.50997209057,0.108553791691,6.96468982101,2.22500430582,9.35350227865,22.0,0.0461287499519,2.1532236002e-08,20.0881737254,20.988988062,8.37807253928,7.98126507817,PF,4500
203079,Dion,Waiters,17.8,12,NY@OKC,OKC,NY,,,24.3,26.5,0,1.90428397376,0.201892016657,2.98601949173,2.57850799166,0.743267817972,2.4069706453,1.11619733823,1.80683909968,3.15023846327,4.46143613304,1.05814758892,11.0480884596,2.05481162107,12.0358314761,30.0,0.00119733739717,3.67741036153e-08,19.5018832027,21.0936845866,10.6922612876,10.8911489855,SG,4500
101141,Ersan,Ilyasova,16.5,11,DET@MIN,DET,MIN,,,12.2,13.75,0,0.799676950982,0.274673209465,2.76579204373,1.38996470844,1.06943156007,1.37522769368,0.466850338856,0.737928875913,2.44465925374,2.88261648692,1.17636117908,6.54239762571,1.01350954974,7.95510370267,19.0,9.59780983792e-05,1.37879905173e-12,12.8333284544,13.9128504117,7.30230468306,7.75414917762,PF,4500
200782,P.J.,Tucker,15.8,11,PHO@DEN,PHO,DEN,,,13.8,15.0,0,1.24996301999,0.0828723479575,2.45218758108,1.60189977906,1.33495490749,2.62518958984,0.977017290076,0.83084134666,3.96014449733,2.5001410614,0.793792667236,5.69869996021,1.19144417799,6.98551896803,25.0,0.00242846064664,2.23011944976e-09,14.9015748242,15.9155417537,6.49159706842,6.73881084277,SF,4400
203924,Jerami,Grant,21.0,12,PHI@CHA,PHI,CHA,,,22.5,23.25,0,1.04619313003,1.35876691315,1.92680757696,3.36207457412,1.1239861698,2.43298232567,0.601875704972,1.21976454255,3.55696849547,3.00979385976,0.451621513178,7.10227472461,2.28057067815,8.75177991085,24.0,0.00181566610303,3.44689160123e-09,17.2909524942,18.3072174563,7.58744291492,7.49189639432,PF,4400
203086,Meyers,Leonard,16.9,9,LAC@POR,POR,LAC,O,Shoulder,0.0,0.0,0,0.0,0.0,0.0,0.0,0.0,0.0,0.0,0.0,0.0,0.0,0.0,0.0,0.0,0.0,0.0,,,0.0,,0.697045892761,,C,4400
201577,Robin,Lopez,19.3,12,NY@OKC,NY,OKC,,,18.4,21.75,0,2.01105484492,1.68272969547,0.00639646512315,2.11302915573,3.31619309611,4.43911011273,0.436606497008,2.38921809946,7.75530320883,4.32307679168,6.60518909866e-08,9.09512628617,1.9210149389,10.5671685883,33.0,0.16698979312,9.95535549121e-06,24.7395689918,26.5724577907,10.5366631007,10.1530144986,C,4400
2037,Jamal,Crawford,19.6,11,LAC@POR,LAC,POR,,,21.7,24.75,0,2.36647479121,0.132235278636,4.68831989641,3.90531057285,0.274853064522,1.30406955589,0.720175142152,1.48701438823,1.57892262041,5.09146425003,1.51776480396,12.7852640383,3.64895881834,15.3496521224,27.0,0.000167506005736,1.0322197813e-09,21.011877907,22.5934648962,12.1358691191,12.7086030174,SG,4400
201959,Taj,Gibson,17.3,11,CHI@GS,CHI,GS,,,7.2,7.75,0,0.901795466715,0.723806790291,0.0411376451351,1.57798022189,1.40390854311,1.87771723477,0.293638428466,0.738884237682,3.28162577788,2.17367039395,2.76387575136e-07,4.34913392536,0.984624685701,5.33196574998,16.0,0.000320600787234,1.56928099404e-11,11.9186160833,12.4526205305,5.82499533427,5.43458728326,PF,4400
202709,Cory,Joseph,18.8,13,TOR@LAL,TOR,LAL,,,20.2,20.75,0,3.01394099669,0.223645212983,0.81673450395,2.51492828725,0.541704795623,1.60759440325,0.731775570135,1.01488407716,2.14929919887,3.28482371118,0.262428150844,6.17428727713,2.01441163871,8.84648721191,23.0,0.000612591978055,4.7716828745e-08,16.8425152347,17.5895553397,7.38066639547,6.9971020847,PG,4400
2449,Luis,Scola,19.3,13,TOR@LAL,TOR,LAL,,,18.5,20.25,0,1.20878031989,0.299886986468,1.13023643435,1.64818121462,1.93252206786,3.84318481131,0.751264896433,1.22068720863,5.77570687917,4.59523746883,0.540344667323,9.71523680767,1.1037828785,10.8346024835,25.0,0.0461915213834,2.8769651554e-08,20.4602377755,21.6988264258,10.3658968962,10.1328078219,PF,4400
201596,Mario,Chalmers,18.3,9,HOU@MEM,MEM,HOU,,,21.3,21.5,0,2.37778143819,0.128493417218,1.93643861102,3.01857452877,0.175878696968,0.982666064533,1.05782803378,1.22017235016,1.1585447615,1.99820492323,0.619177509421,5.15565419076,2.68669590099,7.30228325687,17.0,6.41639397501e-05,3.88071825173e-11,13.4116796798,14.3893780937,5.94011898664,6.12697359919,PG,4400
101181,Jose,Calderon,14.6,12,NY@OKC,NY,OKC,,,29.3,31.5,0,4.18803533848,0.0050867717278,3.55073568412,0.568145830155,0.457133138076,1.68190210883,1.1139597128,1.57210855179,2.13903524691,3.48986650343,1.43371155648,8.05588746965,0.541328901156,8.9547734645,30.0,0.00551517514064,4.41917925682e-07,18.4696531858,20.0877890907,8.57408095848,9.17969968953,PG,4400
203105,Festus,Ezeli,20.3,13,CHI@GS,GS,CHI,,,23.3,23.75,0,1.02834302483,1.91304511296,0.00334372256041,3.36244720201,2.5146605326,3.71499989926,0.404768330467,1.24999709716,6.22966043187,3.26303206168,0.000920888721993,5.79887351826,1.96289422875,8.48987924084,23.0,0.0469338081984,1.51845776124e-06,20.893616086,21.9009633682,7.68873237999,7.20195439891,C,4300
201977,Marcus,Thornton,21.7,10,HOU@MEM,HOU,MEM,,,10.6,11.25,0,1.37285195954,0.121683492323,4.7572806978,0.634472312573,0.863979001361,1.50411466313,0.903552827905,0.591447711192,2.36809366449,3.94170912331,1.61959569128,9.9925001075,0.520107453641,10.0231213915,22.0,0.000107820771692,2.06834897863e-10,16.3831366575,17.6072247737,10.0929348127,10.9325259266,SG,4300
201145,Jeff,Green,16.1,12,HOU@MEM,MEM,HOU,,,21.7,22.5,0,1.70042643082,0.370466232333,2.85721932733,3.24787969686,0.777005996444,2.43864508279,0.737763066142,1.43354434601,3.21565107923,3.97817335819,0.912333107175,10.088184762,2.82191264199,11.6905924655,29.0,0.00134089259777,1.59922053509e-08,18.8829276578,20.2186603252,9.86101480923,10.0375022801,SF,4300
203991,Clint,Capela,19.0,12,HOU@MEM,HOU,MEM,,,11.4,11.75,0,0.366339489997,0.967269028779,0.0617458117119,1.80399707642,1.33768587183,2.29429294087,0.360770353119,0.551501257153,3.6319788127,1.79884969083,0.0170053538999,3.21562427387,0.764675643793,4.37938037936,12.0,0.000358945079297,2.95380074563e-11,11.3918416962,11.8582323601,4.86267526194,4.43621648977,C,4300
201980,Danny,Green,17.0,11,SA@NO,SA,NO,,,20.1,22.5,0,2.61082543011,0.982782200426,5.60459880201,1.2848976931,0.632256224871,3.18234277558,0.914010934068,1.40747750057,3.81459900046,3.42069925474,1.97803382773,9.42666142186,1.01544209449,9.8348744317,33.0,0.00362544990173,1.3201875821e-06,20.7147401458,22.6036678954,10.2931600802,11.5543783625,SG,4200
203499,Shane,Larkin,14.5,12,BKN@BOS,BKN,BOS,,,24.1,25.75,0,4.37533672955,0.212666198576,2.32833411531,1.22597855452,0.43318755116,2.20507457556,1.92013460116,2.12210561299,2.63826212672,4.09933223612,1.00597273445,8.77931922138,0.872506930925,10.0771441376,30.0,0.00891200606136,3.92504994062e-06,21.9495597705,23.6588918348,9.10324060192,9.19271964521,PG,4200
2754,Tony,Allen,15.9,12,HOU@MEM,MEM,HOU,,,16.6,17.25,0,0.748407308962,0.227651446611,0.429863648575,0.879270147067,1.05553452258,1.38205082959,1.13667996338,0.616334074907,2.43758535218,1.89090523786,0.131635767507,4.22470480238,0.493784160384,4.40723040361,15.0,2.11332656032e-05,7.64711816911e-12,10.5672725347,11.0631684235,5.25330930124,4.98792994176,SG,4200
202334,Ed,Davis,16.9,13,LAC@POR,POR,LAC,,,35.0,38.25,0,1.50336362844,1.33701596349,9.12313842322e-06,3.52251193057,3.8195632319,5.79397487568,0.834512346482,1.24705866646,9.61353810758,4.03549353774,1.12953142383e-06,6.63865703279,1.8534072496,9.92439545461,31.0,0.297604043447,1.69647410557e-06,26.8116845799,28.3623025378,8.59054352601,8.02890073673,PF,4200
2399,Mike,Dunleavy,17.8,63,CHI@GS,CHI,GS,O,Back,0.0,0.0,0,0.0,0.0,0.0,0.0,0.0,0.0,0.0,0.0,0.0,0.0,0.0,0.0,0.0,0.0,0.0,,,0.0,,0.594152155376,,SF,4200
101135,David,Lee,14.0,11,BKN@BOS,BOS,BKN,,,20.1,21.75,0,1.61239310605,0.398178386908,0.0159630766656,2.34311558943,1.45900413826,2.24515984807,0.448844180138,1.19803544965,3.70416398634,2.93591491508,9.24889070369e-08,5.74807902512,1.80114946193,7.67297938458,17.0,0.00186138077925,1.41800199937e-08,15.0325755117,15.8195935958,7.36006081347,6.93783572053,PF,4200
203476,Gorgui,Dieng,15.4,12,DET@MIN,MIN,DET,,,14.8,16.0,0,0.764450631785,0.948873302544,0.0219014813327,1.76946119485,1.70377212321,3.13516031541,0.996261889709,1.39531265927,4.83893243862,2.6219345303,0.00457084574818,5.37301699912,1.42099960664,6.66943951298,20.0,0.00727804931426,1.35461388023e-09,16.1177921123,17.0705975647,6.86020604332,6.47690046555,C,4100
201581,J.J.,Hickson,16.7,10,PHO@DEN,DEN,PHO,,,20.9,21.0,0,0.690431195055,0.507824995713,0.0108563117322,2.07899725066,1.14920154225,2.22826583253,0.356361855487,0.784523233331,3.37746737478,2.47392886824,0.0,4.7668774664,1.06701326175,6.01487099823,14.0,,,12.0473291096,,6.36664777342,,PF,4100
203500,Steven,Adams,17.3,12,NY@OKC,OKC,NY,,,15.6,16.0,0,0.749239665432,1.35592073936,0.00820679540358,2.09909596465,2.12277291948,2.6075082488,0.380717484914,0.972638452578,4.73028116828,2.16666828074,0.000802337619158,3.89901753476,1.25510647163,5.58924537074,21.0,0.00398146783599,6.79448481263e-09,14.8900802668,15.6192869424,5.61546972215,5.1686832137,C,4100
2734,Devin,Harris,17.5,12,UTA@DAL,DAL,UTA,,,8.7,8.75,0,1.95261594747,0.272201789473,2.2642531517,1.99761515148,0.234812511455,1.20394493554,0.913874766994,0.771508692056,1.43875744699,2.10324985903,0.562962576691,5.31612492102,1.35926316713,6.12872546187,17.0,9.63227778038e-06,2.60131492818e-11,12.3848027403,13.1239906956,5.93313073325,6.08368333438,SG,4100
203999,Nikola,Jokic,15.3,11,PHO@DEN,DEN,PHO,,,14.3,14.5,0,0.870241304157,0.459233325107,0.41330753029,1.96283101072,2.1534494873,2.79978025611,0.810931072826,0.984921103244,4.9532297434,2.91660451908,0.119912317968,5.86662076981,1.47748505151,7.43060640764,18.0,0.010743632307,5.10684449492e-10,16.2352517486,17.0514453963,7.14669610914,6.77191642302,C,4100
203477,Isaiah,Canaan,15.3,12,PHI@CHA,PHI,CHA,,,14.4,15.5,0,1.65209502775,0.16697914038,5.08254835068,1.84739292209,0.283706770417,1.31436609568,0.656310817707,1.18883266639,1.59807286609,2.64810032673,1.79375290542,7.65877591711,1.48115017006,8.57110372893,21.0,7.70609021975e-06,3.1092005819e-11,13.4246809596,14.9958889481,9.06620150456,10.2971825653,PG,4000
203458,Alex,Len,13.6,11,PHO@DEN,PHO,DEN,,,17.8,18.0,0,0.249046366266,0.741183642845,0.0142097260248,1.65391648971,1.34468227955,2.27921429567,0.372181484611,0.984822159352,3.62389657522,1.82925405913,0.00428374961645,3.74047793202,1.12961865096,4.79241051884,14.0,0.000457747391787,3.2282660373e-12,10.7565640541,11.4329984584,5.2265032285,4.87187849812,C,4000
203914,Gary,Harris,16.7,12,PHO@DEN,DEN,PHO,,,21.4,23.0,0,1.75835382093,0.266328449479,3.34069998548,1.46308502183,0.672411601228,1.92354318923,1.31107119595,1.51304351102,2.59595479046,3.64680186657,1.17722052465,8.3590219371,1.13301683265,9.60384109043,28.0,0.000217437789712,3.58316454045e-09,16.9982733502,18.473529275,8.68878905712,9.09442075133,SG,4000
201166,Aaron,Brooks,15.0,10,CHI@GS,CHI,GS,O,Hamstring,0.0,0.0,0,0.0,0.0,0.0,0.0,0.0,0.0,0.0,0.0,0.0,0.0,0.0,0.0,0.0,0.0,0.0,,,0.0,,0.826692454597,,PG,4000
202357,Nemanja,Bjelica,18.6,12,DET@MIN,MIN,DET,,,0.0,0.0,0,0.0,0.0,0.0,0.0,0.0,0.0,0.0,0.0,0.0,0.0,0.0,0.0,0.0,0.0,0.0,,,0.0,,0.837048952818,,SF,4000
203933,T.J.,Warren,17.3,10,PHO@DEN,PHO,DEN,,,3.0,3.0,0,0.3645336351,0.0977452242884,0.508058110712,0.672509048744,0.698851169724,0.981957035107,0.335570131713,0.495865762279,1.68080820483,2.23207524797,0.153227696679,4.32995047412,0.4886018031,5.10597999572,11.0,1.54623515802e-06,1.83703365438e-17,8.04051524389,8.44910470296,5.50241512709,5.13937489662,SF,4000
203917,Nik,Stauskas,16.5,11,PHI@CHA,PHI,CHA,,,23.9,25.5,0,2.35702337138,0.348980571531,6.3958911663,1.88062184311,0.369331689985,2.15512844639,0.71482592791,1.53746024858,2.52446013638,3.66825817834,1.85476537789,10.7195693661,1.46724010343,10.658521838,32.0,0.000302106700551,3.33285007791e-08,17.813561809,19.6363508891,11.114713355,12.4044526423,SG,4000
203994,Jusuf,Nurkic,18.0,62,PHO@DEN,DEN,PHO,O,Knee,0.0,0.0,0,0.0,0.0,0.0,0.0,0.0,0.0,0.0,0.0,0.0,0.0,0.0,0.0,0.0,0.0,0.0,,,0.0,,0.959889227623,,C,4000
203530,Joffrey,Lauvergne,21.9,3,PHO@DEN,DEN,PHO,O,Back,0.0,0.0,0,0.0,0.0,0.0,0.0,0.0,0.0,0.0,0.0,0.0,0.0,0.0,0.0,0.0,0.0,0.0,,,0.0,,0.887919704646,,PF,4000
201574,Jason,Thompson,5.4,6,CHI@GS,GS,CHI,,,0.0,0.0,0,0.0,0.0,0.0,0.0,0.0,0.0,0.0,0.0,0.0,0.0,0.0,0.0,0.0,0.0,0.0,,,0.0,,0.785129681702,,PF,4000
2746,Josh,Smith,12.9,11,LAC@POR,LAC,POR,,,18.6,20.0,0,1.76799526475,1.21128482125,1.96181882282,1.7045745606,1.07540605132,2.23798871772,0.508069703343,1.57461692529,3.31339476904,2.52126654194,0.603722455897,6.4611787274,0.953537211283,6.59979275106,17.0,0.000640933487744,1.10072916632e-08,15.0919514949,16.3477523572,6.79972714291,6.89565563731,PF,3900
201988,Patrick,Mills,16.7,11,SA@NO,SA,NO,,,19.7,22.75,0,2.58701993175,0.128705239224,4.36028983061,0.561089004795,0.383231688597,1.33771751176,1.08805130828,1.1049496847,1.72094920036,3.63920819876,1.72991884574,8.48446222472,0.435486146432,9.44382138969,22.0,0.000202318610825,2.63849745987e-09,16.718053738,18.2218389491,9.26009097618,10.1290092431,PG,3900
2564,Boris,Diaw,15.5,11,SA@NO,SA,NO,,,14.8,16.0,0,3.77360879643,0.436412982622,1.53835819126,1.16944699109,0.903045550396,2.16164167382,0.566260330922,1.33755314435,3.06468722421,3.32267922905,0.525566079534,6.87353369147,0.871609595021,8.04253413265,25.0,0.00287139814211,2.99751635783e-06,18.0483654791,19.137475542,7.53878529773,7.37474185498,PF,3900
202347,Quincy,Pondexter,12.6,75,SA@NO,NO,SA,O,Knee,0.0,0.0,0,0.0,0.0,0.0,0.0,0.0,0.0,0.0,0.0,0.0,0.0,0.0,0.0,0.0,0.0,0.0,,,0.0,,0.580124192446,,SF,3900
202711,Bojan,Bogdanovic,15.5,12,BKN@BOS,BKN,BOS,,,8.2,10.25,0,0.646554457711,0.0279285698622,2.10826840006,0.927799749366,0.317173739493,1.32961247267,0.446180090388,0.91525031516,1.64678621217,2.53157755791,0.671284491493,5.61768375275,0.665302372109,6.39974197942,17.0,2.43053067214e-06,4.89597939662e-15,9.37868412593,10.2542944857,6.293697326,6.3995594871,SF,3900
2561,David,West,12.6,11,SA@NO,SA,NO,,,9.4,9.5,0,1.45893092039,0.266327307409,0.0866683887772,0.68551901639,0.559288417422,1.40635426027,0.199185675918,0.852985888289,1.9656426777,1.85417598026,0.0109764746684,3.55447834515,0.503074423996,4.22240285918,11.0,3.25472998878e-06,9.7071251808e-12,8.84761053136,9.37787872885,4.97726556215,4.56689379891,PF,3900
201584,Courtney,Lee,17.1,12,HOU@MEM,MEM,HOU,,,14.3,15.5,0,1.63692121829,0.35517197111,3.38265228853,2.15133595354,0.510383941707,2.1334012516,1.33012032763,0.923034528108,2.64378519331,3.53897310779,0.847925137485,9.14582908283,1.95815247108,9.88402382415,32.0,0.000257611289108,2.55281273218e-09,17.9594979529,18.97755347,8.86814825278,9.12949914396,SG,3900
1889,Andre,Miller,12.3,6,DET@MIN,MIN,DET,,,0.0,0.0,0,0.0,0.0,0.0,0.0,0.0,0.0,0.0,0.0,0.0,0.0,0.0,0.0,0.0,0.0,0.0,,,0.0,,0.927561903149,,PG,3900
203088,Kendall,Marshall,10.3,28,PHI@CHA,PHI,CHA,O,Knee,0.0,0.0,0,0.0,0.0,0.0,0.0,0.0,0.0,0.0,0.0,0.0,0.0,0.0,0.0,0.0,0.0,0.0,,,0.0,,0.899244200232,,PG,3900
1626169,Stanley,Johnson,14.2,11,DET@MIN,DET,MIN,,,17.9,20.0,0,1.28199033486,0.0901975720349,2.96640037824,1.71022214458,1.17693361107,3.50077952314,0.815986681886,1.38507693978,4.67771313421,3.77186480755,0.759632882881,9.28648723839,1.13031346916,9.43367596713,24.0,0.0118550733768,1.24902891297e-08,17.3972087985,18.7212320141,9.05355064735,9.17321918823,SF,3800
203138,Hollis,Thompson,16.2,12,PHI@CHA,PHI,CHA,,,16.8,20.0,0,1.57542745733,0.290084478954,4.90716336149,1.42975820722,0.878450714775,2.63432226777,0.779444985375,1.70112467505,3.51277298255,3.1938620608,1.98535732571,8.20674658878,1.08117534401,9.45425679132,29.0,0.00184574595746,1.15437317011e-08,16.47065981,18.4923081131,9.42069052907,10.595234683,SF,3800
203469,Cody,Zeller,16.1,11,PHI@CHA,CHA,PHI,GTD,Ankle,0.0,0.0,0,0.0,0.0,0.0,0.0,0.0,0.0,0.0,0.0,0.0,0.0,0.0,0.0,0.0,0.0,0.0,,,0.0,,0.835797712244,,PF,3800
201967,Dante,Cunningham,13.4,12,SA@NO,NO,SA,,,9.0,9.75,0,0.766871408411,0.422780891645,1.12510400719,0.63903496375,0.987633843805,2.59839273277,0.577462693393,0.460127764751,3.58602657658,2.32316070225,0.273341368279,4.91323745825,0.37579552659,5.29545829936,24.0,0.000637488940746,6.61781762655e-12,12.2893567092,12.836348838,5.69140414902,5.4411129934,PF,3800
201945,Gerald,Henderson,6.3,5,LAC@POR,POR,LAC,,,12.7,13.5,0,1.68959619336,0.267668796559,2.1216172229,2.0228428355,0.257922735748,1.5143594289,0.472621181959,1.42185874404,1.77228216465,3.93593596511,0.635814868693,9.90560760471,1.55811609693,10.0658028958,26.0,1.72071075945e-05,1.17257945857e-10,14.7856569965,15.9031337221,9.74197095591,9.71666184836,SG,3800
202338,Kevin,Seraphin,8.4,8,NY@OKC,NY,OKC,,,5.0,5.0,0,0.678047507254,0.605672275098,0.0103931101827,0.47865226078,0.750857385215,0.96453437838,0.187293370284,0.921905544016,1.7153917636,2.07375404285,8.6111199125e-06,4.21705401951,0.345227329857,4.49274402667,11.0,1.14833674738e-06,4.72741585869e-15,8.23231115061,8.77903953887,5.58600124849,5.20293510889,PF,3800
203124,Kyle,O'Quinn,15.3,11,NY@OKC,NY,OKC,,,1.5,1.5,0,0.309229538406,0.256616589527,0.125733542791,0.282888107694,0.369244983454,0.496280830325,0.133720959387,0.276713956635,0.86552581378,0.605118637772,0.0252260215971,1.26440950797,0.213148204076,1.44861150122,4.0,4.37372126948e-11,8.46078366336e-23,3.45504792656,3.64929420643,2.49397405231,2.25908570859,C,3800
203085,Austin,Rivers,14.4,11,LAC@POR,LAC,POR,,,14.7,14.75,0,1.40807625949,0.210672531601,2.30642094901,2.08605248747,0.326154770238,0.846725682291,0.810197266688,0.811943149661,1.17288045253,3.01544622738,0.670230476614,7.05912174063,1.24999132171,7.95111425309,22.0,1.17176620966e-06,4.75388062891e-13,12.7004816323,13.5002142257,7.43197033477,7.50508747174,PG,3800
203092,Tyler,Zeller,8.1,7,BKN@BOS,BOS,BKN,,,12.3,12.5,0,0.587751449659,0.231701140453,0.000675505286,1.1028260833,0.693142062742,0.999765317047,0.10808038214,0.476119658071,1.69290737979,1.86431634935,6.22481181745e-05,3.47971084258,0.898997208343,4.62769215517,9.0,1.14005732058e-06,9.0699077854e-16,7.74425157252,8.06698960469,5.01984614538,4.60288560497,C,3800
201580,JaVale,McGee,9.1,23,UTA@DAL,DAL,UTA,O,Leg,0.0,0.0,0,0.0,0.0,0.0,0.0,0.0,0.0,0.0,0.0,0.0,0.0,0.0,0.0,0.0,0.0,0.0,,,0.0,,0.88414802411,,C,3700
201582,Alexis,Ajinca,11.1,12,SA@NO,NO,SA,,,11.6,11.75,0,0.430058013184,0.563611317008,0.0147407695439,0.847566188348,1.13082995229,1.78372310761,0.277330079092,0.711551997756,2.91455305991,2.01545577803,0.00456674200645,3.74471267156,0.735844862384,4.77132316045,11.0,9.76506259014e-05,5.61983266023e-14,9.88420464656,10.3881381454,5.28271458004,4.85487543571,C,3700
1626158,Richaun,Holmes,10.3,7,PHI@CHA,PHI,CHA,O,Hamstring,0.0,0.0,0,0.0,0.0,0.0,0.0,0.0,0.0,0.0,0.0,0.0,0.0,0.0,0.0,0.0,0.0,0.0,,,0.0,,0.826541042835,,PF,3700
201148,Brandan,Wright,14.1,7,HOU@MEM,MEM,HOU,O,Knee,0.0,0.0,0,0.0,0.0,0.0,0.0,0.0,0.0,0.0,0.0,0.0,0.0,0.0,0.0,0.0,0.0,0.0,,,0.0,,0.863752431736,,C,3700
708,Kevin,Garnett,12.5,10,DET@MIN,MIN,DET,GTD,Rest,8.8,9.0,0,1.16777781943,0.225905955097,0.0479012637141,0.578416622372,0.479914330846,2.39883686681,0.692752863226,0.517361984202,2.87875119765,1.58720091576,0.00646772840746,3.49703055733,0.351020144195,3.53188970411,14.0,3.28794602909e-05,1.49689474652e-11,10.0580135229,10.4639152583,4.72325523684,4.40803621939,PF,3700
1718,Paul,Pierce,13.6,11,LAC@POR,LAC,POR,,,0.0,0.0,0,0.0,0.0,0.0,0.0,0.0,0.0,0.0,0.0,0.0,0.0,0.0,0.0,0.0,0.0,0.0,,,0.0,,0.714588476276,,SF,3700
2550,Kirk,Hinrich,12.3,4,CHI@GS,CHI,GS,,,22.9,25.5,0,3.5163389575,0.202684218455,3.44820857216,1.84107668955,0.418458448022,0.826361321453,1.33950259236,1.58439564838,1.24481976948,4.20565932605,1.63266143572,9.08797268465,1.48597643518,11.529956523,34.0,0.00240427661872,5.58670456769e-09,19.7982266559,21.4726026181,9.51047840694,10.0333637592,SG,3700
203482,Kelly,Olynyk,17.3,10,BKN@BOS,BOS,BKN,,,20.5,22.5,0,1.72483981293,0.778027747431,3.17566495756,1.55060687402,1.52446317117,2.57020268524,1.16578432022,1.71156000071,4.09466585641,3.60200452616,0.979261560806,8.31684451594,1.09854923287,9.28181984599,21.0,0.00505757552211,7.06695523498e-08,18.9587427277,20.5164733765,8.54091643539,8.81715939298,C,3700
203459,Allen,Crabbe,14.0,13,LAC@POR,POR,LAC,,,5.5,7.0,0,1.17352403892,0.252520311935,2.59456741997,0.716568109222,0.271562121233,1.24003387437,0.660970286215,0.702416896199,1.5115959956,2.83408006087,0.932112646874,6.26742990722,0.565843702661,7.16611647127,22.0,1.64806041766e-06,7.05910633368e-13,11.8648820245,12.7577290679,6.9587190545,7.2480418686,SG,3700
2549,Chris,Kaman,7.5,3,LAC@POR,POR,LAC,,,0.0,0.0,0,0.0,0.0,0.0,0.0,0.0,0.0,0.0,0.0,0.0,0.0,0.0,0.0,0.0,0.0,0.0,,,0.0,,0.808058892286,,C,3700
203527,Ryan,Kelly,11.9,5,TOR@LAL,LAL,TOR,,,0.0,0.0,0,0.0,0.0,0.0,0.0,0.0,0.0,0.0,0.0,0.0,0.0,0.0,0.0,0.0,0.0,0.0,,,0.0,,0.759942184803,,SF,3700
202344,Trevor,Booker,13.6,10,UTA@DAL,UTA,DAL,,,9.4,10.25,0,0.692392089088,0.407886194434,0.631840824759,0.590910956627,1.48836265474,2.03801642293,0.572019624684,0.708638120378,3.52637907767,1.6477909106,0.148605968461,4.34672272997,0.344314047809,3.78850183748,15.0,0.000209443380549,9.14110843665e-13,10.3099183822,10.9151735455,4.9867498984,4.81225660944,PF,3700
203210,JaMychal,Green,14.2,12,HOU@MEM,MEM,HOU,,,8.5,10.75,0,0.601707906655,0.66648370431,0.91587286566,1.9878595444,2.13204901353,3.59992640228,0.661327848582,1.62123156611,5.73197541581,3.16979843796,0.293796619354,6.65870937263,1.54998808715,8.18338158242,23.0,0.0289352908092,1.74145431056e-10,16.998705481,18.2862212813,7.58169864761,7.30141589065,PF,3700
201147,Corey,Brewer,14.1,12,HOU@MEM,HOU,MEM,,,3.0,3.5,0,0.968628165813,0.14037596885,1.52512079362,1.31882208028,0.344213947072,1.06224735774,0.682199233756,0.651788272578,1.40646130481,1.79088834242,0.337122899611,5.10276941072,0.930050891303,4.84895047575,14.0,3.07708322489e-07,2.57251864827e-14,8.98300842288,9.54778753578,5.3889391118,5.39002807548,SF,3700
101138,Brandon,Bass,12.4,10,TOR@LAL,LAL,TOR,,,15.0,15.75,0,0.837044705684,0.40034804173,0.158631278489,1.43930539034,1.60921757909,1.74456630509,0.333172168091,0.902272956272,3.35378388418,2.28414979194,0.0319898969695,4.60107463881,1.18317899568,5.78346847653,15.0,0.000471574934315,1.02884958199e-11,11.6283436594,12.2638716427,5.98506821017,5.59950473329,PF,3700
203926,Doug,McDermott,14.1,11,CHI@GS,CHI,GS,,,4.2,4.75,0,0.543942780657,0.0868101098334,2.82195506406,0.710846571101,0.344532744933,1.06003352193,0.220780823408,0.748011751065,1.40456626686,2.92050296777,1.23765611563,6.39524756002,0.536275539105,7.61493759027,18.0,8.829532513e-07,3.36823903525e-16,9.98350139691,11.046564968,7.23417496726,7.71599402765,SF,3700
1626174,Christian,Wood,9.5,10,PHI@CHA,PHI,CHA,,,2.0,2.0,0,0.164149661306,0.158428806994,0.28914257084,0.412631158764,0.307691954315,0.677769354396,0.13707005805,0.158120411551,0.985461308711,0.634129840915,0.0992457993245,1.45326430966,0.302138768376,1.66964424953,4.0,3.45484709185e-10,2.18300223491e-24,3.53129963048,3.70925580187,2.57863476076,2.45980229249,PF,3700
201150,Spencer,Hawes,13.3,12,PHI@CHA,CHA,PHI,,,11.0,12.25,0,1.51424713632,0.413317858147,1.76980973905,0.835640572497,0.435653882021,1.64231962121,0.269570030457,0.809802314441,2.07797350323,1.85664287627,0.542835099013,4.73299273835,0.568835615904,4.82495646746,15.0,9.14694658757e-06,3.80126131656e-11,10.1458688386,10.926099941,5.3400716558,5.48558804699,C,3700
203098,John,Jenkins,9.8,4,UTA@DAL,DAL,UTA,,,0.0,0.0,0,0.0,0.0,0.0,0.0,0.0,0.0,0.0,0.0,0.0,0.0,0.0,0.0,0.0,0.0,0.0,,,0.0,,0.582381546013,,SG,3600
1626163,Frank,Kaminsky,8.6,11,PHI@CHA,CHA,PHI,,,21.1,21.75,0,1.55620697834,0.635199824411,1.77938197534,0.920106169288,0.550459299398,2.31568164213,0.598405170336,0.731355525139,2.86614094153,2.37345976602,0.779241396392,5.2999436956,0.707425606688,6.23358653511,19.0,0.000199719042292,1.11657395462e-09,13.7431205968,14.6420256866,6.09372523926,6.26907708294,PF,3600
201975,Jodie,Meeks,1.7,2,DET@MIN,DET,MIN,O,Foot,0.0,0.0,0,0.0,0.0,0.0,0.0,0.0,0.0,0.0,0.0,0.0,0.0,0.0,0.0,0.0,0.0,0.0,,,0.0,,0.592046369819,,SG,3600
101109,Raymond,Felton,15.2,12,UTA@DAL,DAL,UTA,,,7.0,7.0,0,1.78350105807,0.11398859135,1.43941414276,0.97237100701,0.251025388391,0.78824078054,0.435760304506,0.917507025542,1.03926616893,2.02786102706,0.377365421151,5.05240216507,0.810560334134,5.24364780941,15.0,2.88129066014e-06,4.51628290197e-13,9.3480095654,10.0474134191,5.57623095532,5.52901506746,PG,3600
203460,Andre,Roberson,12.4,11,NY@OKC,OKC,NY,,,7.9,8.0,0,1.07133107942,0.58816930579,2.00632410812,0.966633729565,1.11389023938,2.1369386267,0.898459368249,0.6811254423,3.25082886608,2.21311227806,0.571124964718,4.76904303449,0.547261617936,5.54461113878,26.0,0.000376196375591,9.43274309994e-11,13.344734303,14.1339652446,5.62619741862,5.68041756504,SG,3600
200826,Jose Juan,Barea,15.7,12,UTA@DAL,DAL,UTA,,,20.3,21.0,0,4.5065687563,0.056472269632,2.80883920607,1.70857580672,0.546398612257,1.15709124219,0.404282962831,1.74213167259,1.70348985444,3.45296740034,0.806179690036,8.64753845955,1.34009881399,9.05221330471,22.0,0.00888429078477,1.0815713444e-07,17.0356330568,18.4082899915,8.57526387199,8.75059607376,PG,3600
202362,Lance,Stephenson,11.7,10,LAC@POR,LAC,POR,,,5.5,5.5,0,2.21128859897,0.138376206637,1.44765113674,1.11251103955,0.603274671524,1.29394693501,0.440700113207,1.44713299672,1.89722160654,2.22246864239,0.4037702575,5.82943534398,0.657721207371,5.50642874965,19.0,2.46840194131e-05,5.77178847563e-10,10.8110472189,11.8313969541,6.15857779312,6.12746818338,SG,3600
202325,Wesley,Johnson,9.0,11,LAC@POR,LAC,POR,,,9.1,10.25,0,0.866535793868,0.361419549775,2.7362992797,0.932922812726,0.59296439928,1.60271253329,0.763837474207,0.623138897982,2.19567693257,2.99445676925,0.980794702054,6.35560833083,0.694037864927,7.66374610548,22.0,3.83024282394e-05,1.50605198898e-12,13.2257372653,14.1375453656,7.14963315681,7.44381528721,SF,3600
202337,Luke,Babbitt,13.3,10,SA@NO,NO,SA,,,0.0,0.0,0,0.0,0.0,0.0,0.0,0.0,0.0,0.0,0.0,0.0,0.0,0.0,0.0,0.0,0.0,0.0,,,0.0,,0.620348397037,,SF,3600
1897,Metta,World Peace,14.1,7,TOR@LAL,LAL,TOR,,,5.2,5.75,0,0.725672627282,0.428291593423,2.61875937956,1.09524580612,0.53704942474,1.19496936281,0.809606340433,0.551749846853,1.73201878755,2.23960167006,0.983394106292,5.51745128627,0.698402456775,6.16099990318,17.0,3.49645112186e-06,7.62233739653e-14,11.25197741,12.1061555707,6.34996964303,6.82314858774,SF,3600
203515,Phil (Flip),Pressey,12.1,8,PHI@CHA,PHI,CHA,,,3.0,3.0,0,2.31653373461,0.0575686863941,1.01253324996,0.774190425693,0.134674508043,0.57848208138,0.498018461298,0.817297561213,0.713156589423,1.14496205927,0.303364013488,2.88924740494,0.48536353264,3.07865166466,10.0,5.33497615684e-06,2.70855901389e-14,7.70311690806,8.29911352734,3.81845053095,3.83451548779,PG,3600
203143,Pablo,Prigioni,5.4,5,LAC@POR,LAC,POR,,,0.0,0.0,0,0.0,0.0,0.0,0.0,0.0,0.0,0.0,0.0,0.0,0.0,0.0,0.0,0.0,0.0,0.0,,,0.0,,0.856594469044,,PG,3600
2571,Leandro,Barbosa,11.9,10,CHI@GS,GS,CHI,GTD,Illness,4.5,5.0,0,1.0189215851,0.0726835185145,1.06142221585,0.609105491131,0.281114932329,0.253103127507,0.479698235923,0.433776579476,0.534218059837,1.61151796561,0.405378838705,3.66928723844,0.436171336682,4.0645861066,9.0,1.10440149336e-08,4.80650926089e-18,6.90501708546,7.35130571411,4.5832360808,4.57467179688,SG,3600
1626170,Jerian,Grant,14.3,12,NY@OKC,NY,OKC,,,11.8,12.5,0,2.06175565856,0.0430078518159,0.876455837673,1.59284087288,0.206924169597,1.49653622246,0.37750484484,0.813855902246,1.70346039206,1.44941992207,0.150294563511,3.63203732371,1.2685370935,4.31767150115,13.0,5.81345290134e-06,5.8796809408e-11,9.48162695052,10.0488839234,4.46847055441,4.28130752487,PG,3600
203893,Russ,Smith,3.8,6,HOU@MEM,MEM,HOU,,,0.0,0.0,0,0.0994032052444,0.0069528290585,0.144867356311,0.186802764484,0.0276701757247,0.0708977160172,0.0382627755562,0.104327440003,0.0985678917419,0.141806021629,0.0330143304995,0.383543267549,0.147455031244,0.464081405002,1.0,1.13719406172e-21,1.29219047625e-38,0.717571452185,0.791170732023,1.35072149679,1.29584748481,PG,3500
204060,Joe,Ingles,8.9,11,UTA@DAL,UTA,DAL,,,0.0,0.0,0,0.369964630408,0.025614711054,0.497511478145,0.0764706617916,0.0404260574236,0.277604150314,0.16085769602,0.181753214499,0.318030207737,0.403017420545,0.200445088106,0.863672450648,0.062923950286,1.06940387948,4.0,2.12344497413e-14,3.77469340934e-26,2.19717867403,2.40417933572,2.08550247868,2.17294089849,SF,3500
203461,Anthony,Bennett,3.6,7,TOR@LAL,TOR,LAL,,,0.0,0.0,0,0.0,0.0,0.0,0.0,0.0,0.0,0.0,0.0,0.0,0.0,0.0,0.0,0.0,0.0,0.0,,,0.0,,0.756369668843,,PF,3500
201202,Joel,Anthony,6.5,49,DET@MIN,DET,MIN,,,0.0,0.0,0,0.0,0.0,0.0,0.0,0.0,0.0,0.0,0.0,0.0,0.0,0.0,0.0,0.0,0.0,0.0,,,0.0,,0.883784498561,,C,3500
1626181,Norman,Powell,3.2,8,TOR@LAL,TOR,LAL,,,0.0,0.0,0,0.0,0.0,0.0,0.0,0.0,0.0,0.0,0.0,0.0,0.0,0.0,0.0,0.0,0.0,0.0,,,0.0,,0.760235738429,,SG,3500
201156,Nick,Young,14.6,11,TOR@LAL,LAL,TOR,,,9.0,10.5,0,0.421898964872,0.163285589571,3.19864161656,1.42132188661,0.13379245303,0.810700090806,0.442841166145,0.571150329926,0.944492543836,2.41376239096,1.32926938617,5.90473856572,1.31770699143,7.47450115951,14.0,2.44017156113e-08,2.12220392548e-18,9.88184384093,10.8792783628,7.01937418262,7.73995137529,SG,3500
2034,Mike,Miller,2.9,9,PHO@DEN,DEN,PHO,,,0.0,0.0,0,0.0,0.0,0.0,0.0,0.0,0.0,0.0,0.0,0.0,0.0,0.0,0.0,0.0,0.0,0.0,,,0.0,,0.603276367046,,SF,3500
200751,Randy,Foye,9.4,12,PHO@DEN,DEN,PHO,,,3.2,3.25,0,1.21627796837,0.123802614948,2.84568969034,0.584359703705,0.113974012804,0.595433102277,0.330080166123,0.723244923355,0.70940711508,1.52726847499,0.758667826501,4.62658619166,0.467955670585,4.28116044707,13.0,6.93260568402e-08,3.22075463649e-16,7.1413865765,7.91781341117,5.44044908722,5.98733422505,SG,3500
201962,Toney,Douglas,15.0,10,SA@NO,NO,SA,,,6.3,6.5,0,1.46702985346,0.104318881404,1.60886177491,0.815646616307,0.258992267563,0.448566407953,0.607278256595,0.733515223906,0.707558675516,1.57666929784,0.546244424526,3.90728094644,0.646606749019,4.34618976923,12.0,3.45351393685e-07,1.94746103258e-15,8.08548401214,8.76074228816,4.7697248888,4.95232991421,PG,3500
203382,Aron,Baynes,7.9,11,DET@MIN,DET,MIN,,,24.7,27.25,0,0.704805009794,0.459558470602,0.0399575287928,1.69591633958,1.82399743486,2.51452889417,0.395300964214,1.15657317878,4.33852632903,2.81347310006,0.00994350137355,5.280794431,1.37256236194,7.00945206344,19.0,0.00424893858027,1.90945705757e-11,13.8260368638,14.6325949283,6.86344870189,6.41351535292,C,3500
1626257,Salah,Mejri,2.2,5,UTA@DAL,DAL,UTA,,,0.0,0.0,0,0.0,0.0,0.0,0.0,0.0,0.0,0.0,0.0,0.0,0.0,0.0,0.0,0.0,0.0,0.0,,,0.0,,0.871664190769,,C,3500
1626183,Branden,Dawson,0.0,0,LAC@POR,LAC,POR,,,0.0,0.0,0,0.0,0.0,0.0,0.0,0.0,0.0,0.0,0.0,0.0,0.0,0.0,0.0,0.0,0.0,0.0,,,0.0,,0.845620626624,,PF,3500
1626199,Darrun,Hilliard,0.0,0,DET@MIN,DET,MIN,,,0.0,0.0,0,0.0,0.0,0.0,0.0,0.0,0.0,0.0,0.0,0.0,0.0,0.0,0.0,0.0,0.0,0.0,,,0.0,,0.845620626624,,SG,3500
203940,Adreian,Payne,8.6,7,DET@MIN,MIN,DET,,,4.6,6.75,0,0.80255387833,0.226448326232,0.549532579891,1.05942639883,1.13779865865,2.17171667013,0.475805333661,1.36429721411,3.30951532877,2.54035584404,0.235881834825,5.7317086897,0.731125173049,6.04771869595,19.0,0.000502175196552,7.46605706521e-12,11.2631780137,12.2294965674,6.64596477962,6.40666831504,PF,3500
204014,Damjan,Rudez,1.8,5,DET@MIN,MIN,DET,,,1.2,1.25,0,0.292022042583,0.0277307397001,0.909481044191,0.123916781899,0.0777322735098,0.162427086232,0.0919882309254,0.265545739689,0.240159359742,0.624065662537,0.356977881071,1.4098841858,0.0879536369167,1.69306284306,6.0,9.42696341092e-15,1.16100755753e-27,2.39317934019,2.71644911856,2.69407837073,2.90873188785,SF,3500
201601,Luc Richard,Mbah a Moute,2.4,9,LAC@POR,LAC,POR,,,5.8,6.5,0,0.462870863902,0.0865060741832,0.805898048221,0.743248362821,0.576776701021,0.576776745526,0.413628951813,0.440242078374,1.15355344655,1.17601959114,0.279512534603,3.00438589311,0.480118573167,3.11167029005,10.0,1.43834494662e-08,1.57447907431e-18,5.75026869538,6.16782369577,3.83117137307,3.81880301872,SF,3500
203475,Erick,Green,0.9,3,PHO@DEN,DEN,PHO,,,0.0,0.0,0,0.0,0.0,0.0,0.0,0.0,0.0,0.0,0.0,0.0,0.0,0.0,0.0,0.0,0.0,0.0,,,0.0,,0.673447419146,,SG,3500
203462,Archie,Goodwin,8.8,8,PHO@DEN,PHO,DEN,,,0.0,0.0,0,0.346773487996,0.0730703839427,0.353701683199,0.850147544687,0.191444775361,0.458412638539,0.127787872461,0.440676014038,0.649857413901,0.682722303951,0.09553280012,1.63113176727,0.561617025039,2.02259443306,5.0,1.21357890617e-11,6.12338816191e-23,3.28362406051,3.5842213383,2.72893098003,2.58995783002,PG,3500
200779,Steve,Novak,4.2,1,NY@OKC,OKC,NY,,,0.0,0.0,0,0.0,0.0,0.0,0.0,0.0,0.0,0.0,0.0,0.0,0.0,0.0,0.0,0.0,0.0,0.0,,,0.0,,0.46938023534,,SF,3500
203082,Terrence,Ross,10.4,7,TOR@LAL,TOR,LAL,O,Finger,9.2,10.25,0,0.545140522649,0.138040289472,2.73296660575,0.448230609005,0.165994389646,0.730795007737,0.430116777498,0.536914221301,0.896789397382,2.01519667621,0.951676878781,5.07931019807,0.403642525708,5.3857127569,14.0,7.76052934207e-09,3.30510371238e-18,7.87897073038,8.66810576193,6.02193684005,6.55110399122,SG,3500
203516,James,Ennis,0.5,3,HOU@MEM,MEM,HOU,,,1.2,1.25,0,0.0508047901957,0.0156560666524,0.092649588221,0.0855848113789,0.0524678694278,0.0498228006695,0.0240642454655,0.0374909792773,0.102290670097,0.093489154544,0.0279449124515,0.233324835775,0.0709194093546,0.285842630894,1.0,2.32177538257e-22,6.99664885934e-42,0.526748265263,0.564580744632,1.09624284772,1.0773593732,SF,3500
203912,C.J.,Wilcox,2.8,21,LAC@POR,LAC,POR,,,0.0,0.0,0,0.0,0.0,0.0,0.0,0.0,0.0,0.0,0.0,0.0,0.0,0.0,0.0,0.0,0.0,0.0,,,0.0,,0.729975285981,,SG,3500
203503,Tony,Snell,12.3,11,CHI@GS,CHI,GS,,,8.6,8.75,0,1.42858027109,0.423436260274,3.67297677465,0.825146605462,0.36946821782,2.56517258868,0.453204904507,1.17668998156,2.9346408065,2.63977067289,1.49483110825,7.23617614426,0.736976230124,7.51134868416,28.0,0.000351559941431,9.40327521162e-10,13.7523804066,15.2354003346,7.81782848665,8.66423917887,SG,3500
203962,Josh,Huestis,0.0,0,NY@OKC,OKC,NY,,,0.0,0.0,0,0.0,0.0,0.0,0.0,0.0,0.0,0.0,0.0,0.0,0.0,0.0,0.0,0.0,0.0,0.0,,,0.0,,0.845620626624,,SF,3500
1626148,Anthony,Brown,2.3,3,TOR@LAL,LAL,TOR,,,0.0,0.0,0,0.0,0.0,0.0,0.0,0.0,0.0,0.0,0.0,0.0,0.0,0.0,0.0,0.0,0.0,0.0,,,0.0,,0.787319822327,,SF,3500
203960,Jakarr,Sampson,9.9,12,PHI@CHA,PHI,CHA,,,8.6,9.75,0,0.646665394844,0.177946318115,0.98465492163,1.47870718448,0.501948565545,1.41724049941,0.363409091147,1.13413182544,1.91918906496,1.97380378968,0.243521644222,4.1920301743,1.00433501075,5.19546423433,14.0,4.946900009e-06,9.73717017098e-15,8.41706819763,9.20186180606,5.16834879674,4.9307350469,SF,3500
203946,Cameron,Bairstow,2.8,2,CHI@GS,CHI,GS,,,0.0,0.0,0,0.0,0.0,0.0,0.0,0.0,0.0,0.0,0.0,0.0,0.0,0.0,0.0,0.0,0.0,0.0,,,0.0,,0.764119583146,,PF,3500
203090,Maurice,Harkless,13.5,13,LAC@POR,POR,LAC,,,1.2,1.25,0,0.33477354515,0.120808748231,0.612511590154,0.48298312948,0.438213155372,0.666547800823,0.226658993659,0.358694513183,1.10476095619,0.748557925104,0.202026874592,1.72206324567,0.295949352639,1.99509207744,7.0,2.34621239658e-09,8.62413662081e-21,4.15920651319,4.49480525841,2.82742727348,2.79723712964,SF,3500
201961,Wayne,Ellington,7.8,12,BKN@BOS,BKN,BOS,,,3.0,3.5,0,0.167543417564,0.0109010635046,0.419658754465,0.0722160576091,0.0443563145723,0.148084014699,0.10934133099,0.0522070013791,0.192440329272,0.374837525429,0.140143593439,1.00525865213,0.0624141085804,0.952232752877,3.0,1.91950052689e-17,6.40184648125e-32,1.62275406196,1.72855137583,1.92796752976,1.97949576678,SG,3500
201973,Jonas,Jerebko,7.7,11,BKN@BOS,BOS,BKN,,,5.9,6.5,0,1.18864822811,0.250403648772,1.44367421121,1.13771229484,1.30896600555,1.88011888701,0.416955837532,0.949618876288,3.18908489256,2.21015463183,0.540467298003,4.78799110627,1.04017571395,6.0009522756,19.0,0.000387053567702,2.04814695302e-10,11.9959265852,12.9010044979,5.671840763,5.67118182128,PF,3500
201949,James,Johnson,9.2,9,TOR@LAL,TOR,LAL,,,9.8,11.5,0,1.10829797499,0.698290919621,0.573037710281,1.26984488931,0.606877007407,1.3603736971,0.555000658175,1.17867674165,1.96725070451,2.0235851557,0.169350018278,3.51234136392,0.790973047841,5.00749337751,15.0,5.48365651141e-06,1.56339201887e-12,10.3585475993,11.13093174,4.92146452414,4.502400998,SF,3500
203481,Jeff,Withey,7.2,4,UTA@DAL,UTA,DAL,,,0.0,0.0,0,0.0711415554611,0.147523447641,0.00244341731318,0.274715102343,0.168695730742,0.171998194463,0.0398075696101,0.0777316223676,0.340693925204,0.231587900293,0.000604310902229,0.445953194154,0.189471643435,0.653251754923,2.0,1.00860601224e-16,1.18728556922e-31,1.4657272105,1.52192987339,1.59731672016,1.43663278366,C,3500
1626146,Cliff,Alexander,4.9,3,LAC@POR,POR,LAC,,,4.4,4.5,0,0.127479386537,0.117674626112,0.112084604751,0.164817967318,0.173358794735,0.414933179176,0.083581395372,0.138000819792,0.58829197391,0.440543945719,0.0308691118908,0.97575670145,0.121428873276,1.03338587661,3.0,3.75683499494e-13,1.53469208861e-28,2.19506654828,2.30891611282,2.06866635639,1.89738581608,PF,3500
203080,Thomas,Robinson,9.6,12,BKN@BOS,BKN,BOS,,,13.2,13.5,0,0.528767672587,0.529042209629,0.0211375150076,1.8944804249,2.20176162444,3.00668125081,0.55029009551,1.37362084285,5.20844287526,2.45677916503,0.000516544105277,4.81652161855,0.937074316354,5.85114919053,17.0,0.00791403890531,7.99532333773e-12,13.6794759171,14.6388378128,6.36588377657,5.95720218929,PF,3500
201229,Anthony,Tolliver,9.5,10,DET@MIN,DET,MIN,,,4.4,4.5,0,0.805922301089,0.19877931952,3.71535194069,0.758947278156,0.502052634604,1.67901225483,0.397862921916,0.393679802809,2.18106488944,1.56492500737,1.14698693167,4.77403415102,0.468068872619,4.74490581903,20.0,1.42587858431e-05,2.19047018588e-13,9.37067181805,10.2500798179,6.42103001251,7.33962633026,PF,3500
201603,Sonny,Weems,4.0,8,PHO@DEN,PHO,DEN,,,0.0,0.0,0,0.0,0.0,0.0,0.0,0.0,0.0,0.0,0.0,0.0,0.0,0.0,0.0,0.0,0.0,0.0,,,0.0,,0.723405918714,,SF,3500
2570,Kendrick,Perkins,9.5,3,SA@NO,NO,SA,O,Pectoral,0.0,0.0,0,0.0,0.0,0.0,0.0,0.0,0.0,0.0,0.0,0.0,0.0,0.0,0.0,0.0,0.0,0.0,,,0.0,,0.785342715413,,C,3500
203584,Troy,Daniels,2.8,4,PHI@CHA,CHA,PHI,,,0.0,0.0,0,0.117249828188,0.00712067962087,0.579176752948,0.0787993273035,0.0349950414696,0.0783625423697,0.0342155533694,0.101564147281,0.113357583839,0.324558175765,0.223687269797,0.817747568323,0.0584942819035,0.93129790323,2.0,3.77439595578e-19,1.91574850174e-35,1.22431006482,1.39260365255,1.94040028212,2.13279869722,SG,3500
203187,Chris,Johnson,3.2,8,UTA@DAL,UTA,DAL,,,0.0,0.0,0,0.0338774102301,0.00933566997184,0.170102956006,0.0461983424432,0.0261019343044,0.0476395235111,0.041574489334,0.032418141521,0.0737414578155,0.112106459407,0.0524415717421,0.295371461254,0.0338233282717,0.310477818828,1.0,3.63361600301e-23,1.67507547439e-43,0.519185860642,0.565302790165,1.16112397691,1.18732672941,SG,3500
201571,D.J.,Augustin,12.8,12,NY@OKC,OKC,NY,,,1.0,1.5,0,2.0522212496,0.0413748467414,1.55349989192,1.29442821844,0.153445933639,0.650309786331,0.466475189779,1.12191767645,0.80375571997,1.60827610564,0.602108449565,3.80610934761,0.98874647964,4.80740714048,13.0,7.5264132451e-06,1.13283350164e-13,8.74402827544,9.64624041406,4.83644460734,5.03537053156,PG,3500
1891,Jason,Terry,7.5,10,HOU@MEM,HOU,MEM,,,7.1,8.25,0,1.81339188498,0.233700264842,4.01931406127,0.496824512403,0.217832197564,0.715470472957,0.651149792791,1.21949369624,0.933302670522,2.24152850592,1.41100126447,5.45162606283,0.43625260357,6.33031087987,21.0,5.65625539057e-06,3.4647165525e-13,10.720568331,12.0824894293,7.349640632,8.28248928784,PG,3500
202379,Jeremy,Evans,5.3,10,UTA@DAL,DAL,UTA,,,0.0,0.0,0,0.0,0.0,0.0,0.0,0.0,0.0,0.0,0.0,0.0,0.0,0.0,0.0,0.0,0.0,0.0,,,0.0,,0.823476809858,,PF,3500
1626145,Tyus,Jones,2.9,2,DET@MIN,MIN,DET,,,0.0,0.0,0,0.0,0.0,0.0,0.0,0.0,0.0,0.0,0.0,0.0,0.0,0.0,0.0,0.0,0.0,0.0,,,0.0,,0.807685603354,,PG,3500
203915,Spencer,Dinwiddie,10.8,3,DET@MIN,DET,MIN,,,12.2,12.25,0,3.73822365652,0.198789411846,2.52002141647,2.13322608801,0.164792935295,0.723920186783,0.734760392347,1.33763230416,0.888713122077,2.56845124891,0.478109538013,7.18607411858,1.58014844247,7.19516047831,20.0,0.00173874387034,7.71212175792e-11,14.3984190138,15.353333707,7.0657738644,7.13198695477,PG,3500
203135,Robert,Sacre,3.4,1,TOR@LAL,LAL,TOR,,,0.0,0.0,0,0.0,0.0,0.0,0.0,0.0,0.0,0.0,0.0,0.0,0.0,0.0,0.0,0.0,0.0,0.0,,,0.0,,0.791501831316,,C,3500
204028,Tarik,Black,8.8,7,TOR@LAL,LAL,TOR,,,0.0,0.0,0,0.0,0.0,0.0,0.0,0.0,0.0,0.0,0.0,0.0,0.0,0.0,0.0,0.0,0.0,0.0,,,0.0,,0.815889596973,,C,3500
203900,Markel,Brown,6.7,6,BKN@BOS,BKN,BOS,,,3.5,3.5,0,0.392880797685,0.0847631847273,0.685743169123,0.430753351699,0.0831703990164,0.200570818052,0.220708132265,0.24086769381,0.283741217069,0.596212888401,0.159237010458,1.75364915262,0.329434711445,1.6810974987,6.0,7.70953450105e-14,5.78332762624e-26,2.98098309589,3.19522250888,2.5643033354,2.57412322591,SG,3500
1626166,Cameron,Payne,2.3,6,NY@OKC,OKC,NY,,,0.0,0.0,0,0.0,0.0,0.0,0.0,0.0,0.0,0.0,0.0,0.0,0.0,0.0,0.0,0.0,0.0,0.0,,,0.0,,0.877012276152,,PG,3500
203909,K.J.,McDaniels,3.0,4,HOU@MEM,HOU,MEM,,,10.0,12.25,0,0.753053787634,0.793936583535,1.87005899389,1.54902188773,0.761315803149,1.03870497824,0.485875096852,1.18752582824,1.80002078139,1.86037278798,0.478174668977,5.06743184033,1.08539955555,5.28431980048,15.0,3.15400708671e-06,6.82293618767e-14,9.94602295213,10.8688789708,5.5265759429,5.64140682713,SF,3500
201627,Anthony,Morrow,6.6,11,NY@OKC,OKC,NY,,,8.6,9.25,0,0.627512965146,0.0672107371221,4.19584029558,0.541850674142,0.434619329342,1.02551649545,0.779377654548,0.502137508807,1.46013582479,2.89088402382,1.54658515934,7.17446942554,0.478180410543,7.80653361752,23.0,1.30149130998e-06,1.64988369067e-14,11.6910053295,12.7883754071,8.25939256987,9.17195654554,SG,3500
202332,Cole,Aldrich,2.6,3,LAC@POR,LAC,POR,,,0.0,0.0,0,0.0,0.0,0.0,0.0,0.0,0.0,0.0,0.0,0.0,0.0,0.0,0.0,0.0,0.0,0.0,,,0.0,,0.944143629489,,C,3500
202734,E'Twaun,Moore,9.9,11,CHI@GS,CHI,GS,,,15.0,16.0,0,1.52668802668,0.251346633329,1.70155319217,0.839217635468,0.33132309733,1.45163585401,0.823880895754,0.835858341639,1.78295895134,2.90152274664,0.638250809243,6.44367498211,0.549046672048,6.99034297457,24.0,7.28307752168e-06,2.7553867857e-11,12.7345224727,13.5607359204,6.98854344879,6.98440470191,PG,3500
202353,Tibor,Pleiss,1.6,4,UTA@DAL,UTA,DAL,,,0.0,0.0,0,0.0,0.0,0.0,0.0,0.0,0.0,0.0,0.0,0.0,0.0,0.0,0.0,0.0,0.0,0.0,,,0.0,,0.810870479905,,C,3500
203123,Kostas,Papanikolaou,5.2,8,PHO@DEN,DEN,PHO,,,0.0,0.0,0,0.491916930013,0.0952547524993,0.759785497976,0.160567289773,0.282058677833,0.459319790861,0.201655857837,0.361882109534,0.741378468694,0.593708403151,0.212768804605,1.49052446157,0.107343229956,1.50752884086,6.0,3.04139321965e-11,4.3606152521e-21,3.36699750945,3.69139189,2.55875689628,2.60625238718,SF,3500
1626175,Jordan,Mickey,6.1,2,BKN@BOS,BOS,BKN,,,0.0,0.0,0,0.0,0.0,0.0,0.0,0.0,0.0,0.0,0.0,0.0,0.0,0.0,0.0,0.0,0.0,0.0,,,0.0,,0.940961584844,,PF,3500
101111,Charlie,Villanueva,14.1,10,UTA@DAL,DAL,UTA,GTD,Personal,0.0,0.0,0,0.103584049305,0.0960829260603,0.8780108452,0.128162024083,0.122675649717,0.347036105431,0.0488148574293,0.118462136004,0.469711755148,0.621722215271,0.279278556149,1.54266944839,0.0794877233788,1.60221071007,3.0,5.68914455404e-13,2.99382803526e-29,2.49257432118,2.71493025502,2.67478668816,2.80881013031,PF,3500
2419,Tayshaun,Prince,8.3,12,DET@MIN,MIN,DET,,,4.9,5.5,0,1.01308814933,0.178492816815,0.542292615121,0.759369481349,0.591514907613,1.41788605673,0.388380667231,0.465590589621,2.00940096434,1.78309281537,0.207192704364,3.97783797627,0.440306157481,4.21368449258,21.0,4.11099051351e-06,5.14285368692e-13,8.81275425226,9.24962211395,4.93603371509,4.72938326861,SF,3500
202720,Jon,Leuer,14.1,11,PHO@DEN,PHO,DEN,,,15.0,16.25,0,1.28075036492,0.234684327914,1.64943942511,1.42682305025,1.10724146542,3.32205924982,0.550536937617,0.807929170522,4.42930071524,2.90968640141,0.716512058607,6.99635705442,0.902144899151,7.43802976058,21.0,0.00562623139457,5.78342578414e-09,15.4368295268,16.4289545416,7.38288804727,7.44442075619,PF,3500
1626246,Boban,Marjanovic,3.8,5,SA@NO,SA,NO,,,1.0,1.5,0,0.231187209365,0.0464365187392,0.148134993581,0.408542601955,0.321665393601,0.439914227312,0.0879144513743,0.214158371905,0.761579620913,0.593185968822,0.0407977143868,1.29584128846,0.302341420568,1.5295110726,3.0,1.7286688577e-11,1.68429604422e-24,2.84473100006,3.01028802428,2.47364176441,2.27592486973,C,3500
202713,Kyle,Singler,6.0,11,NY@OKC,OKC,NY,,,5.4,6.0,0,0.322118968956,0.208667248697,2.0397302699,0.602976344963,0.311988432355,0.933761337175,0.514378051621,0.672088223823,1.24574976953,1.13656085879,0.614344057916,3.6067293866,0.386601775977,3.27406755146,14.0,4.22272848756e-08,9.56514545232e-18,6.02614810515,6.73165179783,4.39116771796,4.83773559763,SF,3500
203492,Ray,McCallum,2.9,6,SA@NO,SA,NO,,,2.4,2.5,0,0.795104705413,0.0461425767093,0.442201824704,0.33446664526,0.201496977206,0.412449529337,0.247274886835,0.438723973487,0.613946506543,0.996171439616,0.13766120522,2.21573434928,0.229075369486,2.35907945394,7.0,1.97233353048e-10,2.17693708624e-19,4.43658327351,4.75547318849,3.2741812096,3.09924853115,PG,3500
202498,Lance,Thomas,8.0,12,NY@OKC,NY,OKC,,,17.1,18.25,0,0.669370029361,0.0494300089791,0.938134658181,1.4686367482,0.68551292399,1.12557830763,0.295460724085,0.884091805255,1.81109123162,2.49263586684,0.42445419794,5.59092239574,1.15863662607,6.56836255769,20.0,5.61014801615e-06,1.52195052585e-14,9.55141674055,10.2962527189,6.3992824746,6.27212852465,SF,3500
2756,Sasha,Vujacic,12.0,10,NY@OKC,NY,OKC,,,-1.0,-0.5,0,0.333813364084,0.0167401594059,0.623207477214,0.136101692912,0.131925880081,0.312908264953,0.155741667546,0.218664840379,0.444834145034,0.467094893176,0.167229404514,1.35686354265,0.109392200682,1.21081139155,4.0,1.16848793281e-13,3.84718666841e-25,2.37163122524,2.58682005494,2.25582444694,2.3156924953,SG,3500
202708,Norris,Cole,15.9,75,SA@NO,NO,SA,O,Ankle,0.0,0.0,0,0.0,0.0,0.0,0.0,0.0,0.0,0.0,0.0,0.0,0.0,0.0,0.0,0.0,0.0,0.0,,,0.0,,0.737434341042,,PG,3500
2446,Rasual,Butler,8.6,10,SA@NO,SA,NO,,,3.4,4.0,0,0.596981125472,0.299258580839,1.56323826894,0.396159107122,0.104737513463,0.692674099177,0.320737668125,0.292935184522,0.79741161264,1.29541180444,0.500665550431,3.15285880879,0.302150710073,3.39363986938,10.0,8.00542658647e-10,6.94851483408e-19,6.19306280616,6.62973375547,4.17686130403,4.38186559748,SF,3500
201575,Brandon,Rush,6.8,7,CHI@GS,GS,CHI,,,0.0,0.0,0,0.0,0.0,0.0,0.0,0.0,0.0,0.0,0.0,0.0,0.0,0.0,0.0,0.0,0.0,0.0,,,0.0,,0.687549832368,,SG,3500
202687,Bismack,Biyombo,13.5,13,TOR@LAL,TOR,LAL,,,7.8,8.0,0,0.200655387398,1.04389002242,7.92432190202e-06,2.11275909983,2.01043891145,2.8342632038,0.169911796859,0.669677526087,4.84470211525,1.29076749568,2.18369097868e-06,2.83907745882,1.42053325011,4.00207042517,16.0,0.00146236726515,2.40657543272e-10,11.874622157,12.4538906693,4.32641108407,4.04715615014,C,3500
201946,Tyler,Hansbrough,2.9,3,PHI@CHA,CHA,PHI,,,9.7,10.25,0,0.046540776871,0.0270912652548,0.0214125399398,0.298826651097,0.220605386668,0.199656563897,0.0623048934494,0.0530179652064,0.420261950564,0.185359873812,0.0119608915882,0.385157732227,0.220742779992,0.603423419204,2.0,7.80577021258e-16,1.89052755411e-34,1.30332327739,1.35682580332,1.43636784765,1.33327112327,PF,3500
202335,Patrick,Patterson,11.6,13,TOR@LAL,TOR,LAL,,,21.9,22.75,0,1.44965688163,0.362193948037,4.21880412042,0.462013500186,1.18322102417,2.7848816093,0.832813486911,1.0999332477,3.96810263347,2.82519230343,1.41254081835,7.08493307322,0.385781630451,7.44870705566,26.0,0.00283479584141,8.69347899875e-09,15.6749971605,17.133891545,8.12550178247,8.98363403156,PF,3500
202690,Jimmer,Fredette,1.1,4,SA@NO,NO,SA,,,0.0,0.0,0,0.0,0.0,0.0,0.0,0.0,0.0,0.0,0.0,0.0,0.0,0.0,0.0,0.0,0.0,0.0,,,0.0,,0.716480655305,,SG,3500
204025,Tim,Frazier,2.2,6,LAC@POR,POR,LAC,,,0.0,0.0,0,0.0,0.0,0.0,0.0,0.0,0.0,0.0,0.0,0.0,0.0,0.0,0.0,0.0,0.0,0.0,,,0.0,,0.94599953416,,PG,3500
101236,Chuck,Hayes,6.8,2,HOU@MEM,HOU,MEM,,,0.0,0.0,0,0.0,0.0,0.0,0.0,0.0,0.0,0.0,0.0,0.0,0.0,0.0,0.0,0.0,0.0,0.0,,,0.0,,0.809432383888,,C,3500
202407,Elijah,Millsap,3.7,7,UTA@DAL,UTA,DAL,,,0.0,0.0,0,0.0,0.0,0.0,0.0,0.0,0.0,0.0,0.0,0.0,0.0,0.0,0.0,0.0,0.0,0.0,,,0.0,,0.781199227567,,SF,3500
202682,Derrick,Williams,12.6,12,NY@OKC,NY,OKC,,,14.6,16.25,0,0.797906722116,0.220859946521,1.77395972255,3.33288924893,0.569665504261,1.33663598423,0.619885778949,0.789538746294,1.90630148849,2.55407296962,0.541699243146,6.30234373461,2.32401929283,7.97386447521,16.0,1.28717804164e-05,1.96884674539e-13,12.3502390492,13.111192426,6.92633476685,6.95014736823,PF,3500
202388,Donald,Sloan,3.7,2,BKN@BOS,BKN,BOS,,,0.0,0.0,0,0.0,0.0,0.0,0.0,0.0,0.0,0.0,0.0,0.0,0.0,0.0,0.0,0.0,0.0,0.0,,,0.0,,0.742629874112,,PG,3500
1626245,Cristiano,Felicio,1.5,1,CHI@GS,CHI,GS,,,0.0,0.0,0,0.0,0.0,0.0,0.0,0.0,0.0,0.0,0.0,0.0,0.0,0.0,0.0,0.0,0.0,0.0,,,0.0,,0.884062911993,,C,3500
1626242,Luis,Montero,1.6,2,LAC@POR,POR,LAC,,,0.0,0.0,0,0.0,0.0,0.0,0.0,0.0,0.0,0.0,0.0,0.0,0.0,0.0,0.0,0.0,0.0,0.0,,,0.0,,0.817576197931,,SF,3500
201589,Darrell,Arthur,11.6,11,PHO@DEN,DEN,PHO,,,13.1,13.25,0,1.15145595811,0.751295033659,1.45510171469,0.619826495898,1.21864145298,1.81979169328,0.659093992182,0.623483958427,3.03843314626,2.37178772648,0.372784674386,6.64994469294,0.509507740756,5.62586786811,19.0,0.000233305330139,9.52996177788e-11,13.196465674,13.846871606,6.69890220899,6.65708030093,PF,3500
1626204,Larry,Nance Jr.,10.4,7,TOR@LAL,LAL,TOR,,,5.4,5.5,0,0.670124821188,0.0958269596348,0.414465651991,0.760499497122,0.774599951188,2.97574606691,0.437406961453,0.740084380987,3.7503460181,1.99187089952,0.131376654773,4.20873567592,0.515423545799,4.63054199961,18.0,0.000568339982743,1.58482161179e-12,10.4625279143,11.0866282431,5.30890502262,5.0079097862,PF,3500
203923,James,Young,0.0,1,BKN@BOS,BOS,BKN,,,0.0,0.0,0,0.0,0.0,0.0,0.0,0.0,0.0,0.0,0.0,0.0,0.0,0.0,0.0,0.0,0.0,0.0,,,0.0,,0.597620229554,,SF,3500
202087,Alonzo,Gee,9.3,12,SA@NO,NO,SA,,,7.2,7.25,0,0.535420792691,0.220281557994,0.955244452358,0.894761851378,0.843822818419,1.52913137511,0.875515743526,0.865599409775,2.37295419353,1.65258789407,0.244851743367,3.79026556985,0.642355679627,4.19238321114,18.0,1.53676628378e-05,5.11955294404e-13,9.16905462568,9.84295096342,4.64606852257,4.48676806934,SF,3500
203956,Mitch,McGary,3.1,5,NY@OKC,OKC,NY,,,0.0,0.0,0,0.0,0.0,0.0,0.0,0.0,0.0,0.0,0.0,0.0,0.0,0.0,0.0,0.0,0.0,0.0,,,0.0,,0.835229941302,,PF,3500
1626151,Aaron,Harrison,0.0,0,PHI@CHA,CHA,PHI,,,1.2,1.25,0,0.159669759075,0.0392837540365,0.167201182721,0.174248685506,0.0873214683056,0.29545365727,0.0627499495577,0.110532820749,0.382775125576,0.264047301784,0.0460487149788,0.622841135965,0.128376911177,0.702520229723,2.0,1.86149132751e-15,4.77837918022e-30,1.49488960547,1.59231912961,1.67627334419,1.59451437489,PG,3500
203943,Noah,Vonleh,6.7,13,LAC@POR,POR,LAC,,,7.6,8.75,0,0.428916829714,0.422290591627,0.831842520883,1.42091879357,1.33105643887,2.58819104678,0.271021132492,0.962683953931,3.91924748564,1.74866505027,0.214060446331,4.37706300861,1.0254515221,4.73684206897,18.0,0.000809182307393,5.96233818938e-14,10.5072537906,11.2928021385,5.12444628637,4.97158966262,PF,3500
203546,Ian,Clark,5.7,9,CHI@GS,GS,CHI,,,2.7,2.75,0,0.282414334262,0.0453444239455,0.497418659166,0.190940265926,0.0630677137487,0.138375416354,0.116264787571,0.193456361934,0.201443130103,0.402103039889,0.172181343634,1.02855342797,0.160214083534,1.13660150695,3.0,1.19471454645e-15,2.92299198864e-29,1.93171682556,2.12460783485,2.09810975032,2.16919193772,SG,3500
203613,Jonathon,Simmons,9.4,1,SA@NO,SA,NO,,,1.2,1.25,0,0.333264471204,0.0494298044835,0.167755389997,0.32565959772,0.165255395188,0.418754487098,0.104014123967,0.153436169084,0.584009882286,0.323120856688,0.0462013486652,0.755374702477,0.252131947936,0.944575009977,3.0,2.37983725442e-13,8.15228039816e-25,2.29873526334,2.42775451633,1.86999219517,1.76883138137,SG,3500
1626149,Montrezl,Harrell,7.7,11,HOU@MEM,HOU,MEM,,,-0.8,0.25,0,0.142898665915,0.11621913964,0.0597998073714,0.632901997027,0.334233378778,0.594930517662,0.14439966219,0.303111296212,0.92916389644,0.649750184798,0.0164694067388,1.21326239306,0.389496883496,1.70546665983,5.0,1.34492158015e-10,2.58676781965e-25,3.25293764188,3.45918618838,2.54588459256,2.26360795262,PF,3500
203141,Mirza,Teletovic,9.3,11,PHO@DEN,PHO,DEN,,,25.5,28.25,0,1.42989444137,0.32153633481,5.2035802516,0.744332145283,0.862047293566,1.8005902429,0.43466381941,0.936542650825,2.66263753647,2.92911245745,1.87811766713,7.75520592887,0.524416037607,8.26075861964,21.0,0.000200501715923,5.38907832673e-10,14.1766229831,15.7173857731,9.30171481914,10.5439538309,PF,3500
1626179,Terry,Rozier,4.2,6,BKN@BOS,BOS,BKN,,,0.0,0.0,0,0.0,0.0,0.0,0.0,0.0,0.0,0.0,0.0,0.0,0.0,0.0,0.0,0.0,0.0,0.0,,,0.0,,0.811926501623,,PG,3500
2555,Nick,Collison,8.7,9,NY@OKC,OKC,NY,,,18.9,19.75,0,1.68205061993,0.574029326715,0.674278680812,0.929234674034,1.69436055821,2.4713764036,0.730702528193,1.24903179779,4.16573696181,1.79279757371,0.14465378848,4.04393241115,0.725150490972,4.45539942687,20.0,0.00100331547601,1.09722116457e-08,13.337791623,14.2444262703,4.98431297847,4.72428867024,PF,3500
1713,Vince,Carter,5.2,1,HOU@MEM,MEM,HOU,,,15.6,16.75,0,1.15344969645,0.377205018213,3.75662533976,0.876958393499,0.475865461659,0.650374369597,0.750628864663,0.708435751884,1.12623983126,2.206079838,1.23276111572,6.53656725098,0.698448083556,6.34336887527,18.0,1.99019407284e-07,3.71329370265e-14,10.9722632313,11.9991739552,7.26183294546,8.09119970901,SF,3500
1626171,Bobby,Portis,9.0,2,CHI@GS,CHI,GS,,,0.0,0.0,0,0.0,0.0,0.0,0.0,0.0,0.0,0.0,0.0,0.0,0.0,0.0,0.0,0.0,0.0,0.0,,,0.0,,0.832664324594,,PF,3500
2440,Matt,Barnes,13.4,12,HOU@MEM,MEM,HOU,,,28.4,29.75,0,1.49108393086,0.887915265779,5.84073853106,1.84244026166,0.908828500223,3.150664152,1.60593780958,1.17994806426,4.05949265222,3.53474079298,1.7448807766,10.0078581569,1.56910220798,10.3834645705,34.0,0.00553896905349,6.25369035285e-08,21.2992397359,22.9729374302,10.4821795931,11.6490286815,SF,3500
1626178,Rondae,Hollis-Jefferson,14.3,12,BKN@BOS,BKN,BOS,,,30.2,35.25,0,2.24709524632,0.588844774355,0.727037414742,2.08745829027,2.31409001022,5.65225082313,1.55393941407,1.98050147184,7.96634083334,3.06731060544,0.180376528686,6.59444328033,1.21279409437,7.52779183393,31.0,0.102510293364,1.2818209177e-05,22.7631106084,24.395670545,7.57001943181,7.26090532443,SF,3500
1626147,Justin,Anderson,5.4,10,UTA@DAL,DAL,UTA,,,0.0,0.0,0,0.0,0.0,0.0,0.0,0.0,0.0,0.0,0.0,0.0,0.0,0.0,0.0,0.0,0.0,0.0,,,0.0,,0.7980283732,,SF,3500
1626185,Jarell,Martin,0.0,0,HOU@MEM,MEM,HOU,O,Foot,0.0,0.0,0,0.0,0.0,0.0,0.0,0.0,0.0,0.0,0.0,0.0,0.0,0.0,0.0,0.0,0.0,0.0,,,0.0,,0.845620626624,,PF,3500
2733,Shaun,Livingston,10.7,11,CHI@GS,GS,CHI,GTD,Hip,10.1,10.75,0,1.63331825668,0.13659959051,0.039754957419,0.629493046801,0.346722446094,0.56858168723,0.341230479051,0.675040685617,0.915304133324,1.40053465028,0.000253109699958,2.77397686501,0.50515092581,3.30647333606,12.0,2.71426765346e-07,1.33963468062e-14,7.13543513457,7.51884764604,4.14042902904,3.77394330036,PG,3500
203148,Brian,Roberts,3.1,6,PHI@CHA,CHA,PHI,,,6.5,6.5,0,1.53207132205,0.0444869859148,1.52318682511,0.756460592847,0.157407482426,0.276173529898,0.248609845446,0.501418549258,0.433581012325,1.69059240647,0.455982674562,4.40569609832,0.638465196373,4.47563268387,13.0,5.2968065062e-07,2.32284931323e-17,7.3788119952,7.87919245224,4.9830622375,5.07487554129,PG,3500
1626153,Delon,Wright,1.0,4,TOR@LAL,TOR,LAL,,,0.0,0.0,0,0.0,0.0,0.0,0.0,0.0,0.0,0.0,0.0,0.0,0.0,0.0,0.0,0.0,0.0,0.0,,,0.0,,0.83942543237,,PG,3500
203998,Bruno,Caboclo,0.0,1,TOR@LAL,TOR,LAL,,,0.0,0.0,0,0.0,0.0,0.0,0.0,0.0,0.0,0.0,0.0,0.0,0.0,0.0,0.0,0.0,0.0,0.0,,,0.0,,0.77495954723,,SF,3500
2581,Steve,Blake,9.2,9,DET@MIN,DET,MIN,,,0.0,0.0,0,0.0,0.0,0.0,0.0,0.0,0.0,0.0,0.0,0.0,0.0,0.0,0.0,0.0,0.0,0.0,,,0.0,,0.863258918542,,PG,3500
203949,James Michael,McAdoo,3.8,10,CHI@GS,GS,CHI,,,4.2,4.75,0,0.299832788174,0.292255203273,0.056778248882,1.32665655881,0.607156114399,0.863312564111,0.221464716753,0.333259817244,1.47046867851,1.0586707146,0.0156372422564,2.10649186568,0.710552248153,2.8435309196,7.0,6.00402097936e-08,1.35522271712e-19,5.75202253888,5.99999459262,3.5397865764,3.23264021694,PF,3500
1626154,RJ,Hunter,6.0,6,BKN@BOS,BOS,BKN,,,5.0,5.5,0,0.182665985139,0.0925926387991,1.06988181194,0.183341312813,0.0870481975266,0.854841008877,0.177889360727,0.291244284356,0.941889206403,0.702282725076,0.277120581151,1.94155733424,0.135075862189,1.81676189349,6.0,5.2410605237e-10,8.9654641717e-24,3.47074763358,3.80202452744,2.90272575784,3.03212489009,SG,3500
203928,Cory,Jefferson,4.4,1,PHO@DEN,PHO,DEN,,,0.0,0.0,0,0.0,0.0,0.0,0.0,0.0,0.0,0.0,0.0,0.0,0.0,0.0,0.0,0.0,0.0,0.0,,,0.0,,0.782521726406,,PF,3500
203493,Reggie,Bullock,1.7,6,DET@MIN,DET,MIN,,,-1.0,-0.5,0,0.152851176175,0.0458330055246,0.861476868313,0.13370145584,0.100129158624,0.115896663651,0.159185142346,0.184620667749,0.216025822275,0.455910001816,0.252290761122,1.42993923275,0.0946450425486,1.2587558073,6.0,1.78961675902e-16,7.01305856909e-31,1.97267918629,2.20193619184,2.33070249572,2.53795413264,SF,3500
203937,Kyle,Anderson,7.1,11,SA@NO,SA,NO,,,8.9,9.0,0,0.557197323843,0.256132886009,0.268315143575,0.38736553549,0.146772582475,0.612433004745,0.282943379405,0.225600201685,0.75920558722,0.685702823921,0.0861269875917,1.82045584627,0.21517438852,1.67270702395,7.0,3.3699531488e-11,1.53566499461e-20,4.27210204353,4.46592591758,2.73009588479,2.61667881084,SF,3500
201578,Marreese,Speights,10.5,11,CHI@GS,GS,CHI,,,0.0,0.0,0,0.0,0.0,0.0,0.0,0.0,0.0,0.0,0.0,0.0,0.0,0.0,0.0,0.0,0.0,0.0,,,0.0,,0.87932921722,,PF,3500
203498,Shabazz,Muhammad,11.5,12,DET@MIN,MIN,DET,,,2.6,3.25,0,0.557290654853,0.0993207333487,1.08540285523,2.32990361563,1.00765585225,1.47928559174,0.2167320332,0.821673461358,2.48694144399,3.24288015721,0.283460098401,6.61714844426,1.72919541077,8.4984158236,17.0,0.000123926774792,5.95272232294e-14,12.1291136104,12.8062133526,7.5095361702,7.19041665005,SF,3500
201976,Patrick,Beverley,10.5,7,HOU@MEM,HOU,MEM,O,Ankle,0.0,0.0,0,0.0,0.0,0.0,0.0,0.0,0.0,0.0,0.0,0.0,0.0,0.0,0.0,0.0,0.0,0.0,,,0.0,,0.812171695498,,PG,3500
203798,P.J.,Hairston,8.7,10,PHI@CHA,CHA,PHI,GTD,Quadriceps,0.0,0.0,0,0.0,0.0,0.0,0.0,0.0,0.0,0.0,0.0,0.0,0.0,0.0,0.0,0.0,0.0,0.0,,,0.0,,0.621883009138,,SF,3500
203919,Jordan,Adams,9.0,2,HOU@MEM,MEM,HOU,O,Knee,0.0,0.0,0,0.0,0.0,0.0,0.0,0.0,0.0,0.0,0.0,0.0,0.0,0.0,0.0,0.0,0.0,0.0,,,0.0,,0.836764843022,,SG,3500
200811,Louis,Amundson,8.1,5,NY@OKC,NY,OKC,GTD,Head,0.0,0.0,0,0.0,0.0,0.0,0.0,0.0,0.0,0.0,0.0,0.0,0.0,0.0,0.0,0.0,0.0,0.0,,,0.0,,0.917023892345,,PF,3500
1626168,Trey,Lyles,4.9,9,UTA@DAL,UTA,DAL,,,0.0,0.0,0,0.238626708196,0.0754337566985,0.327237556199,0.309525622243,0.400466824891,0.696006045657,0.128808306303,0.287689037101,1.09647287055,0.617604226533,0.0811869832914,1.56984419846,0.209778960191,1.52617439655,5.0,6.6234416532e-10,8.8185168204e-23,3.3206769924,3.55993864712,2.52437010056,2.39972437531,PF,3500
1626164,Devin,Booker,6.3,8,PHO@DEN,PHO,DEN,,,1.7,2.25,0,0.486054867215,0.304605362883,1.06673924536,0.547627354923,0.14386438411,1.02490989058,0.295416481636,0.581016035737,1.16877427469,1.54535814697,0.56466326885,3.23353129892,0.359424841748,4.01480440453,10.0,3.89849952761e-08,5.18295879829e-18,6.76544348828,7.39672191278,4.35745175082,4.46533443524,SG,3500
1626192,Pat,Connaughton,1.3,4,LAC@POR,POR,LAC,,,0.0,0.0,0,0.0,0.0,0.0,0.0,0.0,0.0,0.0,0.0,0.0,0.0,0.0,0.0,0.0,0.0,0.0,,,0.0,,0.799435041475,,SG,3500
203921,Cleanthony,Early,2.6,5,NY@OKC,NY,OKC,,,0.0,0.0,0,0.0,0.0,0.0,0.0,0.0,0.0,0.0,0.0,0.0,0.0,0.0,0.0,0.0,0.0,0.0,,,0.0,,0.715401255468,,SF,3500
203508,Sergey,Karasev,1.4,3,BKN@BOS,BKN,BOS,,,7.5,8.5,0,1.64227652533,0.081670410754,2.55094301228,1.85027480301,0.665368032233,0.881211001072,0.84872844509,1.24763161593,1.5465790333,2.16517985562,0.69096287628,5.55516884301,1.5250584344,6.54638102192,24.0,3.91737460481e-06,1.31554182959e-11,11.4788567456,12.5254888195,6.1703248563,6.44752667917,SF,3500
203512,Lucas,Nogueira,3.5,2,TOR@LAL,TOR,LAL,,,0.0,0.0,0,0.0,0.0,0.0,0.0,0.0,0.0,0.0,0.0,0.0,0.0,0.0,0.0,0.0,0.0,0.0,,,0.0,,0.837944180257,,C,3500
1626155,Sam,Dekker,1.1,3,HOU@MEM,HOU,MEM,O,Back,0.0,0.0,0,0.0,0.0,0.0,0.0,0.0,0.0,0.0,0.0,0.0,0.0,0.0,0.0,0.0,0.0,0.0,,,0.0,,0.824869165214,,SF,3500
101179,Ronnie,Price,8.7,9,PHO@DEN,PHO,DEN,,,15.9,17.5,0,2.89104235467,0.180827946524,2.84877590333,0.982856013187,0.304965085496,0.820124634816,1.37969782145,1.1216948842,1.12508972031,1.89894871477,1.00099954831,4.80839485189,0.803840199288,5.60273717714,20.0,0.000170707306889,3.92051696512e-10,13.2887650253,14.4066227897,6.0356225276,6.63420071121,PG,3500
201600,Omer,Asik,7.7,5,SA@NO,NO,SA,GTD,Illness,8.4,9.25,0,0.26905015541,0.351877787103,3.45740254241e-05,1.42452900972,1.15287519404,2.03226924727,0.203701804303,0.695800099415,3.18514444131,0.860560152597,1.63687649237e-06,1.84887612795,0.83226750037,2.55338944244,12.0,1.70574956089e-05,1.07185884133e-16,7.19449708852,7.70168076498,3.23224299622,2.97224659542,C,3500
200745,Andrea,Bargnani,7.4,12,BKN@BOS,BKN,BOS,,,8.9,9.0,0,0.514033645859,0.361887492316,0.763119968306,1.55024372852,0.763386135666,0.892073014384,0.0765373361343,0.796836145008,1.65545915005,2.7932973175,0.244588501557,6.70030565507,1.32343477771,7.15461791426,15.0,3.14828497412e-06,7.24990671946e-16,9.99223287501,10.5957228782,7.38164150952,7.16191231001,C,3500
1626273,Marcelo,Huertas,9.9,7,TOR@LAL,LAL,TOR,,,0.0,0.0,0,0.0,0.0,0.0,0.0,0.0,0.0,0.0,0.0,0.0,0.0,0.0,0.0,0.0,0.0,0.0,,,0.0,,0.975955804207,,PG,3500
203526,Raul,Neto,9.7,11,UTA@DAL,UTA,DAL,,,9.9,12.0,0,1.89704199641,0.118941935178,1.86080132346,0.349120148787,0.291966153724,0.964687857789,0.681160630699,0.95651890162,1.25665401151,1.63735872375,0.610818912575,4.23217310681,0.245447168035,4.13098352811,15.0,2.91504399953e-06,2.46949585091e-12,9.12821756667,9.97472354691,4.97272223185,5.23254035225,PG,3500
2588,Matt,Bonner,1.1,2,SA@NO,SA,NO,,,0.0,0.0,0,0.0,0.0,0.0,0.0,0.0,0.0,0.0,0.0,0.0,0.0,0.0,0.0,0.0,0.0,0.0,,,0.0,,0.564840659394,,C,3500
