NBA_ID,First Name,Last Name,FPPG,Played,Game,Team,Opp,Status,Injury Details,Actual_FD,Actual_DK,Actual_MIN,AST,BLK,FG3A,FTA,OREB,DREB,STL,TOV,REB,FGM,FG3M,FGA,FTM,PTS,MIN,DD,TD,FD,DK,FD_std,DK_std,fd_Pos,fd_Salary
201939.0,Stephen,Curry,50.9,10,BKN@GS,GS,BKN,,,44.6,49.25,39,7.97522445767,0.341175015828,13.175409728,7.26993847753,0.547839538608,4.33580050967,2.99294975371,4.06546048051,4.88364004827,12.7035442877,5.96189027943,25.0859230081,6.68533316875,38.0543120236,44.0,0.307623784816,0.00809325046551,58.4803058266,64.2238786376,25.1771073142,27.8974022245,PG,11000
2544.0,LeBron,James,45.3,8,CLE@MIL,CLE,MIL,,,59.9,68.0,39,8.46623133452,0.930492411643,5.41121939616,10.3498355493,1.42140406606,4.57270531157,2.40554626918,4.56357386009,5.99410937763,12.3312591208,1.63080710697,24.7804812718,6.76491024745,33.0582355959,45.0,0.424630559445,0.0285856799489,55.0590173524,59.1786161839,23.2310405008,23.283304416,SF,10200
201935.0,James,Harden,44.9,8,DAL@HOU,HOU,DAL,,,48.4,53.75,39,6.90325529008,0.921085294269,9.53610049722,12.357642487,1.06152197122,4.48554297654,1.98493259795,5.01618925818,5.54706494776,8.60974594202,2.58551374821,22.10258424,10.702927302,30.5079329343,42.0,0.190136339034,0.00787163520949,48.315140333,52.7021644977,20.1909257372,21.5237817623,SG,10000
201933.0,Blake,Griffin,42.9,9,DET@LAC,LAC,DET,,,61.1,62.5,39,5.58634061578,0.621145318905,0.397753991096,8.42754997531,2.65770772536,6.34567127789,1.03437959806,2.30253231311,9.00337900326,12.1611203635,0.0568494907966,22.4339289496,6.32681360605,30.7059038238,42.0,0.47028746679,0.0240519888576,50.8979870722,53.3054340911,24.0210381281,23.482331085,PF,9700
203083.0,Andre,Drummond,47.2,8,DET@LAC,DET,LAC,,,45.8,49.25,39,0.632566103714,1.62541888858,0.00963867755309,6.23144267403,6.0601360347,9.65852545436,1.4811392042,2.21987859354,15.7186614891,7.15281152517,0.000104422548643,13.3083918767,2.32612263061,16.6318501035,34.0,0.892302611123,1.05709497498e-05,40.436330638,43.67074085,15.2444173135,14.7386671429,C,9700
202322.0,John,Wall,38.0,7,ORL@WAS,WAS,ORL,,,35.1,39.25,39,9.18056918696,1.35386990451,3.8819010996,5.35585042191,0.657648152728,1.72482624493,2.10973156315,4.17662210855,2.38247439766,6.3233102623,1.04436257368,15.2946994892,4.09663775653,17.7876208548,35.0,0.417320135525,0.000110057286465,37.1680247392,40.5239511754,14.3851490603,14.5140525669,PG,9200
101108.0,Chris,Paul,31.7,7,DET@LAC,LAC,DET,GTD,Groin,0.0,0.0,39,0.0,0.0,0.0,0.0,0.0,0.0,0.0,0.0,0.0,0.0,0.0,0.0,0.0,0.0,0.0,,,0.0,,0.990283248346,,PG,8900
202339.0,Eric,Bledsoe,39.1,8,DEN@PHO,PHO,DEN,,,45.4,48.75,39,5.4127805498,0.485426072238,3.25298770382,5.22982222874,0.51996861142,2.58448958665,1.69447278739,3.00528773794,3.10445819807,6.56357195701,1.22699181076,13.58409523,4.19490221155,18.5490379363,30.0,0.049016345957,6.8007299149e-05,31.7480685801,34.0931598051,13.4864963341,13.5266003549,SG,8500
202695.0,Kawhi,Leonard,37.6,8,PHI@SA,SA,PHI,GTD,Illness,0.0,0.0,39,0.0,0.0,0.0,0.0,0.0,0.0,0.0,0.0,0.0,0.0,0.0,0.0,0.0,0.0,0.0,,,0.0,,0.892555626513,,SF,8400
2730.0,Dwight,Howard,38.6,5,DAL@HOU,HOU,DAL,GTD,Rest,0.0,0.0,39,0.0,0.0,0.0,0.0,0.0,0.0,0.0,0.0,0.0,0.0,0.0,0.0,0.0,0.0,0.0,,,0.0,,0.977576272833,,C,8400
202328.0,Greg,Monroe,37.0,9,CLE@MIL,MIL,CLE,,,40.9,44.25,39,3.57754647469,1.07956659202,0.000411770925168,5.41400161836,4.12906551313,7.56120506797,1.61759620813,2.58749713277,11.6902705811,9.07506753234,2.56982062722e-07,17.0796884666,4.17726594188,22.3274012636,43.0,0.727969320361,0.00279766403698,44.5288741404,47.507483337,18.8779384472,18.3724596988,C,8200
203110.0,Draymond,Green,33.5,10,BKN@GS,GS,BKN,,,54.0,60.5,39,7.88200947617,1.86719125876,4.9057898691,2.98433270729,1.867193555,5.96018951165,1.91817072435,2.88339166181,7.82738306665,5.63465833809,1.91986232162,12.4173729122,2.12256996138,15.3117489592,42.0,0.477830891757,0.0623709241184,41.2149551578,44.9118104129,12.3518512305,13.0824003634,PF,8000
201567.0,Kevin,Love,36.5,8,CLE@MIL,CLE,MIL,,,43.8,49.0,39,3.07395305169,0.597623096294,8.26339928195,4.84815351863,3.64181538922,8.56693939632,0.8570396872,2.59179808837,12.2087547855,7.49458327892,2.70969079292,18.1417977252,3.99974942692,21.6986067777,44.0,0.764177184104,0.00100511278272,41.2775695765,45.6880328709,17.142510266,18.5125462609,PF,8000
202704.0,Reggie,Jackson,33.7,8,DET@LAC,DET,LAC,,,32.7,36.0,39,5.9446395019,0.212104836867,4.25958581278,4.9135889679,0.714704302179,2.48027099368,1.00253374068,3.69697532142,3.19497529586,7.73775037178,1.37542438801,17.7412860285,3.90755081588,20.7584759475,34.0,0.0804757696191,0.000137221301019,32.241707389,35.0587813269,16.5934599069,16.7568849847,PG,8000
201572.0,Brook,Lopez,34.0,8,BKN@GS,BKN,GS,,,37.3,38.25,39,1.48764112053,2.79434542063,0.30869134338,6.40160537637,3.83072375815,5.89726067964,0.43769570275,2.49407671611,9.72798443778,9.3011705737,0.00589318296854,19.0633591498,5.30983388166,23.918068212,42.0,0.506224304795,0.000330617282255,41.7931167488,44.2898292293,20.4762325348,20.0355283655,C,8000
200746.0,LaMarcus,Aldridge,29.5,8,PHI@SA,SA,PHI,,,42.8,46.25,39,2.0357109083,0.883687101056,0.883851902059,4.91529226149,2.82546526296,5.94817493623,0.398357749532,2.0882949191,8.7736401992,7.63418998245,0.173218032728,16.6128808045,4.1670587818,19.6086567794,34.0,0.3750677013,2.01735079346e-05,33.666386163,35.7984867213,17.3614942892,16.9923905641,PF,8000
203506.0,Victor,Oladipo,31.8,9,ORL@WAS,ORL,WAS,O,Concussion,0.0,0.0,39,0.0,0.0,0.0,0.0,0.0,0.0,0.0,0.0,0.0,0.0,0.0,0.0,0.0,0.0,0.0,,,0.0,,0.876702792884,,SG,7900
202696.0,Nikola,Vucevic,32.3,6,ORL@WAS,ORL,WAS,,,38.6,41.25,39,2.48468157104,1.6220838823,0.0314050350282,2.69295058137,2.73402301018,5.80959436687,0.836323715295,2.05393545494,8.54361737705,8.63909377184,0.0104422742166,16.6297298232,2.13287959737,19.4215094153,36.0,0.344188136507,9.37027974956e-05,36.2637523645,38.2396854111,18.2147694109,17.7303420958,C,7700
201599.0,DeAndre,Jordan,32.0,9,DET@LAC,LAC,DET,,,35.2,38.0,39,1.15583314144,3.22407985531,0.0170311338099,6.88830454487,3.92558110343,9.92001076389,0.603259972733,1.69207026856,13.8455918673,4.89350011833,0.00425740380527,6.872415804,2.51186248518,12.3031201256,38.0,0.693287360048,0.0012858471027,36.6141894661,39.198421477,9.30273835423,8.55033381259,C,7600
203457.0,Nerlens,Noel,30.1,6,PHI@SA,PHI,SA,,,13.6,15.25,39,1.6273393269,1.53267392189,0.00832466316685,3.03990701203,2.50767009476,4.86964614379,1.70137137306,2.68378195599,7.37731623855,4.40369032497,0.00229269244667,10.5354243114,1.91629469768,10.7259680401,31.0,0.140760342773,3.55345830889e-06,25.8040651506,27.7271194613,11.7417211379,11.4346390288,PF,7400
203078.0,Brad,Beal,31.6,6,ORL@WAS,WAS,ORL,GTD,Shoulder,0.0,0.0,39,0.0,0.0,0.0,0.0,0.0,0.0,0.0,0.0,0.0,0.0,0.0,0.0,0.0,0.0,0.0,,,0.0,,0.760706388681,,SG,7300
203487.0,Michael,Carter-Williams,30.0,4,CLE@MIL,MIL,CLE,GTD,Ankle,34.0,35.75,39,7.80918928376,1.01429383839,2.7663140082,5.49946105266,1.09118119683,2.93014825214,2.11838222128,4.49564235316,4.02132944897,6.15725383162,0.704666734196,15.0310621877,4.19077258964,17.2099469871,40.0,0.255102139204,0.00209782741673,35.5190360177,38.7092037249,14.4977280096,14.4178329823,PG,7000
202702.0,Kenneth,Faried,29.8,8,DEN@PHO,DEN,PHO,,,10.4,11.75,39,0.547132512201,0.500738514593,0.0191101747167,1.79152443006,1.8020698725,2.54643486456,0.350683962455,0.815500241154,4.34850473706,2.75684430158,0.00233071264833,4.99225631963,1.14491329875,6.66093261455,14.0,0.00381802965786,2.22327601172e-12,13.5871817803,14.2192495385,6.65650029848,6.18198720287,PF,7000
202688.0,Brandon,Knight,32.2,8,DEN@PHO,PHO,DEN,,,10.2,12.25,39,2.89235345389,0.323326550722,4.04422944996,1.80006255375,0.345635644606,1.43671832634,0.804158166759,2.03138032247,1.78235397095,4.5444096043,1.55276102565,10.4159721615,1.54530765997,12.1868878942,22.0,0.000640149341704,1.11979831322e-08,18.8878319527,20.7699805829,10.4630241408,11.0189861665,PG,7000
203507.0,Giannis,Antetokounmpo,30.6,8,CLE@MIL,MIL,CLE,,,34.7,37.75,39,2.99311806143,1.43458828022,2.07726508634,5.47784784559,1.80671302344,5.46422867089,1.27450666045,3.35419390191,7.27094169433,7.91348414829,0.619364598519,15.5647699064,4.48259130812,20.9289242032,45.0,0.196385670459,0.000212462237715,36.207727308,38.8532695353,15.7797045296,15.4430811652,SG,7000
1495.0,Tim,Duncan,27.0,8,PHI@SA,SA,PHI,,,31.8,32.5,39,2.79574425144,1.53868327665,0.100650258976,3.73344803801,1.69666599479,5.05590054438,0.636192195962,1.92385626779,6.75256653918,4.67091681252,0.00910822855775,8.79105682034,2.80068728111,12.1516291347,27.0,0.113284807294,7.41591364072e-05,26.8742200363,28.3484802998,10.5005485691,10.02470675,C,6800
1717.0,Dirk,Nowitzki,31.0,8,DAL@HOU,DAL,HOU,,,0.0,0.0,39,0.0,0.0,0.0,0.0,0.0,0.0,0.0,0.0,0.0,0.0,0.0,0.0,0.0,0.0,0.0,,,0.0,,0.735899582897,,PF,6700
1626143.0,Jahlil,Okafor,31.6,8,PHI@SA,PHI,SA,,,40.4,43.5,39,1.73643219674,1.90686850012,0.184381784396,4.69613151584,2.76880934718,5.47978868822,0.59886186475,3.03291346264,8.2485980354,9.23717901058,0.0507804077624,19.5071153842,3.03035437229,21.5554928012,39.0,0.31124563011,1.42208664896e-05,36.0370060059,38.4581939506,20.8810117022,20.4739889182,C,6700
201951.0,Ty,Lawson,24.3,8,DAL@HOU,HOU,DAL,,,18.1,19.75,39,5.63020017208,0.143824412758,2.50537671502,3.0519961984,0.650929271915,1.66780302616,1.04951366887,1.98879278661,2.31873229808,3.05848047017,0.747369843543,8.43750871112,2.15720411706,9.02153490094,30.0,0.0312908495665,4.79646553698e-06,20.6471972934,22.1781658871,8.34973108113,8.53484084871,PG,6500
203901.0,Elfrid,Payton,23.2,9,ORL@WAS,ORL,WAS,,,28.5,30.75,39,7.57890860237,0.405096055767,1.51598422389,3.47429249898,1.50607669713,2.91022184626,1.80839543516,3.32774247255,4.41629854339,4.37355819187,0.514538861867,11.8150693719,2.56231782195,11.8239730676,38.0,0.185501975896,0.0026428587857,29.5911347325,32.0192718671,11.6504684078,11.5589248003,PG,6500
202699.0,Tobias,Harris,27.2,9,ORL@WAS,ORL,WAS,,,14.0,15.25,39,2.05644930082,0.521202056788,3.21614180021,3.8479979024,2.39322714961,4.84762015706,0.883953710032,2.15523633339,7.24084730668,6.23216253012,1.17103711934,13.6856684044,2.96727033605,16.6026325156,36.0,0.18116983145,1.0583826454e-05,29.0313984351,31.3283640255,13.3352744039,13.4143929666,SF,6500
202691.0,Klay,Thompson,24.8,10,BKN@GS,GS,BKN,,,0.0,0.0,39,0.0,0.0,0.0,0.0,0.0,0.0,0.0,0.0,0.0,0.0,0.0,0.0,0.0,0.0,0.0,,,0.0,,0.777114173531,,SG,6500
201568.0,Danilo,Gallinari,28.0,8,DEN@PHO,DEN,PHO,,,17.8,18.5,39,1.34163859042,0.448317050449,3.60539391281,4.24208652347,0.943890480518,1.61323399424,0.546700445012,0.900461170282,2.55712447475,3.71601073542,1.3038667625,9.19477447187,3.88065767187,12.6165459052,24.0,0.00026083615968,4.01989258638e-10,18.7871269812,20.0175384268,9.43275529417,9.93926005686,SF,6500
2207.0,Joe,Johnson,24.7,8,BKN@GS,BKN,GS,,,12.3,15.0,39,4.90157563283,0.144961334258,4.49917455336,2.92881633911,1.05532293801,3.40711292532,0.756808450804,1.84683229337,4.46243586333,5.23380651664,1.1392766504,14.48050124,2.52315632749,14.1300460112,41.0,0.0381736667514,0.000393678808793,26.7940397732,28.5686575748,12.9738585749,13.3345890708,SG,6400
202700.0,Donatas,Motiejunas,22.7,71,DAL@HOU,HOU,DAL,O,Back,0.0,0.0,39,0.0,0.0,0.0,0.0,0.0,0.0,0.0,0.0,0.0,0.0,0.0,0.0,0.0,0.0,0.0,,,0.0,,0.75313246111,,PF,6400
101114.0,Deron,Williams,24.2,7,DAL@HOU,DAL,HOU,,,23.9,25.5,39,6.6018374853,0.104537969311,3.77663068923,3.12407873616,0.256287120786,1.56022253781,1.47073345014,2.17895309554,1.8165096586,5.37591978411,1.28209743265,12.9388856204,2.87327996104,14.9072169619,35.0,0.116050061641,2.82934315277e-06,27.9613745235,29.9568088511,12.3023313609,12.6008821981,PG,6400
201163.0,Wilson,Chandler,24.6,78,DEN@PHO,DEN,PHO,O,Hip,0.0,0.0,39,0.0,0.0,0.0,0.0,0.0,0.0,0.0,0.0,0.0,0.0,0.0,0.0,0.0,0.0,0.0,,,0.0,,0.647602079227,,SF,6200
2590.0,Mo,Williams,28.7,8,CLE@MIL,CLE,MIL,,,13.0,14.75,39,5.14808472155,0.0742824412694,4.52769166145,2.48350478229,0.325010965673,1.83604115645,0.648114748457,2.30353957554,2.16105212212,5.10982984869,1.61542960831,11.419035884,2.29321851667,14.1283078223,29.0,0.0318095703734,2.77268894825e-06,23.5849522551,25.7002121268,11.3508416721,11.9294925996,PG,6100
202694.0,Marcus,Morris,30.0,8,DET@LAC,DET,LAC,,,11.4,12.5,39,2.12455957202,0.26602606832,4.4130620067,3.65769252902,1.60709489225,2.97877653337,1.62071925405,1.93507079613,4.58587142562,5.58169663779,1.44199804272,13.3360143103,2.58104224821,15.1864335665,38.0,0.0170969835326,1.43207988466e-06,25.7147384839,27.6582162462,12.684297033,13.108543561,SF,6100
101127.0,Jarrett,Jack,26.1,7,BKN@GS,BKN,GS,,,48.3,50.5,39,8.89435974775,0.189470651488,3.71542600172,4.41315336157,0.516737179202,3.68876739469,1.08476973963,3.40455243004,4.2055045739,7.05638974478,1.14523430674,17.4011250863,3.93996874427,19.1979825406,44.0,0.398343299717,0.00434569085033,36.7300560031,39.8257766223,16.1577142893,16.2689660892,PG,6100
1626144.0,Emmanuel,Mudiay,26.8,8,DEN@PHO,DEN,PHO,,,19.5,21.75,39,4.68209002403,0.681307867365,3.33913230018,2.63397967786,0.614714206374,2.82700673239,0.827816198732,3.04067471482,3.44172093876,3.79785423558,0.929773164621,10.7228510282,1.76615528907,10.2916369248,24.0,0.0153520189839,3.98056840325e-05,21.4224105048,23.602867937,10.0292234536,10.3144695784,PG,6000
101162.0,Marcin,Gortat,23.0,7,ORL@WAS,WAS,ORL,,,28.5,30.5,39,1.42159384839,1.25653425007,0.0137423286852,3.18518708301,1.95677761425,4.22464562317,0.523150157765,1.72514810438,6.18142323742,4.28085395918,0.000252611225891,8.37508938748,2.4942500978,11.0562106274,28.0,0.0679069549256,2.33458821227e-07,22.4405299962,23.7141626486,10.036350784,9.59617556001,C,6000
203496.0,Robert,Covington,10.4,1,PHI@SA,PHI,SA,O,Knee,0.0,0.0,39,0.0,0.0,0.0,0.0,0.0,0.0,0.0,0.0,0.0,0.0,0.0,0.0,0.0,0.0,0.0,,,0.0,,0.752592088016,,SF,5800
203114.0,Khris,Middleton,23.6,9,CLE@MIL,MIL,CLE,,,22.3,23.5,39,2.94488516346,0.22000928736,4.83946189706,3.51870969691,0.496420863257,2.87377145441,1.58727404062,1.63364846572,3.37019231766,5.71607183655,2.08811533336,14.4428968383,3.08535644087,16.6056154473,42.0,0.00323979475675,2.27859809138e-06,27.048092164,29.0823502073,13.4950026686,14.215444109,SF,5700
2772.0,Trevor,Ariza,23.4,8,DAL@HOU,HOU,DAL,,,19.2,20.5,39,1.58058088104,0.143658287831,4.5410638065,1.56232840893,0.501170832416,2.4124347197,1.37921276424,0.960624115911,2.91360555212,2.6391832782,1.44280172337,7.59780719459,1.25836717515,7.97953545492,25.0,0.000372047151026,3.10296697283e-09,15.9318514273,17.2798027046,8.42681355268,9.39902408115,SF,5700
201152.0,Thaddeus,Young,25.6,8,BKN@GS,BKN,GS,,,47.5,50.0,39,2.36501073313,0.724762999097,1.26015067045,2.18432677671,2.96013013087,4.88177991464,1.69081436064,2.23834351663,7.8419100455,8.26141413055,0.304820945001,16.3106543132,1.30763224719,18.1352814533,39.0,0.25283007873,4.82470443697e-05,33.6859008104,35.7289684028,16.821846487,16.3857665727,PF,5700
203953.0,Jabari,Parker,12.1,4,CLE@MIL,MIL,CLE,GTD,Rest,16.1,16.75,39,1.45842079919,0.134922036862,0.405941036456,1.90592764355,1.50359117878,2.80900171451,0.950523627982,1.45879113905,4.31259289329,4.90302045623,0.105146751709,9.99821607001,1.32903145633,11.2402191205,30.0,0.00924168007843,3.03164024988e-08,19.3150619819,20.326523183,11.1641791404,10.7464381612,PF,5600
2199.0,Tyson,Chandler,22.3,8,DEN@PHO,PHO,DEN,,,23.1,24.0,39,0.723460166799,0.753243711478,0.0612208922476,2.91481557387,2.82065092805,5.25495140978,0.668684389364,1.11664016484,8.07560233783,2.58445065553,0.0,4.43958830575,2.05691416435,7.22581547541,25.0,,,19.7289445679,,6.29357716866,,C,5600
203095.0,Evan,Fournier,28.0,9,ORL@WAS,ORL,WAS,,,36.2,37.0,39,2.7833872332,0.0158376951941,5.67103974111,3.19610582039,0.370804524903,2.96455678056,1.07444408754,1.67140913828,3.33536130547,6.4623844683,2.05932029579,14.2568194106,2.50547106435,17.4895602967,37.0,0.00281351219019,1.40236835643e-06,26.1762291403,28.212586398,13.8015383765,14.5704870096,SG,5600
203490.0,Otto,Porter,24.0,7,ORL@WAS,WAS,ORL,,,36.0,37.5,39,2.18386148301,0.514317510824,3.3938241556,2.23243495042,1.2745898243,3.60355521131,1.48534466831,1.3469205758,4.87814503561,4.95667890465,0.900967465705,10.4045053102,1.86260238729,12.6769276623,36.0,0.0217591714629,2.14344024414e-06,24.458897712,25.8593941721,10.2474912413,10.2902927235,SF,5500
2585.0,Zaza,Pachulia,25.0,8,DAL@HOU,DAL,HOU,,,26.1,26.5,39,2.35476254895,0.484924880252,0.0190322897474,5.16388078779,3.45106366172,6.09180229022,1.07240965547,1.84427295601,9.54286595194,3.64461475423,0.0,8.17649191309,4.10876922122,11.3979987297,30.0,,,27.6519778109,,9.80968683323,,C,5500
202693.0,Markieff,Morris,21.6,8,DEN@PHO,PHO,DEN,GTD,Knee,0.0,0.0,39,0.0,0.0,0.0,0.0,0.0,0.0,0.0,0.0,0.0,0.0,0.0,0.0,0.0,0.0,0.0,,,0.0,,0.794046808993,,PF,5500
203093.0,Terrence,Jones,14.8,3,DAL@HOU,HOU,DAL,,,37.7,39.5,39,1.55918973622,2.81121072637,2.57893184881,4.34701743924,3.51024004048,4.4823201412,0.8014451635,1.83106210412,7.99256018169,8.12537372775,0.915078883055,15.2173017923,2.51746598932,19.6832923279,42.0,0.275849600746,0.000188760687972,37.0073988258,39.1944380117,15.2202048839,14.9520762903,PF,5400
202718.0,Chandler,Parsons,9.3,5,DAL@HOU,DAL,HOU,GTD,Rest,0.0,0.0,39,0.0,0.0,0.0,0.0,0.0,0.0,0.0,0.0,0.0,0.0,0.0,0.0,0.0,0.0,0.0,,,0.0,,0.713599803835,,SF,5400
202684.0,Tristan,Thompson,22.7,8,CLE@MIL,CLE,MIL,,,10.8,11.0,39,0.603038599941,0.828048829023,0.000318288438662,2.91298732342,2.67788475761,5.2989265844,0.369765964081,0.747613647835,7.97681134202,3.34410813532,3.82542633551e-06,5.54596023185,1.66860231033,8.3568224064,26.0,0.126777269804,2.62998491535e-09,20.4815698551,21.4443850714,7.43930869053,6.89508893372,PF,5400
203084.0,Harrison,Barnes,24.6,10,BKN@GS,GS,BKN,,,17.6,18.25,39,2.01048980804,0.289193371883,2.9303540524,2.84785126324,1.12942004141,2.86888000279,0.88656798991,1.070367998,3.9983000442,4.86616825063,0.999445329054,10.0122557263,2.44921147575,13.1809933061,31.0,0.00663137670489,3.20200875143e-07,22.2758427967,23.5206124881,10.1954719027,10.2482980306,SF,5300
202083.0,Wesley,Matthews,16.3,7,DAL@HOU,DAL,HOU,,,0.0,0.0,39,0.0,0.0,0.0,0.0,0.0,0.0,0.0,0.0,0.0,0.0,0.0,0.0,0.0,0.0,0.0,,,0.0,,0.63539375849,,SG,5200
2747.0,J.R.,Smith,12.5,5,CLE@MIL,CLE,MIL,,,26.8,29.75,39,4.28279608265,0.740126389424,8.68923106553,1.24659280666,1.31797152377,3.21552998243,1.30062783946,2.92631281931,4.53350150621,6.26192757498,2.94567598021,17.2337109954,0.688361310931,16.1578924411,51.0,0.0272350782728,0.000201023183197,29.177484011,32.381609173,16.3753419242,18.0994972126,SG,5200
101106.0,Andrew,Bogut,20.4,4,BKN@GS,GS,BKN,,,45.6,49.0,39,3.4290210973,2.2518702057,0.000296008064036,0.83260256936,3.41199189771,5.43771004338,0.900595419097,2.26597122971,8.84970194109,4.18070141765,0.000194468941984,7.22317447197,0.418277119516,8.77987442375,32.0,0.188476304502,0.000558931302733,28.5820084189,30.441967616,8.88665731012,8.34414534801,C,5200
203484.0,Kentavious,Caldwell-Pope,23.0,8,DET@LAC,DET,LAC,,,18.6,18.75,39,1.4793260098,0.326641393509,4.9035149676,2.58116862836,0.546482010445,2.05714727727,1.33409705716,1.31966371576,2.60362928772,5.05113534432,1.3650188497,12.3787221663,2.11541108229,13.5827006206,37.0,0.000317355934281,1.60344740931e-09,20.9278579662,22.400856752,11.7109620479,12.2471515159,SG,5100
204456.0,T.J.,McConnell,24.4,8,PHI@SA,PHI,SA,,,16.5,18.25,39,5.88216749196,0.456439534295,1.14366079914,0.289707158596,0.607388390401,3.53555105319,0.9682835359,1.93283151102,4.14293944359,2.4818206548,0.298214035499,5.50414514255,0.213440405926,5.47529575102,26.0,0.0159811285037,0.000137983804107,20.1866889506,21.5337443402,6.19168281242,5.97929526677,PG,5000
201977.0,Marcus,Thornton,29.7,6,DAL@HOU,HOU,DAL,,,8.0,8.25,39,1.1672988955,0.110847946725,3.75052591691,0.577974480288,0.662087142809,1.28687305205,0.739789424588,0.538781079835,1.94896019486,3.34079751371,1.30876607489,7.9780839444,0.473793464672,8.46415456698,18.0,1.74406711109e-05,7.87684395616e-12,13.7163488069,14.737596555,8.45367405683,9.06576297664,SG,4800
2225.0,Tony,Parker,17.7,8,PHI@SA,SA,PHI,,,20.9,23.0,39,3.70024401446,0.0129889223969,0.578048012001,2.20689154019,0.203745314648,0.954828658486,0.538439256322,1.94845527818,1.15857397313,4.86981372257,0.31709436899,9.41635009547,1.70331358119,11.7600353953,25.0,0.00358236677755,1.50887518203e-09,17.855091264,19.051168341,10.6000616818,10.2095738009,PG,4800
1938.0,Manu,Ginobili,22.2,8,PHI@SA,SA,PHI,GTD,Thigh,0.0,0.0,39,0.0,0.0,0.0,0.0,0.0,0.0,0.0,0.0,0.0,0.0,0.0,0.0,0.0,0.0,0.0,,,0.0,,0.956122019999,,SG,4800
203477.0,Isaiah,Canaan,18.5,8,PHI@SA,PHI,SA,,,15.5,17.25,39,2.24624729134,0.18369347926,6.48765230127,2.53342487968,0.417772019271,1.74851392643,0.841958579162,1.56313475394,2.1662859457,3.58963111523,2.45410508163,9.97022999129,2.11695827949,11.7503255916,27.0,0.000147494896025,7.52240263837e-09,18.2074090263,20.3245645063,11.4616971366,13.0385206941,PG,4700
203115.0,Will,Barton,21.7,8,DEN@PHO,DEN,PHO,,,44.4,48.5,39,2.57699277767,0.700928388038,3.88379753305,3.9931026151,0.857606980421,4.10924882448,1.76521719232,1.58393765402,4.9668558049,6.57953684272,1.43283926767,14.4422402547,3.4450034426,18.0369163957,37.0,0.0296098973374,1.07511740783e-05,31.2109860348,33.0121643854,13.8754066814,14.0929473861,SG,4700
2738.0,Andre,Iguodala,22.2,10,BKN@GS,GS,BKN,,,32.2,35.5,39,4.91611040007,0.326699476721,4.11104989478,2.00201608261,1.20655988293,3.120132789,1.91447577968,1.41308157323,4.32669267193,4.66456854599,1.64161680662,9.79428796123,1.20165334887,12.1724072475,38.0,0.0314808631749,0.000288272264052,27.8078729935,29.5996429285,10.2392411932,10.815632729,SF,4700
200755.0,J.J.,Redick,18.5,8,DET@LAC,LAC,DET,O,Back,0.0,0.0,39,0.0,0.0,0.0,0.0,0.0,0.0,0.0,0.0,0.0,0.0,0.0,0.0,0.0,0.0,0.0,,,0.0,,0.554330052762,,SG,4600
203991.0,Clint,Capela,20.2,8,DAL@HOU,HOU,DAL,,,22.5,23.0,39,0.726660857499,1.81519788912,0.136189338069,3.49237119361,2.39712200983,4.19360544942,0.65635744399,1.17385696915,6.59072745924,3.60280667538,0.0375077730304,6.36054788891,1.51480630922,8.75792743302,23.0,0.0642101318119,1.33609442555e-06,21.5260453674,22.5575833175,8.13616980371,7.63507957922,C,4600
203939.0,Dwight,Powell,23.0,8,DAL@HOU,DAL,HOU,,,31.3,32.25,39,1.50320602634,0.748321902334,0.556179838773,3.53561075412,1.96820580944,5.20551775907,0.724374122075,1.01672659187,7.17372356851,4.42863109289,0.152348523971,8.73752203371,2.44456271223,11.454173422,26.0,0.136101197623,5.69880443457e-07,24.2461162007,25.3934934431,10.0335403156,9.62784542219,PF,4500
2749.0,Jameer,Nelson,17.6,6,DEN@PHO,DEN,PHO,GTD,Back,6.5,7.0,39,4.75584196212,0.0485470789459,4.39066654385,1.26262334078,0.409781866687,1.47758766931,0.815108776378,2.13355422822,1.887369536,3.36504332135,1.25221833599,9.24448189516,0.948748231929,8.93105321061,26.0,0.0119323426436,3.43458495158e-07,17.9234170794,19.7285713827,9.16038967814,9.85140191792,PG,4500
203924.0,Jerami,Grant,21.7,8,PHI@SA,PHI,SA,,,19.8,21.5,39,1.1837560821,1.4534927618,2.28122384291,3.41219694766,1.04228165417,2.67166779023,0.630178507747,1.16386853216,3.71394944439,2.86861745766,0.562173583526,7.35511658889,2.3624669726,8.66187547144,25.0,0.00238927706189,8.66666263368e-09,17.8977229348,18.9500254064,7.63226266871,7.68206933271,PF,4400
2037.0,Jamal,Crawford,15.4,9,DET@LAC,LAC,DET,,,55.2,58.5,39,3.8841719647,0.234004056625,6.778714339,6.40493439771,0.48638103793,1.7005846736,1.27442469576,2.32787546002,2.18696571153,7.7956710443,2.07874060479,19.4881595896,5.95129334898,23.6213760424,41.0,0.00675408647792,6.46968396849e-07,32.760974888,35.0837642766,17.5738657931,18.3587037005,SG,4400
201581.0,J.J.,Hickson,20.0,6,DEN@PHO,DEN,PHO,,,3.8,4.5,39,0.765345809303,0.66973855937,0.0154934843957,2.74702495012,1.4200756467,2.79505472945,0.398580185656,1.11962503845,4.21513037616,3.14565044132,0.0,5.81301993063,1.30278140608,7.59408228872,18.0,,,14.8172699057,,7.52954385948,,PF,4400
203521.0,Matthew,Dellavedova,20.6,8,CLE@MIL,CLE,MIL,,,12.9,15.0,39,5.18370404573,0.0207152984665,2.96978694104,0.759753946787,0.662840603614,1.72278053929,0.84857614224,1.50886015367,2.3856211429,2.86732982821,1.20566068157,6.92171108062,0.610109434784,7.55042977277,29.0,0.0147201111892,2.81524228947e-06,18.4184539406,19.9170840279,7.48674584819,8.00570339623,PG,4300
201573.0,Jerryd,Bayless,21.4,9,CLE@MIL,MIL,CLE,,,25.9,28.0,39,4.90063527207,0.337123468187,4.67649295803,3.18123657817,0.416819247288,1.8057585366,1.35984894989,2.63916851145,2.22257778389,5.16887132561,2.03140405727,12.1047436234,2.64245454585,15.0116012543,39.0,0.0249243165207,2.7621176411e-06,25.7844238278,28.2682337625,11.9588390717,12.719637996,PG,4300
101141.0,Ersan,Ilyasova,14.3,8,DET@LAC,DET,LAC,,,22.4,25.0,39,1.15904781747,0.428405569058,4.15736279144,1.9297487159,1.74037375804,1.74037375318,0.703808502403,1.12554715612,3.48074751121,4.53607577741,1.69562834136,10.1084252471,1.39359303978,12.161372936,29.0,0.00236327345489,1.00853586821e-09,19.2157226624,20.8038926999,10.370814332,11.0090233615,PF,4300
203917.0,Nik,Stauskas,20.8,7,PHI@SA,PHI,SA,,,-2.0,-1.0,39,1.32933315043,0.143546542189,3.58876777328,1.14501114605,0.156646537803,1.28198308291,0.423983428574,0.877855328643,1.43862962071,2.05851583907,1.04324876731,5.99200633422,0.875413859139,6.0356943046,18.0,1.02157760628e-06,9.71734801397e-13,10.013254188,11.0457392494,6.8022524335,7.51994103104,SG,4300
201980.0,Danny,Green,17.4,8,PHI@SA,SA,PHI,,,12.0,12.75,39,2.08833690783,0.812290636928,4.8421990017,1.19178459449,0.652887318385,2.47594304879,0.943833390204,1.18332397032,3.12883036717,2.92463553732,1.63745774272,8.11377680215,0.91353696079,8.40026577815,28.0,0.000708438201812,4.49687970913e-08,17.6162916644,19.1841868315,9.00815728492,10.0737923068,SG,4200
202711.0,Bojan,Bogdanovic,17.2,8,BKN@GS,BKN,GS,,,16.2,16.5,39,1.4252938697,0.0650164166876,4.50760300365,1.83868300723,0.658110943473,2.45295998631,0.879219557133,1.81057786745,3.11107092978,5.64431884791,1.40264090639,12.1170608784,1.30818782572,13.9994664279,35.0,0.00120801790742,3.21140707841e-09,19.9485864284,21.7125613983,11.7373766898,12.1241911758,SF,4200
202349.0,Greivis,Vasquez,17.3,9,CLE@MIL,MIL,CLE,,,21.6,23.25,39,4.3179205702,0.0453174236963,4.04796395491,1.6517261069,0.276141115134,1.42634120769,0.557274258152,1.60320987548,1.70248232283,2.77412589897,1.13580134522,8.17862256092,1.40442582041,8.08847896358,24.0,0.0056200081727,6.80637206161e-08,16.2103120945,17.6733720374,8.24029094114,8.92835551194,PG,4200
202389.0,Timofey,Mozgov,15.6,8,CLE@MIL,CLE,MIL,,,18.8,19.0,39,0.337329561705,0.805800530363,0.162702623884,2.15234413859,1.31719340151,2.13218430626,0.163495692142,0.785602180412,3.44937770777,2.30646036955,0.0530316248521,4.30950571097,1.70446086228,6.37041322623,16.0,0.000734341801631,1.12559586722e-11,12.1686510827,12.7615383835,5.8843028828,5.46894287969,C,4200
203473.0,Dewayne,Dedmon,18.6,8,ORL@WAS,ORL,WAS,,,12.8,13.0,39,0.133101029765,0.889032601492,0.00951090716349,1.06401824006,1.3515589738,2.17056378236,0.370481398858,0.566933932392,3.52212275616,1.26686973843,0.00202110001032,2.56872421403,0.736017798903,3.27177837577,12.0,0.000101977918816,3.87480782673e-12,9.65007129611,10.110807917,4.00238298254,3.67775974042,C,4100
203105.0,Festus,Ezeli,20.7,10,BKN@GS,GS,BKN,,,14.5,14.75,39,0.71157698287,1.38323850831,0.00305366375583,2.61552544386,1.93236927433,2.89197567685,0.279271408786,0.959647665191,4.82434495118,2.66251332924,0.00084100413916,4.84026520061,1.51953351979,6.84540118241,18.0,0.00760994237179,1.54347770448e-08,16.0673527671,16.8002293092,6.61494396949,6.15725010003,C,4100
200782.0,P.J.,Tucker,13.2,8,DEN@PHO,PHO,DEN,,,16.2,17.0,39,1.27219890869,0.0968409818334,2.3629741542,1.18090814533,1.05742273235,2.43950009625,1.01605438692,0.845245827753,3.49692282859,2.16774613197,0.801953949223,5.02597251696,0.701290516817,5.83873672999,24.0,0.000719855304461,7.89588722223e-10,13.3238873971,14.3234132123,5.95178722382,6.26815791713,SF,4100
203499.0,Shane,Larkin,13.8,8,BKN@GS,BKN,GS,,,7.4,8.5,39,1.58186898516,0.0932253429362,0.717859099196,0.470223352105,0.122642689883,0.798582034941,0.607517505842,0.795727186549,0.921224724824,1.39362098368,0.27301550523,3.04154762367,0.348682952315,3.4089404249,11.0,3.12587734165e-07,1.66661130676e-14,7.49297208344,8.07340513445,4.09259919388,3.97815576007,PG,4100
200826.0,Jose Juan,Barea,17.5,8,DAL@HOU,DAL,HOU,,,26.6,27.75,39,4.84627210672,0.0643632829031,2.96931668933,1.71531069799,0.506743907296,0.97076143152,0.402772261785,1.75355540991,1.47750533882,3.23943308235,0.860827036584,8.57983287541,1.35334766523,8.69304086653,22.0,0.012798171597,4.60000269115e-08,16.9161711127,18.3164349982,8.4250177401,8.69601604629,PG,4100
2403.0,Nene,Hilario,15.6,6,ORL@WAS,WAS,ORL,GTD,Back,21.7,22.5,39,1.79315905959,0.23013292259,0.0331100491744,2.74883722481,0.958275062529,2.52459919715,0.778525815972,1.36785711035,3.48287425968,3.3337756282,0.00660586988618,6.45166765867,1.51718146401,8.19133859029,20.0,0.00140056098234,2.61619261436e-08,15.7099866581,16.5734627811,8.09439483347,7.65608699875,PF,4100
2561.0,David,West,11.0,8,PHI@SA,SA,PHI,,,22.3,23.5,39,2.19292350698,0.349159399495,0.150426623263,1.02018578668,0.857639494122,2.0451216717,0.345718076144,1.36739765885,2.90276116582,2.82238671737,0.0190513985894,5.54734187919,0.76007126503,6.42389609836,17.0,0.000242353628775,2.13862745996e-08,13.2189520502,14.0576782319,6.93198661894,6.50069592524,PF,4100
201196.0,Ramon,Sessions,16.7,7,ORL@WAS,WAS,ORL,,,14.3,16.0,39,2.12521722245,0.0488388467725,0.754802234016,2.55347885577,0.282158597358,0.823453699439,0.592027712969,1.04766507397,1.1056122968,1.79769940367,0.303538400652,4.3464487837,1.93234674074,5.83128394873,14.0,1.50710669657e-05,4.164674513e-12,10.5799125841,11.3108175428,5.36743339492,5.26386283612,PG,4100
1626169.0,Stanley,Johnson,14.5,8,DET@LAC,DET,LAC,,,15.3,17.0,39,1.12079337608,0.0993792248679,2.47265594234,1.90191695345,1.21017630644,2.88228586952,0.650438337812,1.15595221022,4.09246217595,3.20914698004,0.551530431413,8.08357438857,1.257007668,8.2268320595,21.0,0.00412911900479,1.29918184016e-09,15.1626596499,16.2272177619,8.01415128622,8.02616802101,SF,4000
203080.0,Thomas,Robinson,12.4,8,BKN@GS,BKN,GS,,,0.0,0.0,39,0.0,0.0,0.0,0.0,0.0,0.0,0.0,0.0,0.0,0.0,0.0,0.0,0.0,0.0,0.0,,,0.0,,0.942535794359,,PF,4000
2743.0,Kris,Humphries,14.9,7,ORL@WAS,WAS,ORL,,,32.0,35.25,39,1.16404403365,0.755657360706,2.53601587583,2.02490767237,2.01658911628,4.12939478655,0.457289496923,1.05656939465,6.14598390283,4.62712417631,1.14443640473,9.84528082537,1.6976169075,12.0963016648,30.0,0.070424299638,3.15163637712e-08,22.5868727193,24.1003113582,10.0668313466,10.1855137338,PF,4000
2734.0,Devin,Harris,16.1,8,DAL@HOU,DAL,HOU,,,24.8,25.0,39,3.36225760894,0.456853882224,4.11325752077,3.594737452,0.384144474739,1.9788334187,1.34225990464,1.21037811417,2.36297789344,3.65518924706,1.02228455323,9.32324975021,2.42584618551,10.7585092329,29.0,0.00177061300538,2.97276257099e-07,21.0253185779,22.2624556177,9.30394966353,9.7373437342,SG,4000
203994.0,Jusuf,Nurkic,18.0,62,DEN@PHO,DEN,PHO,O,Knee,0.0,0.0,39,0.0,0.0,0.0,0.0,0.0,0.0,0.0,0.0,0.0,0.0,0.0,0.0,0.0,0.0,0.0,,,0.0,,0.959889227623,,C,4000
203089.0,John,Henson,14.0,5,CLE@MIL,MIL,CLE,,,21.7,22.5,39,1.08782504681,2.17094436686,0.00148263636744,2.41222288051,2.44276794603,2.03599994239,0.557947384047,1.53124798257,4.47876788842,3.70946204662,0.00020769959338,6.84468726835,1.34391101467,8.7630428075,21.0,0.00820632683267,7.41724604928e-07,19.6958373631,20.697815314,8.5542704498,8.06993176541,PF,4000
203530.0,Joffrey,Lauvergne,21.9,3,DEN@PHO,DEN,PHO,O,Back,0.0,0.0,39,0.0,0.0,0.0,0.0,0.0,0.0,0.0,0.0,0.0,0.0,0.0,0.0,0.0,0.0,0.0,,,0.0,,0.887919704646,,PF,4000
201574.0,Jason,Thompson,6.2,5,BKN@GS,GS,BKN,,,0.0,0.0,39,0.0,0.0,0.0,0.0,0.0,0.0,0.0,0.0,0.0,0.0,0.0,0.0,0.0,0.0,0.0,,,0.0,,0.786477605736,,PF,4000
203458.0,Alex,Len,12.7,8,DEN@PHO,PHO,DEN,,,6.8,8.0,39,0.284424253496,0.688299624578,0.0192255950002,1.92243498134,1.55662418078,2.55859989654,0.450421216843,1.32958644021,4.11522407732,1.90357597802,0.00579586369677,4.3253008925,1.36998842675,5.18293624648,16.0,0.00133719072569,4.79692671186e-12,11.4956967621,12.3711549041,5.67240631103,5.3686031797,C,3900
2746.0,Josh,Smith,13.2,9,DET@LAC,LAC,DET,,,5.2,6.25,39,1.33646430639,0.904438335476,1.4587551839,1.45490669941,0.874748590511,1.52190075427,0.304222651275,1.21455343663,2.39664934478,1.97940445872,0.429008688665,5.04023607845,0.81387327307,5.20169087917,13.0,3.15855733408e-05,4.82998970408e-11,11.2851350894,12.2267959978,5.62288684276,5.63159429224,PF,3900
2564.0,Boris,Diaw,15.2,8,PHI@SA,SA,PHI,,,12.3,13.0,39,2.51748812937,0.287520026007,1.03894384836,0.803388985627,0.549858613623,1.13120462269,0.339035421255,0.932802808269,1.68106323631,2.17034724294,0.356153106046,4.51635152525,0.574103648931,5.27095124085,16.0,4.94370430377e-05,5.18906592652e-10,11.3847674047,12.1133726808,5.47103680131,5.29749021495,PF,3900
203088.0,Kendall,Marshall,10.3,28,PHI@SA,PHI,SA,O,Knee,0.0,0.0,39,0.0,0.0,0.0,0.0,0.0,0.0,0.0,0.0,0.0,0.0,0.0,0.0,0.0,0.0,0.0,,,0.0,,0.899244200232,,PG,3900
203914.0,Gary,Harris,16.4,8,DEN@PHO,DEN,PHO,,,10.2,11.25,39,1.72824289529,0.300642495618,3.06145320149,1.13487448763,0.500415187665,1.91378173944,1.22184062934,1.51070345933,2.41419692711,2.92148063191,0.943916198441,7.43399146983,0.831406933048,7.6182843953,26.0,8.58879005387e-05,1.1644345811e-09,14.6419478414,15.9900963519,7.65351161955,8.03308274403,SG,3800
203138.0,Hollis,Thompson,16.7,8,PHI@SA,PHI,SA,,,11.1,13.25,39,1.67149680949,0.222408468086,4.96707638498,1.5595159987,0.880006924962,2.36850360847,0.623303000479,1.55639785333,3.24851053343,3.39546606056,2.04157057436,8.49338729487,1.19739860909,10.0299013046,30.0,0.00115873561534,1.19565009844e-08,16.5703842427,18.5335321225,9.66770106747,10.8355101193,SF,3800
203932.0,Aaron,Gordon,16.9,9,ORL@WAS,ORL,WAS,,,29.4,29.75,39,1.75189045208,1.28638766888,2.24613125852,4.31383428241,2.7844672266,3.51461082317,1.02689963027,1.5751807982,6.29907804977,4.32658953526,0.559936131809,9.74414836251,3.02197402887,12.2350892312,32.0,0.0818738556387,1.36283124256e-06,25.4732123692,26.9785396086,10.0031113413,9.87613956808,PF,3800
203933.0,T.J.,Warren,16.0,8,DEN@PHO,PHO,DEN,,,17.4,18.25,39,0.522145058024,0.166073010674,0.864968121939,1.04612437842,1.09093255658,1.57197397838,0.477737136693,0.838881537137,2.66290653495,3.36400659883,0.260869908837,6.68136611459,0.780163438707,7.76904654519,17.0,0.00017631010829,6.50766243051e-14,12.1964907318,12.8797762467,7.61331851704,7.25829941652,SF,3800
203085.0,Austin,Rivers,13.7,9,DET@LAC,LAC,DET,,,16.1,18.75,39,2.7961180523,0.448478972578,4.40640914889,4.03798910537,0.593617709769,1.50041032846,1.42269944522,1.72842666901,2.09402803823,5.51312220247,1.32608151348,13.3155512189,2.56024996212,14.9125758806,42.0,0.000636955935273,4.05671876165e-08,23.6335167715,25.2664278202,12.6169744018,12.9953382524,PG,3800
201564.0,O.J.,Mayo,19.0,71,CLE@MIL,MIL,CLE,O,Hamstring,0.0,0.0,39,0.0,0.0,0.0,0.0,0.0,0.0,0.0,0.0,0.0,0.0,0.0,0.0,0.0,0.0,0.0,,,0.0,,0.744187689592,,SG,3800
101112.0,Channing,Frye,14.5,4,ORL@WAS,ORL,WAS,,,11.6,12.25,39,0.73397180877,0.272599389024,3.34558120565,0.445486925736,0.64169961654,1.2479745293,0.309769558278,0.652444081171,1.88967414584,2.07490408201,1.32209488731,4.69782422825,0.359723761597,5.83162681293,16.0,6.75078687396e-06,4.33996164439e-14,9.71248731453,10.7942506322,6.58171075769,7.39038344807,PF,3800
203948.0,Johnny,O'Bryant,13.5,9,CLE@MIL,MIL,CLE,,,0.0,0.0,39,0.244596303832,0.0852717323618,0.0101320798332,0.449565426147,0.405188733179,0.483196036369,0.0795206335155,0.195917382813,0.888384769548,0.576722636838,0.00279046642258,1.36831049833,0.289636012943,1.44587175304,5.0,4.10086032399e-11,6.93664421829e-24,3.01249528119,3.15626844435,2.44222421878,2.23514096427,C,3700
201580.0,JaVale,McGee,9.1,23,DAL@HOU,DAL,HOU,O,Leg,0.0,0.0,39,0.0,0.0,0.0,0.0,0.0,0.0,0.0,0.0,0.0,0.0,0.0,0.0,0.0,0.0,0.0,,,0.0,,0.88414802411,,C,3700
1626158.0,Richaun,Holmes,10.3,7,PHI@SA,PHI,SA,O,Hamstring,0.0,0.0,39,0.0,0.0,0.0,0.0,0.0,0.0,0.0,0.0,0.0,0.0,0.0,0.0,0.0,0.0,0.0,,,0.0,,0.826541042835,,PF,3700
201988.0,Patrick,Mills,15.7,8,PHI@SA,SA,PHI,,,12.7,13.75,39,2.41245340724,0.031915400142,4.18918507646,0.634023204961,0.37628636263,1.00076119522,1.00244899523,0.964785644046,1.37704755785,3.37432711325,1.61422394399,7.77099133888,0.492093624928,8.85497179543,21.0,0.000104056440131,2.12336039023e-10,15.2300521224,16.5885653796,8.74188276442,9.57547488376,PG,3700
1718.0,Paul,Pierce,14.1,9,DET@LAC,LAC,DET,,,10.1,11.25,39,2.30613086683,0.161962884665,4.67021738557,2.69289651814,0.524465126083,3.34685845997,0.793207617749,1.18731454932,3.87132358605,3.28781022823,1.48404797008,8.37322362516,2.14881647982,10.2084849064,30.0,0.00408611728757,5.87580653067e-07,19.0362959654,20.571674343,9.17543674572,10.0429063993,SF,3700
101111.0,Charlie,Villanueva,13.4,7,DAL@HOU,DAL,HOU,,,30.5,33.25,39,0.889329384761,0.824927873477,7.33184885617,1.10034561105,0.915651523089,2.91071187474,0.419103978002,1.01706642315,3.82636339783,5.26905208803,2.32897385603,12.8319444705,0.682448394351,13.5495264265,25.0,0.00487570147577,2.78789166578e-10,20.9461538608,22.8178057233,13.2471150177,14.6504430668,PF,3700
202720.0,Jon,Leuer,15.7,8,DEN@PHO,PHO,DEN,,,15.0,16.25,39,1.1547294807,0.242211650941,1.42379013665,1.36120655065,1.14280316592,2.87160805308,0.34598942024,0.722460918825,4.014411219,2.89095574586,0.628054070015,6.60821445469,0.875350676304,7.28531623805,19.0,0.00289351058658,1.18206417769e-09,14.2886451454,15.1689634702,7.17640597263,7.1567603553,PF,3700
203894.0,Shabazz,Napier,7.9,8,ORL@WAS,ORL,WAS,,,5.5,7.5,39,1.9679122922,0.043007408205,2.10269814823,0.804838991854,0.219654126341,0.604825748864,0.63549751518,1.50472122717,0.824479875205,1.7945452774,0.784814230163,4.34524478075,0.631526243716,5.00543102867,16.0,6.23409397496e-06,1.2843863068e-13,8.79896393681,9.98496501038,5.34455863331,5.70908328357,PG,3700
201147.0,Corey,Brewer,14.3,8,DAL@HOU,HOU,DAL,,,9.9,10.0,39,1.74110537929,0.209728596747,2.03055163818,2.11403803579,0.661354063341,1.62106923907,1.07081192164,1.01238194529,2.28242330241,2.90107622617,0.407800913909,8.06470143895,1.48703849451,7.69699186075,23.0,5.78526514078e-05,7.75902358068e-10,14.5962569841,15.4205563601,7.87609196185,7.83373105233,SF,3700
203098.0,John,Jenkins,10.9,3,DAL@HOU,DAL,HOU,,,6.4,7.5,39,0.693441020304,0.0458013121609,1.83110574331,0.687411804593,0.200594470677,0.41393213383,0.227383869166,0.532117850148,0.614526604507,1.79073267389,0.601614265558,4.10454904453,0.601086352729,4.78416596607,12.0,6.62740704757e-10,6.08304784687e-19,6.57601193445,7.17360432352,5.04635370507,5.22590145319,SG,3600
203960.0,Jakarr,Sampson,9.2,8,PHI@SA,PHI,SA,,,10.4,11.5,39,0.606451099476,0.219928676537,1.12190852861,1.44318276517,0.620820485175,1.36755605614,0.445657703393,1.02372528284,1.98837654131,2.1127657246,0.300578055998,4.65508620674,1.0003498719,5.5264593771,15.0,7.9107099239e-06,8.91314868902e-15,9.12963535291,9.89121771546,5.50814855098,5.32597994202,SF,3600
201975.0,Jodie,Meeks,1.7,2,DET@LAC,DET,LAC,O,Foot,0.0,0.0,39,0.0,0.0,0.0,0.0,0.0,0.0,0.0,0.0,0.0,0.0,0.0,0.0,0.0,0.0,0.0,,,0.0,,0.592046369819,,SG,3600
201229.0,Anthony,Tolliver,10.2,7,DET@LAC,DET,LAC,,,13.3,14.0,39,0.743564617536,0.210076579657,3.27754230813,0.802080671657,0.368344655037,1.61219464028,0.366394320165,0.416053840883,1.98053929531,1.59978369379,1.15809342292,4.23415157497,0.494670718951,4.85233152946,18.0,6.7949943304e-06,4.93561944057e-14,9.08121356891,9.96732435807,6.08729179905,6.92650816444,PF,3600
201228.0,C.J.,Watson,13.1,8,ORL@WAS,ORL,WAS,O,Calf,0.0,0.0,39,0.0,0.0,0.0,0.0,0.0,0.0,0.0,0.0,0.0,0.0,0.0,0.0,0.0,0.0,0.0,,,0.0,,0.825825484982,,PG,3600
202362.0,Lance,Stephenson,13.1,9,DET@LAC,LAC,DET,,,-1.0,-0.5,39,0.239383699959,0.00985946323831,0.160291924115,0.112258674104,0.0667978814479,0.143272882968,0.0487966133867,0.160234292866,0.210070764416,0.240621692178,0.0447076715051,0.634542493098,0.0728261935405,0.598777249402,2.0,1.65983911221e-17,4.94890130552e-31,1.16701557702,1.27999009743,1.57100851908,1.50306716251,SG,3600
202325.0,Wesley,Johnson,8.9,9,DET@LAC,LAC,DET,,,6.4,6.5,39,0.489391512247,0.241665473341,1.69460921034,0.623804765724,0.306466264283,0.936629200145,0.420721720181,0.326642698316,1.24309546443,1.77720487402,0.610803045111,3.84461376672,0.464072827707,4.62928562086,13.0,9.75257411829e-08,1.67844612213e-17,7.85321913527,8.3840969265,4.92245361304,5.08220997417,SF,3600
203515.0,Phil (Flip),Pressey,10.6,5,PHI@SA,PHI,SA,,,22.6,22.75,39,3.68952069752,0.102103357215,1.73642368502,1.37325523743,0.238894811999,0.846379367943,0.822946406533,1.27031018876,1.08527417994,1.79218668471,0.478498691128,4.70570107106,0.860935489685,4.92380755023,16.0,0.000651899359505,1.64600418453e-10,12.3402069512,13.2698529496,5.31339951123,5.41931234072,PG,3600
203999.0,Nikola,Jokic,13.6,7,DEN@PHO,DEN,PHO,,,17.2,17.5,39,1.03365103858,0.29398933905,0.315910036256,1.71296212271,1.85066611896,2.79311127789,0.772757122172,1.18028985493,4.64377739685,2.77314503675,0.0781315390199,5.59818471447,1.15413180562,6.77855341814,18.0,0.0059808033703,9.62255403959e-10,14.8547659198,15.7251366945,6.90243891964,6.51565750942,C,3600
203143.0,Pablo,Prigioni,6.5,4,DET@LAC,LAC,DET,,,1.0,1.5,39,1.50405627809,0.0077090234635,1.69262382666,0.2586887903,0.306794675659,0.355377086981,0.771344197058,0.617428082372,0.66217176264,0.717937202431,0.491430859573,2.30413724357,0.221301626475,2.14860689091,11.0,7.89146312917e-08,9.9666957004e-16,6.13997578189,6.72751395937,3.50562161274,3.92870226085,PG,3600
2571.0,Leandro,Barbosa,11.7,9,BKN@GS,GS,BKN,O,Personal,0.0,0.0,39,0.0,0.0,0.0,0.0,0.0,0.0,0.0,0.0,0.0,0.0,0.0,0.0,0.0,0.0,0.0,,,0.0,,0.78960044685,,SG,3600
2592.0,James,Jones,4.0,8,CLE@MIL,CLE,MIL,,,0.0,0.0,39,0.145109828512,0.0443267231119,0.975347148457,0.223458083911,0.0622586184409,0.131588388076,0.0552660450326,0.0978164703523,0.193847006517,0.439278228731,0.374318013887,1.17724346602,0.189124997505,1.44199946885,4.0,1.33428994201e-16,1.2613751202e-31,1.99364968538,2.23940927782,2.49874910466,2.84524951819,SF,3500
1626209.0,Mario,Hezonja,6.7,9,ORL@WAS,ORL,WAS,,,10.9,12.5,39,0.831942530163,0.161374544053,2.59772738998,0.894593354461,0.315407301669,1.4745736565,0.436283593673,1.36300219465,1.78998095817,2.27325262903,0.927354528305,5.6092297357,0.74562504287,6.21948482924,17.0,4.68397097014e-06,9.65801423102e-14,9.44768985509,10.6823742904,6.35478026356,6.78072420684,SF,3500
201202.0,Joel,Anthony,6.5,49,DET@LAC,DET,LAC,,,0.0,0.0,39,0.0,0.0,0.0,0.0,0.0,0.0,0.0,0.0,0.0,0.0,0.0,0.0,0.0,0.0,0.0,,,0.0,,0.883784498561,,C,3500
2034.0,Mike,Miller,3.5,6,DEN@PHO,DEN,PHO,,,5.7,6.25,39,0.134042598559,0.00885714900161,0.311329355247,0.0178703466023,0.0136948294488,0.0777541886814,0.0509395265922,0.068737852172,0.0914490181302,0.149321912338,0.120227386805,0.381096485749,0.0140720018046,0.432943213286,2.0,1.26328578372e-19,1.28522571017e-36,0.794601431896,0.893656502291,1.35764521632,1.49663044891,SF,3500
200751.0,Randy,Foye,8.8,8,DEN@PHO,DEN,PHO,,,14.5,14.5,39,2.28634590139,0.252731340605,5.2850182262,1.12739157109,0.167143628725,0.953426220125,0.673827470404,1.14881842694,1.12056984885,2.92120363592,1.5487486831,8.39636176675,0.889763736212,8.28091969116,23.0,6.08223482067e-05,1.9109849734e-11,13.7594215569,15.164324838,9.22395606862,10.3183367466,SG,3500
203382.0,Aron,Baynes,7.9,8,DET@LAC,DET,LAC,,,7.4,8.0,39,0.534750076216,0.279212966135,0.0332517267097,1.20444284252,1.25936665511,1.62771892088,0.176773128837,0.756953077843,2.88708557599,1.98013660159,0.00827475072159,3.77369649736,0.986862051437,4.95541000533,14.0,0.000101447810041,3.29710047007e-14,9.37705692295,9.90417728774,5.27638783043,4.86772249497,C,3500
1626257.0,Salah,Mejri,2.2,5,DAL@HOU,DAL,HOU,,,0.0,0.0,39,0.0,0.0,0.0,0.0,0.0,0.0,0.0,0.0,0.0,0.0,0.0,0.0,0.0,0.0,0.0,,,0.0,,0.871664190769,,C,3500
1626183.0,Branden,Dawson,0.0,0,DET@LAC,LAC,DET,,,0.0,0.0,39,0.0,0.0,0.0,0.0,0.0,0.0,0.0,0.0,0.0,0.0,0.0,0.0,0.0,0.0,0.0,,,0.0,,0.845620626624,,PF,3500
1626199.0,Darrun,Hilliard,0.0,0,DET@LAC,DET,LAC,,,0.0,0.0,39,0.0,0.0,0.0,0.0,0.0,0.0,0.0,0.0,0.0,0.0,0.0,0.0,0.0,0.0,0.0,,,0.0,,0.845620626624,,SG,3500
203925.0,Joe,Harris,2.4,4,CLE@MIL,CLE,MIL,,,0.0,0.0,39,0.0,0.0,0.0,0.0,0.0,0.0,0.0,0.0,0.0,0.0,0.0,0.0,0.0,0.0,0.0,,,0.0,,0.60152111977,,SG,3500
201601.0,Luc Richard,Mbah a Moute,2.6,7,DET@LAC,LAC,DET,,,3.6,3.75,39,0.437233973687,0.0817147880657,0.761262013859,0.702082287534,0.455604344879,0.455604387234,0.390719407388,0.371245224091,0.911208732113,1.06627044759,0.264031257378,2.74875627176,0.453526389021,2.85009854159,9.0,1.28392290123e-09,8.12448758852e-20,5.17302314747,5.53622182674,3.59695430608,3.59291625422,SF,3500
203475.0,Erick,Green,0.9,3,DEN@PHO,DEN,PHO,,,0.0,0.0,39,0.0,0.0,0.0,0.0,0.0,0.0,0.0,0.0,0.0,0.0,0.0,0.0,0.0,0.0,0.0,,,0.0,,0.673447419146,,SG,3500
203462.0,Archie,Goodwin,6.1,5,DEN@PHO,PHO,DEN,,,18.0,20.25,39,2.07274241804,0.482100343221,2.11865516025,4.85422146111,1.15546936679,2.48529620215,0.735549261027,2.68904892302,3.64076556894,4.06508707383,0.629372622943,9.35988890218,3.27326517155,12.0328119422,29.0,0.00334894621791,2.05655766196e-07,19.2570945374,21.1033676251,9.78328602457,9.70758737168,PG,3500
203912.0,C.J.,Wilcox,2.8,21,DET@LAC,LAC,DET,,,0.0,0.0,39,0.0,0.0,0.0,0.0,0.0,0.0,0.0,0.0,0.0,0.0,0.0,0.0,0.0,0.0,0.0,,,0.0,,0.729975285981,,SG,3500
1626173.0,Rashad,Vaughn,3.1,6,CLE@MIL,MIL,CLE,,,0.0,0.0,39,0.0,0.0,0.0,0.0,0.0,0.0,0.0,0.0,0.0,0.0,0.0,0.0,0.0,0.0,0.0,,,0.0,,0.693287074843,,SG,3500
201971.0,DeJuan,Blair,5.5,3,ORL@WAS,WAS,ORL,,,0.0,0.0,39,0.0,0.0,0.0,0.0,0.0,0.0,0.0,0.0,0.0,0.0,0.0,0.0,0.0,0.0,0.0,,,0.0,,0.833679146307,,C,3500
201961.0,Wayne,Ellington,7.2,8,BKN@GS,BKN,GS,,,7.2,7.25,39,0.735924514727,0.0533914520613,1.88606714349,0.353701293874,0.217249272595,0.598279308881,0.45086120911,0.255700475613,0.815528581475,1.66654093273,0.644061636047,4.50021113471,0.3056931061,4.2828366076,13.0,2.46402322591e-09,1.18501731463e-17,7.11816252419,7.60882001279,5.0900103206,5.38464491961,SG,3500
1626162.0,Kelly,Oubre,6.3,4,ORL@WAS,WAS,ORL,,,5.2,5.25,39,0.54445787231,0.100186233319,1.52260939299,0.940710446614,0.192187038781,1.23529017015,0.250540070964,0.508822458798,1.42747720893,1.49560141618,0.378406927938,3.75194051713,0.600166788662,3.96977654897,10.0,2.01533042753e-07,7.76066810138e-17,6.69206615792,7.20705501403,4.50603371431,4.54765822872,SF,3500
201603.0,Sonny,Weems,3.9,7,DEN@PHO,PHO,DEN,,,4.7,5.25,39,0.675785115946,0.0171546746329,0.32350437436,0.528144113274,0.188115353654,0.589603317838,0.203186608552,0.664732455281,0.777718671492,1.00297703631,0.0613243283351,2.37145894532,0.373769528912,2.44104792986,8.0,1.68241741743e-10,3.9324912715e-19,4.16393812066,4.56585244629,3.36406305102,3.12828618234,SF,3500
101109.0,Raymond,Felton,13.5,8,DAL@HOU,DAL,HOU,,,29.7,31.5,39,3.95499040454,0.292409649357,3.2790342525,2.08095014651,0.575039105234,1.7464187863,0.980026334885,2.07801949236,2.32145789153,4.78854976686,0.968038021801,11.5825993235,1.87257878961,12.4177163451,34.0,0.00593042612808,9.0100624516e-07,21.6028038979,23.2508038918,11.0681431065,11.2189592585,PG,3500
203906.0,Roy Devyn,Marble,3.2,1,ORL@WAS,ORL,WAS,,,0.0,0.0,39,0.0,0.0,0.0,0.0,0.0,0.0,0.0,0.0,0.0,0.0,0.0,0.0,0.0,0.0,0.0,,,0.0,,0.73108128219,,SG,3500
1891.0,Jason,Terry,4.3,6,DAL@HOU,HOU,DAL,,,19.5,22.5,39,2.13636009215,0.169442185178,5.55637924825,0.673826035788,0.144840640008,0.530605027561,0.913088971204,1.21559180573,0.675445667569,3.08945813461,2.09114802373,7.2948026398,0.579916517693,8.84998081063,26.0,3.92684691717e-05,2.02107442327e-12,13.814526257,15.5017273578,9.71333880533,11.0621306351,PG,3500
202379.0,Jeremy,Evans,5.9,7,DAL@HOU,DAL,HOU,,,13.5,13.75,39,0.496029812502,0.571912869751,0.237146977158,1.21961280919,1.11024568571,1.65707613064,0.427785618769,0.368857760714,2.76732181635,1.65518480747,0.08307579424,2.92799198267,0.926819681592,4.32026509076,14.0,4.95759601203e-05,4.02008039465e-14,10.0156352055,10.3800424377,4.44239934756,4.04686220496,PF,3500
2400.0,Drew,Gooden,13.0,5,ORL@WAS,WAS,ORL,,,0.0,0.0,39,0.0,0.0,0.0,0.0,0.0,0.0,0.0,0.0,0.0,0.0,0.0,0.0,0.0,0.0,0.0,,,0.0,,0.83250035005,,PF,3500
203915.0,Spencer,Dinwiddie,1.2,1,DET@LAC,DET,LAC,,,0.0,0.0,39,0.0,0.0,0.0,0.0,0.0,0.0,0.0,0.0,0.0,0.0,0.0,0.0,0.0,0.0,0.0,,,0.0,,0.896480383919,,PG,3500
2760.0,Anderson,Varejao,5.7,7,CLE@MIL,CLE,MIL,,,4.7,4.75,39,0.290616117271,0.113724231094,0.0330905280113,0.277045054816,0.500580411274,0.622601856608,0.162113746911,0.301557922632,1.12318226788,0.754886566383,1.42358265399e-07,1.52918450766,0.200461243504,1.71023451863,5.0,7.29645485208e-10,6.65882490129e-22,3.74409544937,3.95103359636,2.78069828096,2.48817019181,C,3500
203900.0,Markel,Brown,8.1,5,BKN@GS,BKN,GS,,,0.0,0.0,39,0.0,0.0,0.0,0.0,0.0,0.0,0.0,0.0,0.0,0.0,0.0,0.0,0.0,0.0,0.0,,,0.0,,0.685709187795,,SG,3500
203909.0,K.J.,McDaniels,1.7,3,DAL@HOU,HOU,DAL,,,0.0,0.0,39,0.0,0.0,0.0,0.0,0.0,0.0,0.0,0.0,0.0,0.0,0.0,0.0,0.0,0.0,0.0,,,0.0,,0.825032501743,,SF,3500
202332.0,Cole,Aldrich,2.6,3,DET@LAC,LAC,DET,,,0.0,0.0,39,0.0,0.0,0.0,0.0,0.0,0.0,0.0,0.0,0.0,0.0,0.0,0.0,0.0,0.0,0.0,,,0.0,,0.944143629489,,C,3500
203123.0,Kostas,Papanikolaou,4.7,4,DEN@PHO,DEN,PHO,,,13.7,13.75,39,1.79970851589,0.252341171467,2.58498220075,0.586771240826,0.934418273809,1.48614564933,0.728918205814,1.22477271856,2.42056392314,1.9881831224,0.776284292326,4.96580913064,0.392271180044,5.14492171716,20.0,3.8687793659e-05,6.87470269502e-10,11.4869072348,12.6085219701,5.80582195259,6.18830670215,SF,3500
203099.0,Jared,Cunningham,5.5,7,CLE@MIL,CLE,MIL,,,0.0,0.0,39,0.248204018188,0.0184386895655,0.299684340055,0.43842703915,0.0447324783987,0.121450812736,0.0897632162155,0.148531119939,0.166183291134,0.376925799984,0.0930275840437,0.933248852376,0.293700579558,1.14057976357,3.0,1.80411458841e-16,6.75148619168e-31,1.78017843184,1.90926694839,1.96155692776,1.91659158285,SG,3500
1626246.0,Boban,Marjanovic,4.4,4,PHI@SA,SA,PHI,,,1.2,1.25,39,0.0,0.0,0.0,0.0,0.0,0.0,0.0,0.0,0.0,0.0,0.0,0.0,0.0,0.0,0.0,,,0.0,,0.906254643721,,C,3500
203492.0,Ray,McCallum,1.3,5,PHI@SA,SA,PHI,,,10.6,11.25,39,1.52985181809,0.0887758256628,0.8508575277,0.643514677039,0.387684783371,0.659891472526,0.475528689859,0.843892030568,1.0475762559,1.9160662156,0.264879216209,4.19633811236,0.440741594121,4.53775324152,13.0,5.39836601677e-07,8.86779633051e-14,8.37433947621,8.98110472215,5.09757467337,4.90427695846,PG,3500
101187.0,Alan,Anderson,13.2,74,ORL@WAS,WAS,ORL,O,Ankle,0.0,0.0,39,0.0,0.0,0.0,0.0,0.0,0.0,0.0,0.0,0.0,0.0,0.0,0.0,0.0,0.0,0.0,,,0.0,,0.577654934554,,SG,3500
2446.0,Rasual,Butler,8.6,7,PHI@SA,SA,PHI,,,5.4,6.0,39,0.887369756804,0.413955995491,2.56354948649,0.588290510912,0.188434102026,0.935089232871,0.452599194009,0.464800783272,1.1235233349,2.20614326362,0.838530153245,5.17456352855,0.481380509338,5.73219718983,16.0,7.55320295699e-08,2.53158744443e-15,9.67978942264,10.3876311709,6.05865502438,6.42300966842,SF,3500
201575.0,Brandon,Rush,5.6,5,BKN@GS,GS,BKN,,,16.8,18.0,39,1.0606046779,0.677432965429,2.44335052374,0.857837293791,0.312062347204,1.22377871422,0.416036740646,0.899777687225,1.53584106142,1.5269550927,0.626325235562,4.87597184203,0.453093130825,4.13332855178,21.0,4.86788449165e-07,9.05656573091e-14,8.85440656727,9.69425081192,5.23843808762,5.64079010229,SG,3500
203101.0,Miles,Plumlee,5.6,8,CLE@MIL,MIL,CLE,,,0.0,0.0,39,0.0585469456915,0.132154913411,0.000141146142666,0.0793446963204,0.192328063982,0.218736568786,0.0578274666801,0.135008452087,0.411064632769,0.2426382277,3.88728442406e-05,0.439607446497,0.0482001649854,0.533515493229,2.0,2.91838402729e-16,1.159605937e-31,1.35956977918,1.44764667329,1.59889926306,1.41260912776,C,3500
101236.0,Chuck,Hayes,6.8,2,DAL@HOU,HOU,DAL,,,0.0,0.0,39,0.0,0.0,0.0,0.0,0.0,0.0,0.0,0.0,0.0,0.0,0.0,0.0,0.0,0.0,0.0,,,0.0,,0.809432383888,,C,3500
202388.0,Donald,Sloan,3.7,2,BKN@GS,BKN,GS,,,0.0,0.0,39,0.0,0.0,0.0,0.0,0.0,0.0,0.0,0.0,0.0,0.0,0.0,0.0,0.0,0.0,0.0,,,0.0,,0.742629874112,,PG,3500
201589.0,Darrell,Arthur,12.7,8,DEN@PHO,DEN,PHO,,,5.2,5.25,39,0.513860166034,0.350530692623,0.632158669128,0.28919160475,0.451714453635,0.77893847687,0.307512457077,0.267524965692,1.23065293051,0.919617216816,0.150556577894,2.68194007972,0.237720333282,2.22751134481,8.0,8.17476729412e-09,1.87240947286e-18,5.52364644417,5.79421987475,3.3401008864,3.27426613766,PF,3500
203546.0,Ian,Clark,6.3,6,BKN@GS,GS,BKN,,,2.0,2.0,39,0.773198347096,0.11527994265,1.50127962293,0.54307985878,0.197150021045,0.379234630668,0.339444496555,0.555076664803,0.576384651713,1.22140661421,0.511736672452,3.10785510358,0.469928401748,3.42447830261,9.0,6.0534059143e-10,3.7874414407e-19,5.63030961892,6.19253552104,4.10552456223,4.34417912034,SG,3500
203613.0,Jonathon,Simmons,0.0,0,PHI@SA,SA,PHI,,,9.4,9.5,39,1.08440501494,0.15582262754,0.558773051849,1.03598150331,0.527878952392,1.1622075222,0.316604800943,0.47084119587,1.69008647459,0.949342385521,0.153891142298,2.22134973449,0.802076881145,2.85465279449,9.0,2.48791460246e-07,5.66147679058e-14,6.9833777475,7.3802486135,3.34700194607,3.2197077436,SG,3500
203141.0,Mirza,Teletovic,5.8,8,DEN@PHO,PHO,DEN,,,24.3,27.25,39,1.88535172144,0.331665253157,6.77616860541,1.25582167367,1.03272858658,2.19457344989,0.627849865714,1.36915038251,3.22730203647,3.67824106609,2.32529635261,10.4487209611,0.884783802794,10.5665622876,29.0,0.00118784226077,3.3401823204e-08,17.8172321687,19.8276025017,11.6504011934,13.2254482004,PF,3500
1626149.0,Montrezl,Harrell,8.0,7,DAL@HOU,HOU,DAL,,,15.3,15.5,39,0.371559672932,0.294872525462,0.157159111164,1.46364701388,0.858477146116,1.28909162137,0.305209287769,0.537797282175,2.14756876748,1.53462857032,0.0432830378262,2.892926736,0.967347978228,4.0798881567,11.0,5.47290665441e-06,6.7735413047e-17,7.87667653137,8.27460333911,4.3756514128,4.00479379348,PF,3500
202066.0,Garrett,Temple,4.5,5,ORL@WAS,WAS,ORL,,,26.6,28.25,39,2.51691815163,0.30404456525,3.76027531223,3.05633635694,0.860591126421,1.46567493905,1.40887264138,1.39150817922,2.32626606547,3.16606484478,1.36112718557,7.81552241796,2.40057414735,10.0938310225,31.0,0.000272152775335,2.83519957327e-08,18.6950537625,20.1880930624,8.53529871794,9.2005833327,PG,3500
1626178.0,Rondae,Hollis-Jefferson,13.1,8,BKN@GS,BKN,GS,,,30.6,31.75,39,2.42798565174,0.809555734821,0.417264223463,1.91965304622,2.51616112613,6.43526813118,1.51744408402,1.84286789204,8.95142925731,2.89653473616,0.10319867119,6.17061054856,1.12112814835,7.01739629185,32.0,0.127668371597,2.87335805453e-05,24.2122216239,25.8244151265,7.33690986063,7.00628759833,SF,3500
203142.0,Chris,Copeland,5.5,8,CLE@MIL,MIL,CLE,,,0.0,0.0,39,0.0,0.0,0.0,0.0,0.0,0.0,0.0,0.0,0.0,0.0,0.0,0.0,0.0,0.0,0.0,,,0.0,,0.617329624741,,SF,3500
1626147.0,Justin,Anderson,7.1,7,DAL@HOU,DAL,HOU,,,2.2,3.75,39,0.53141646979,0.302107744782,1.86241052232,0.619979293172,0.303762121759,1.87094778487,0.370481330205,0.74077082327,2.17470990663,1.8695609996,0.575145705629,4.41360489889,0.47999993847,4.7942676433,12.0,1.23131034671e-05,3.89777347528e-15,8.80545156264,9.57216379208,5.22926164499,5.38233167547,SF,3500
2733.0,Shaun,Livingston,10.8,10,BKN@GS,GS,BKN,,,10.2,10.25,39,4.13511940606,0.352676776562,0.102640499745,1.62524336849,0.895178046977,1.22249382431,0.880998727503,1.6610106364,2.11767187128,3.37045406607,0.000653485949442,6.91644692799,1.30421328151,8.0457748996,30.0,0.00425148594637,3.13046918791e-07,17.596000626,18.5390944488,8.30234204519,7.88933899223,PG,3500
,Martell,Webster,5.6,32,ORL@WAS,WAS,ORL,O,Hip,0.0,0.0,39,0.0,0.0,0.0,0.0,0.0,0.0,0.0,0.0,0.0,0.0,0.0,0.0,0.0,0.0,0.0,,,0.0,,0.794757380399,,SF,3500
2581.0,Steve,Blake,9.5,8,DET@LAC,DET,LAC,,,7.0,8.0,39,2.72435569704,0.0773772773254,2.14882709149,0.220568564982,0.182799271234,0.624261415438,0.422120265177,1.14306556905,0.807060686673,1.15005695597,0.659063887371,3.38259812146,0.15741617897,3.11659397829,14.0,2.6459618997e-05,4.12269565128e-13,8.02752986381,8.96898731578,4.4592760578,4.93785490336,PG,3500
203996.0,Damien,Inglis,4.3,5,CLE@MIL,MIL,CLE,,,0.0,0.0,39,0.0,0.0,0.0,0.0,0.0,0.0,0.0,0.0,0.0,0.0,0.0,0.0,0.0,0.0,0.0,,,0.0,,0.829738069957,,SF,3500
203949.0,James Michael,McAdoo,4.2,9,BKN@GS,GS,BKN,,,0.0,0.0,39,0.0,0.0,0.0,0.0,0.0,0.0,0.0,0.0,0.0,0.0,0.0,0.0,0.0,0.0,0.0,,,0.0,,0.868678997074,,PF,3500
203928.0,Cory,Jefferson,8.5,50,DEN@PHO,PHO,DEN,,,4.4,4.5,39,0.159124834214,0.184220119025,0.147461800754,0.550570443163,0.446593998343,0.477174683848,0.109013791848,0.200507838659,0.923768682191,0.723367418469,0.0274111752918,1.61909401958,0.300280778755,1.77442679098,5.0,1.72168558239e-10,2.24421025849e-24,3.50759644402,3.66774438536,2.74295054924,2.50990115593,PF,3500
201160.0,Jason,Smith,10.3,6,ORL@WAS,ORL,WAS,O,Knee,0.0,0.0,39,0.0,0.0,0.0,0.0,0.0,0.0,0.0,0.0,0.0,0.0,0.0,0.0,0.0,0.0,0.0,,,0.0,,0.783172904788,,PF,3500
203493.0,Reggie,Bullock,0.4,4,DET@LAC,DET,LAC,,,0.0,0.0,39,0.0,0.0,0.0,0.0,0.0,0.0,0.0,0.0,0.0,0.0,0.0,0.0,0.0,0.0,0.0,,,0.0,,0.515076887012,,SF,3500
201578.0,Marreese,Speights,11.1,9,BKN@GS,GS,BKN,,,0.0,0.0,39,0.0,0.0,0.0,0.0,0.0,0.0,0.0,0.0,0.0,0.0,0.0,0.0,0.0,0.0,0.0,,,0.0,,0.874516834501,,PF,3500
203937.0,Kyle,Anderson,5.0,8,PHI@SA,SA,PHI,,,29.9,31.75,39,2.31409105217,0.874795178986,1.16871837815,1.38144094277,0.705675143647,2.34660301041,1.33808402552,0.862378367744,3.05227815406,3.1487835585,0.405422127339,8.15014041377,0.879614055188,7.58260329954,31.0,0.000525925237386,7.16227986542e-08,18.2798537039,19.0671569619,8.37673220043,8.25671527452,SF,3500
201976.0,Patrick,Beverley,12.2,6,DAL@HOU,HOU,DAL,GTD,Ankle,0.0,0.0,39,0.0,0.0,0.0,0.0,0.0,0.0,0.0,0.0,0.0,0.0,0.0,0.0,0.0,0.0,0.0,,,0.0,,0.812171695498,,PG,3500
1626174.0,Christian,Wood,5.8,7,PHI@SA,PHI,SA,,,11.8,12.5,39,0.489433894968,0.286687655291,1.07370264225,1.49860623811,1.12066006457,2.1581550558,0.423167511682,0.488585677097,3.27881512037,2.19375606361,0.368539563917,5.01144060001,1.09731665543,5.85336834656,13.0,0.00043565488794,7.6139477375e-14,11.4532219903,12.0463788492,5.83142635998,5.71554869644,PF,3500
201162.0,Jared,Dudley,11.2,6,ORL@WAS,WAS,ORL,,,12.5,13.25,39,1.18465357617,0.197342122493,2.18208093081,0.803573652792,0.405535970487,1.89742282222,0.755422096547,0.771906084101,2.30295879271,1.94407431867,0.722710142195,4.39413257117,0.555029714089,5.16588849362,20.0,2.39235106891e-05,1.24447772746e-11,10.8400417631,11.7025337012,5.44433664201,5.7188411139,SF,3500
1626164.0,Devin,Booker,5.9,5,DEN@PHO,PHO,DEN,,,6.4,8.5,39,0.786605822067,0.288771254842,1.57555892877,1.05325706802,0.278912168298,1.6506207833,0.490757037005,0.919693097367,1.9295329516,2.57437065974,0.683740555126,5.7022068338,0.691285326768,6.52376720138,15.0,9.59595028065e-06,1.18907367918e-13,10.6584789627,11.5566868305,6.41036440415,6.46542367179,SG,3500
203508.0,Sergey,Karasev,1.4,3,BKN@GS,BKN,GS,,,0.0,0.0,39,0.0,0.0,0.0,0.0,0.0,0.0,0.0,0.0,0.0,0.0,0.0,0.0,0.0,0.0,0.0,,,0.0,,0.68691165551,,SF,3500
203898.0,Tyler,Ennis,8.6,5,CLE@MIL,MIL,CLE,,,0.0,0.0,39,0.0,0.0,0.0,0.0,0.0,0.0,0.0,0.0,0.0,0.0,0.0,0.0,0.0,0.0,0.0,,,0.0,,0.821719308808,,PG,3500
101179.0,Ronnie,Price,8.3,8,DEN@PHO,PHO,DEN,GTD,Concussion,0.0,0.0,39,0.0,0.0,0.0,0.0,0.0,0.0,0.0,0.0,0.0,0.0,0.0,0.0,0.0,0.0,0.0,,,0.0,,0.879000370494,,PG,3500
1626155.0,Sam,Dekker,1.1,3,DAL@HOU,HOU,DAL,,,0.0,0.0,39,0.0,0.0,0.0,0.0,0.0,0.0,0.0,0.0,0.0,0.0,0.0,0.0,0.0,0.0,0.0,,,0.0,,0.824869165214,,SF,3500
200745.0,Andrea,Bargnani,8.4,8,BKN@GS,BKN,GS,,,5.2,5.25,39,0.275716108409,0.211781276204,0.396381590668,0.882119751473,0.421640434717,0.496949673042,0.044790646452,0.466318895507,0.918590107759,1.48405551231,0.143136378306,3.44414767061,0.749388197946,3.86063560087,8.0,3.09553469345e-09,1.81369444016e-21,5.4233428426,5.77399998954,4.44649125106,4.23848898111,C,3500
201619.0,Sasha,Kaun,2.9,2,CLE@MIL,CLE,MIL,,,0.0,0.0,39,0.0,0.0,0.0,0.0,0.0,0.0,0.0,0.0,0.0,0.0,0.0,0.0,0.0,0.0,0.0,,,0.0,,0.905047090032,,C,3500
203094.0,Andrew,Nicholson,0.2,1,ORL@WAS,ORL,WAS,,,0.0,0.0,39,0.0,0.0,0.0,0.0,0.0,0.0,0.0,0.0,0.0,0.0,0.0,0.0,0.0,0.0,0.0,,,0.0,,0.639527965651,,PF,3500
202390.0,Gary,Neal,11.0,7,ORL@WAS,WAS,ORL,,,11.4,12.5,39,1.23132283661,0.00687475318031,2.18133521212,1.42576280594,0.156646549286,0.527723490751,0.331563234384,0.868833629841,0.684370040038,2.8297549421,0.668557312613,7.06974452302,1.29481808406,7.62288528088,17.0,2.75963949942e-07,9.18229497686e-16,10.0991559291,10.9020703163,7.27862309683,7.38801930674,SG,3500
2588.0,Matt,Bonner,1.2,1,PHI@SA,SA,PHI,,,1.0,1.0,39,0.0,0.0,0.0,0.0,0.0,0.0,0.0,0.0,0.0,0.0,0.0,0.0,0.0,0.0,0.0,,,0.0,,0.564840659394,,C,3500
2210.0,Richard,Jefferson,12.8,8,CLE@MIL,CLE,MIL,GTD,Ankle,18.6,20.75,39,1.4675549762,0.232842924426,4.8573754531,3.14355167682,0.490099365569,1.62702631965,0.980333741215,1.61895887547,2.11712568521,4.44458967026,2.08461833143,9.73376259873,2.03366084571,13.0074585177,39.0,6.08554235494e-05,2.02678036261e-10,18.55673626,20.5144724315,10.6379268276,11.5815840278,SF,3500
