NBA_ID,First Name,Last Name,FPPG,Played,Game,Team,Opp,Status,Injury Details,Actual_FD,Actual_DK,Actual_MIN,AST,BLK,FG3A,FTA,OREB,DREB,STL,TOV,REB,FGM,FG3M,FGA,FTM,PTS,MIN,DD,TD,FD,DK,FD_std,DK_std,fd_Pos,fd_Salary
201935,James,Harden,48.4,20,SAC@HOU,HOU,SAC,,,43.9,49.0,38,6.3386679563,0.81121845619,7.71858299363,10.5840266367,0.878951070821,4.43864724709,1.65459313705,4.14410949431,5.31759831791,7.63878114232,2.42132612739,18.77031276,9.19879106603,26.8976794781,36.0,0.146677505713,0.00465745815073,43.5743130862,47.3568994459,17.6819473293,18.7778835095,SG,10800
202326,DeMarcus,Cousins,45.3,12,SAC@HOU,SAC,HOU,,,30.3,32.25,38,2.54759750423,1.26339153114,2.72987353152,8.21017342098,2.09145216958,5.67618749478,0.711077062445,2.89689706692,7.76763966436,6.89718601319,0.89154515689,15.9491995406,6.45855563664,21.1444728199,27.0,0.251779129284,8.09617657726e-05,35.3390767938,37.9995914681,15.8050544063,15.7318021701,C,10300
2544,LeBron,James,45.5,19,CLE@MIA,CLE,MIA,,,0.0,0.0,38,0.0,0.0,0.0,0.0,0.0,0.0,0.0,0.0,0.0,0.0,0.0,0.0,0.0,0.0,0.0,,,0.0,,0.989972279176,,SF,10000
202331,Paul,George,42.7,18,IND@UTA,IND,UTA,,,66.1,71.5,38,4.51570712391,0.279290026654,8.45710572566,8.12876579487,1.40344361372,6.1631536214,1.96622020655,4.01290309888,7.56659723512,9.70499942359,3.68633242951,22.0907156628,6.77636125863,29.8726925353,42.0,0.247520053063,0.00402738654837,46.2042872709,50.8155971361,20.645537808,22.0261905594,SF,9700
203081,Damian,Lillard,39.6,20,POR@MIN,POR,MIN,,,33.1,34.75,38,6.9937114885,0.324704831345,7.69535544449,5.36971178204,0.662800555401,3.25698024737,1.08340973957,3.42861496346,3.91978080277,8.21123124457,2.81904983448,19.5658838592,4.73446702475,23.9759793484,37.0,0.1747385041,0.00119425438578,38.5578977228,42.1434096812,18.1314956815,19.3150310154,PG,9500
201933,Blake,Griffin,42.3,19,ORL@LAC,LAC,ORL,,,50.1,54.25,38,5.65343228713,0.664252766609,0.541401217914,7.63077315667,2.15299267519,6.48586734617,0.845411919508,2.69517848732,8.63886002136,10.8824629235,0.215641337258,20.7725644345,5.55360857449,27.5341757588,39.0,0.426620751889,0.0226487389308,46.7051071001,49.3003373581,22.2211483485,21.7471212229,PF,9100
202695,Kawhi,Leonard,39.6,19,BOS@SA,SA,BOS,,,30.4,33.25,38,2.64680605948,1.08158954893,3.92025752756,3.722262525,1.35958314336,5.26710115022,1.95927740521,1.43636779019,6.62668429358,7.86226914772,1.86829482699,15.6982568209,3.16440591124,20.7572390337,34.0,0.131503867512,6.16397547789e-05,37.3248353933,39.5059416371,15.2301649101,15.4446557808,SF,8900
101108,Chris,Paul,34.4,15,ORL@LAC,LAC,ORL,O,Ribs,0.0,0.0,38,0.0,0.0,0.0,0.0,0.0,0.0,0.0,0.0,0.0,0.0,0.0,0.0,0.0,0.0,0.0,,,0.0,,1.02030910915,,PG,8800
2546,Carmelo,Anthony,36.0,19,NY@MIL,NY,MIL,,,30.5,32.75,38,2.88807668728,0.495541885617,4.51808979942,5.38241482435,1.22765523986,4.79341842054,0.93755593791,2.06514285168,6.0210736604,7.27192648707,1.6058196745,17.4390078863,4.60486348096,20.7545361296,32.0,0.0847139124732,6.98243985173e-05,33.1129923484,35.3768076364,16.201052218,16.5258215973,SF,8300
202710,Jimmy,Butler,35.2,16,CHA@CHI,CHI,CHA,,,38.6,41.0,38,3.43874627944,0.769536524529,3.74538182798,7.3452680112,1.21553437683,3.78412710429,1.92679559924,1.9599411626,4.99966148112,6.65411507402,1.44033797051,14.7022303045,5.99177046235,20.7403385809,38.0,0.0342129085533,9.29284771641e-05,35.3307748623,37.3324956512,14.4299973801,14.6227510135,SG,8300
201567,Kevin,Love,36.0,19,CLE@MIA,CLE,MIA,,,14.6,16.5,38,1.40909991849,0.287758199778,4.08070131835,2.59787081683,1.66043672419,4.8604743783,0.419942401855,1.45907175984,6.52091110248,4.04557415689,1.49406972018,9.1649799301,2.18049200218,11.7657100361,22.0,0.0898807398302,2.13866309028e-07,21.6607826803,23.5982207268,9.65722404682,10.282339032,PF,8200
202355,Hassan,Whiteside,35.2,17,CLE@MIA,MIA,CLE,,,29.8,30.25,38,0.155900323791,3.0593608011,0.00680009158165,3.10419424687,2.24392248512,5.06786216299,0.497387942576,1.32966968437,7.31178464811,3.95405639031,0.00187280643049,6.60262711073,1.63507902248,9.54506460953,21.0,0.115869396095,0.00014639301137,24.3368844759,25.5424882269,8.50804983465,7.94654017075,C,8100
2200,Pau,Gasol,35.0,16,CHA@CHI,CHI,CHA,,,39.2,41.75,38,2.26553217761,1.6003191961,0.311650702815,3.05018711525,1.98319074353,6.61920722676,0.477250950102,1.34585847541,8.60239797029,5.62558115559,0.0286699123993,12.3231986951,2.29062990482,13.5704621284,26.0,0.304829163803,4.10707525158e-05,30.1009197762,31.6756708265,13.4845633407,13.1148807782,PF,8100
200765,Rajon,Rondo,36.5,20,SAC@HOU,SAC,HOU,,,49.1,53.25,38,10.9400670059,0.102018874405,2.3356689562,1.78479208629,1.34752455941,4.70375687911,1.80994477008,3.75180856888,6.05128143852,5.44571060763,0.851499313493,12.40334626,0.753276857259,12.496197386,36.0,0.582259543556,0.0439175525193,36.2399543411,39.8493143271,12.213026429,12.1866436594,PG,8000
202324,Derrick,Favors,34.1,16,IND@UTA,UTA,IND,,,54.1,57.25,38,2.16106753847,1.83949293289,0.0869898340304,6.16045150689,3.96515040138,7.19405916405,2.25455090222,2.14771540098,11.1592095654,9.65919109753,0.00408386651709,17.693664484,4.25488310924,23.5773491708,44.0,0.673615006765,0.000157190156659,46.2503742263,48.8951284189,19.4984955099,18.9609512766,PF,7900
2547,Chris,Bosh,34.1,17,CLE@MIA,MIA,CLE,,,26.7,29.0,38,2.264115001,1.03916086915,4.341535178,5.50744952889,1.04624727775,6.98007012853,0.874951720934,1.42005167624,8.02631740628,6.74251890529,1.59025479254,15.027141911,4.39622674851,19.4715193516,36.0,0.278961722265,3.5463640257e-05,34.9074462446,37.2324643236,14.4315137949,14.7705793493,PF,7900
2730,Dwight,Howard,32.8,14,SAC@HOU,HOU,SAC,,,48.6,52.5,38,1.78929344714,1.91753141691,0.0162617626508,6.65585771439,4.2258066763,7.6769676482,0.859008471567,3.07104789155,11.9027743245,6.01802557813,0.00745863068595,10.2102380578,3.68636142077,15.7298712077,36.0,0.692902475673,3.55592557218e-05,35.1791724532,38.3530248218,12.4289651477,11.8652204389,C,7800
202689,Kemba,Walker,32.2,18,CHA@CHI,CHA,CHI,,,36.7,39.5,38,5.42075602135,0.806881628976,4.66616616627,4.67832244276,0.775135749398,2.73038686528,1.89413986528,2.13275490019,3.50552261468,6.96954679428,1.65201435553,16.2190046334,3.76073708897,19.3518450331,38.0,0.0515680911385,0.000163347151525,34.958894291,37.1043972278,15.2110095164,15.5954320218,PG,7700
202738,Isaiah,Thomas,33.7,19,BOS@SA,BOS,SA,,,41.8,43.5,38,7.08165670554,0.021803728697,7.57988015222,6.31968201762,0.416467182329,1.92241087738,1.80103912417,2.90221973187,2.33887805971,7.93365783804,2.5062723862,18.8122583935,5.48318125191,23.8567693142,36.0,0.176816996901,3.24870489217e-05,38.029374018,41.1158869365,17.4960382012,18.5840967451,PG,7600
202328,Greg,Monroe,33.7,20,NY@MIL,MIL,NY,,,36.8,40.0,38,2.42259766207,0.997609164943,0.000194758587657,3.94053111075,3.21103511547,6.5388543282,1.25208534001,1.87315979742,9.74988944366,6.93021277409,1.21546861446e-07,13.7193761639,2.90916759506,16.7695932648,33.0,0.48191643387,0.00010495739838,34.7295863028,36.8768502574,15.3866702073,14.9433204741,C,7500
203506,Victor,Oladipo,29.8,17,ORL@LAC,ORL,LAC,,,41.9,44.75,38,4.26265025638,0.774611956989,4.25806045472,3.85371697452,0.721747107317,4.82393105718,1.40478125301,1.99408110269,5.54567816449,6.05720813055,1.2002243455,15.0094697096,3.10799538467,16.4226359913,34.0,0.0634105812021,0.000635981277878,31.8361304905,33.8075909385,13.8856621229,14.1413874991,SG,7400
203952,Andrew,Wiggins,29.9,17,POR@MIN,MIN,POR,,,24.0,24.75,38,2.06237498683,0.78813354746,2.86198018584,8.39007124456,1.86620132067,2.2813850845,0.834981982325,2.43187159352,4.14758640518,8.17477037364,0.810714083715,18.7415329143,6.27836925248,23.4386240835,40.0,0.0102611747139,6.10294418076e-07,32.323649716,34.1677154678,18.3368196187,18.1826370283,SF,7400
204001,Kristaps,Porzingis,30.4,20,NY@MIL,NY,MIL,,,16.9,19.75,38,0.805271617215,1.42787388717,2.15120299759,2.63989557011,1.94370168423,5.15099455589,0.571582206124,1.46411906156,7.09469624012,4.00546798471,0.733083992225,9.10586107969,2.18940575757,10.9334257192,22.0,0.121242423499,3.25724315506e-07,23.1897617582,24.8249627095,9.35705757345,9.34804953712,PF,7300
202696,Nikola,Vucevic,31.5,16,ORL@LAC,ORL,LAC,,,24.5,27.5,38,2.19209017592,1.06523604807,0.0616359666475,1.70941211525,3.22908779786,4.86376985071,0.795422756731,1.83328206619,8.09285764856,7.1432326464,0.00540015154019,14.2238137912,1.37459244722,15.6664578916,30.0,0.269033189462,2.64151753657e-05,30.5540578771,32.2816708981,15.6921643395,15.2414704443,C,7300
201599,DeAndre,Jordan,32.9,19,ORL@LAC,LAC,ORL,,,33.8,36.0,38,1.08178564378,2.78216277215,0.00982528949647,8.76924015491,4.29348288295,9.91881580835,0.716895973961,1.34503245183,14.2122986913,4.48300269014,0.00245610335501,6.63904674514,3.29346910873,12.2619305924,37.0,0.708040876939,0.000445195238248,36.592452528,39.0402086413,9.53561292201,8.90570894475,C,7200
2548,Dwyane,Wade,30.5,16,CLE@MIA,MIA,CLE,,,32.0,32.75,38,4.23591951958,0.469566152924,1.30287114509,5.08174062669,0.948521727516,2.03478259281,1.22134652849,2.43314447637,2.98330432033,7.06448896575,0.35928924205,15.8476350863,3.99428287572,18.4825500493,29.0,0.0123997496249,1.20435656691e-05,29.3650753995,30.9290932299,16.2746817273,15.9608144747,SG,7200
200746,LaMarcus,Aldridge,29.4,18,BOS@SA,SA,BOS,,,29.1,30.0,38,1.26465075367,1.08811734938,0.49439692721,3.26447871285,2.30811365645,4.79464599115,0.300711534217,1.32676095416,7.1027596476,5.85594330588,0.0823456748551,13.0932938644,2.64899096394,14.4432232505,27.0,0.158701482365,1.83799948246e-07,26.3144077712,27.612151843,14.0488005061,13.6915737117,PF,7200
201587,Nicolas,Batum,31.5,18,CHA@CHI,CHA,CHI,,,43.7,49.25,38,4.58320878356,0.625198493897,5.51529479847,3.7322447474,1.11699991391,4.55769631708,1.15420883387,2.97420249096,5.67469623099,5.19962845044,2.15768917451,12.1734752717,3.22182996692,15.7787760423,35.0,0.0743436508171,0.00108933310093,30.0478368594,33.0123009792,12.3301413928,13.3098346383,SF,7100
203497,Rudy,Gobert,29.5,14,IND@UTA,UTA,IND,O,Knee,0.0,0.0,38,0.0,0.0,0.0,0.0,0.0,0.0,0.0,0.0,0.0,0.0,0.0,0.0,0.0,0.0,0.0,,,0.0,,1.01651875869,,C,7100
200752,Rudy,Gay,29.8,18,SAC@HOU,SAC,HOU,,,28.2,29.5,38,2.15976662856,0.233449331281,2.64960389659,3.55896186184,1.55960899705,4.1095032066,0.962893196559,1.9123847158,5.66911220366,6.98934221778,0.937815984546,15.3002019869,3.00247930405,17.9189797242,31.0,0.0602960650996,5.24018692638e-06,28.4418646513,30.2408804298,14.9573065414,14.8496041953,SF,7000
1495,Tim,Duncan,28.5,19,BOS@SA,SA,BOS,,,19.0,19.75,38,2.63512167523,1.49057694905,0.0508641509333,2.32809598615,1.84203153332,5.03353323428,0.694976758957,1.58336975915,6.8755647676,3.7185588202,0.00460289239999,7.09087532164,1.78881601867,9.23053655146,24.0,0.0850031767437,3.56192401198e-05,24.2216344423,25.4870106293,8.71727824809,8.26621677745,C,7000
203468,C.J.,McCollum,29.6,20,POR@MIN,POR,MIN,,,37.0,39.25,38,3.43241718719,0.321742560337,5.51460354604,2.76892894666,0.560195269151,2.56518767429,1.12805412244,2.12000184579,3.12538294344,7.04824874642,2.15050050157,16.4670038163,2.34576046986,18.5927584643,35.0,0.00418499402707,4.11071848876e-06,28.2714352969,30.569245441,15.3410366167,16.0331781222,SG,6900
201937,Ricky,Rubio,29.5,12,POR@MIN,MIN,POR,,,35.7,38.0,38,9.57476255362,0.0803059251431,2.17533359784,4.6202881723,0.999997305342,3.3037722167,1.93567077525,2.70701254313,4.30376952204,3.44394793668,0.437063596388,10.0081183335,3.86461270727,11.189572177,34.0,0.357265628623,0.00450525199506,32.0411802915,34.3778210363,9.66319312214,9.65207378742,PG,6900
201565,Derrick,Rose,25.9,14,CHA@CHI,CHI,CHA,,,32.9,35.75,38,6.13753174633,0.363441190671,3.52904378783,3.17752216305,0.483507854809,2.73729839066,0.588487059434,2.79411772374,3.22080624547,5.98900226648,0.939826963915,16.3439862826,2.53792774523,15.4557592421,34.0,0.0862198020726,0.000156030425194,27.6367631326,29.7945735831,14.8409675891,14.9461821506,PG,6800
203507,Giannis,Antetokounmpo,28.8,19,NY@MIL,MIL,NY,,,37.2,38.5,38,2.81739090769,1.20948923812,1.4169714508,4.5482923111,1.33639552846,4.54207403537,0.965611098166,2.46921993372,5.87846956384,6.0860587292,0.410542979296,12.1377764569,3.75272360579,16.3353840435,35.0,0.0715044240251,4.90466819639e-05,29.4966146205,31.3378233313,12.8122109669,12.4470492717,SG,6700
202330,Gordon,Hayward,28.4,17,IND@UTA,UTA,IND,,,35.5,39.25,38,3.98845872739,0.260698135026,5.36494035217,7.02482044429,1.09081879293,3.9392473641,1.37258804143,3.19680838002,5.03006615703,7.5304740712,1.99711487946,17.5006004744,5.66985145473,22.7279144766,43.0,0.0405350202753,0.000260441266259,34.816445929,37.7264947208,16.4566148254,17.0037222804,SF,6600
202699,Tobias,Harris,28.5,19,ORL@LAC,ORL,LAC,,,23.0,25.5,38,1.59828193797,0.510401380134,2.40981789862,3.00548093276,1.62482567256,3.80766821358,0.714559294598,1.41336554908,5.43249388614,4.52681028344,0.816887453529,9.92731167455,2.45780428663,12.328312307,27.0,0.0387623619075,2.74478843035e-07,22.2812836778,23.7261792397,10.1089147738,10.0905820685,SF,6600
1626157,Karl-Anthony,Towns,30.0,18,POR@MIN,MIN,POR,,,45.4,49.5,38,1.1182880755,2.33841971787,0.80640611836,2.98223728997,2.54471043437,7.8476003946,0.897103005813,2.31721415258,10.392310829,6.78980925629,0.249032643668,13.4694306061,2.43648448701,16.2651356433,32.0,0.548671141847,9.02368081278e-05,34.5671720461,37.1931884088,14.4268470329,14.0151320221,C,6600
203901,Elfrid,Payton,26.1,19,ORL@LAC,ORL,LAC,,,44.8,46.0,38,7.53593376435,0.290542348438,1.37719317253,3.06762079663,1.41777730451,3.09883150541,1.6935232038,2.88869066722,4.51660880992,5.09015244809,0.449377050923,12.826724301,2.05574500882,12.6854269559,37.0,0.195480487373,0.00316233977197,30.4886986116,32.6862706616,12.8583891,12.6873260151,PG,6500
2744,Al,Jefferson,26.9,17,CHA@CHI,CHA,CHI,O,Calf,0.0,0.0,38,0.0,0.0,0.0,0.0,0.0,0.0,0.0,0.0,0.0,0.0,0.0,0.0,0.0,0.0,0.0,,,0.0,,0.860887458378,,C,6500
202700,Donatas,Motiejunas,0.0,0,SAC@HOU,HOU,SAC,GTD,Back,-0.8,0.25,38,0.357493272762,0.0987099223754,0.427445832744,0.479436868752,0.422453761338,0.38737161963,0.155569764372,0.416905444939,0.809825380968,0.987663816292,0.139470941076,2.11851988508,0.289218717126,2.40401729079,6.0,2.24120700127e-10,1.52192531294e-21,4.00370158565,4.32238104804,3.23767817572,3.05435436219,PF,6400
101145,Monta,Ellis,25.1,18,IND@UTA,IND,UTA,GTD,Back,14.2,15.75,38,4.4967526686,0.461446769709,2.43289247234,2.5808067828,0.483313836316,2.17471718823,1.55612789192,2.44739702124,2.65803102455,4.99943284147,0.592272398918,11.7595790599,1.91903289828,12.5101709801,31.0,0.0136435079862,5.98977213915e-06,24.0326895145,25.7059090071,11.4805584432,11.3544094088,SG,6000
202340,Avery,Bradley,24.9,17,BOS@SA,BOS,SA,,,23.9,27.0,38,2.33924836274,0.312708169919,6.61790652188,1.86660538416,0.63146236727,2.04027460119,1.95256515179,1.94427128068,2.67173696846,7.44851873701,2.82199309361,16.1248337806,1.42747656375,19.1465071314,37.0,0.000636538447848,9.57604344479e-08,28.4477394004,30.9654135309,15.5638548942,16.6488469121,SG,6000
203096,Jared,Sullinger,27.7,19,BOS@SA,BOS,SA,,,20.6,21.5,38,2.62883750334,0.909781582017,2.48174509638,1.94422978704,3.00161047863,5.52111922237,0.994817928779,1.3952229712,8.52272970101,4.77818221661,0.746476028105,10.7410888172,1.35531278482,11.6581532461,27.0,0.253374191907,0.000103495781596,28.2426611928,30.1200189527,10.6637034458,10.6256680833,PF,5900
203486,Mason,Plumlee,26.1,20,POR@MIN,POR,MIN,,,17.8,19.25,38,1.84364909298,0.840564747203,0.0422480841957,3.76192991139,2.29932049878,4.53106166684,0.940973005757,1.58222558242,6.83038216562,3.33636919569,0.000754736517133,5.9928049557,2.06344344135,8.73693656925,24.0,0.0750986411242,1.78552929279e-06,21.679718731,22.925381317,7.88873633929,7.40926794241,C,5900
201588,George,Hill,24.5,15,IND@UTA,IND,UTA,,,28.9,30.5,38,4.96723814273,0.389735015144,5.63768572467,3.72292120219,0.76199158959,3.26966716318,1.69818546483,2.27388742438,4.03165875277,5.77724109361,2.27546886195,13.5224998728,2.82128297315,16.6512340223,42.0,0.0361133978061,0.000241859482478,30.8420352753,33.3731920313,13.3033340457,14.2502408097,PG,5900
2772,Trevor,Ariza,23.9,20,SAC@HOU,HOU,SAC,,,29.7,31.5,38,2.00007439853,0.28147538221,6.56489110108,2.35042851859,0.861984274583,4.27311944771,1.99564861307,1.85183491052,5.13510372229,4.33918512266,2.17016694511,11.3312989077,1.73307664556,12.581613836,37.0,0.0281832213999,2.59325164938e-06,24.4462629806,26.7563017064,11.9977975082,13.3450107843,SF,5800
203897,Zach,LaVine,23.9,18,POR@MIN,MIN,POR,,,17.2,18.75,38,3.42261978889,0.104214891947,3.1478349692,2.4822489843,0.519048064985,2.16715220518,0.561808680855,2.07942149218,2.68620027017,4.40443171058,1.1120404503,10.242202307,2.24966571677,12.1705695882,23.0,0.00250417580347,1.03195030674e-06,19.7805652492,21.5143655935,10.1595873474,10.3937146353,SG,5800
203114,Khris,Middleton,24.4,20,NY@MIL,MIL,NY,,,16.3,17.0,38,2.82729882354,0.140190905163,4.12319542278,2.87340095617,0.343923826214,2.38565857482,1.189051009,1.32212111468,2.72958240103,4.68232960416,1.90623353999,11.406212755,2.52190377395,13.7927965222,32.0,0.00103972938688,3.20835502418e-07,22.6456063524,24.3978233564,11.1584783894,11.8402133632,SF,5700
2590,Mo,Williams,23.8,16,CLE@MIA,CLE,MIA,,,5.5,6.5,38,1.94058060515,0.0806746846941,1.71708709871,0.777364985151,0.0966202412937,0.838782740419,0.231734693664,0.958231490044,0.935402981713,2.1831057786,0.597423344652,4.74229632274,0.701265517428,5.66490041929,12.0,7.26233519494e-06,4.39166267525e-13,9.36484217174,10.1894506317,5.62224136979,5.6877311919,PG,5700
201609,Goran,Dragic,21.9,17,CLE@MIA,MIA,CLE,,,27.4,31.0,38,4.58164520418,0.212132657163,2.61419095559,2.35425074767,0.724714191784,2.23159870098,0.894935732439,2.17626494552,2.95631289277,4.70804196602,0.840346395612,10.2716257524,1.73663475693,11.9930650846,31.0,0.0149466118132,1.40566225878e-05,22.4509801959,24.1295635987,10.3143680575,10.3024293289,PG,5700
203093,Terrence,Jones,20.8,15,SAC@HOU,HOU,SAC,,,23.5,25.25,38,1.06310850924,1.19660799444,1.69258643667,2.99702278114,2.07498138581,3.08364234581,0.429053252626,1.23668016563,5.15862373162,4.45689673198,0.640119423906,9.24182957461,1.848256935,11.4021698229,26.0,0.0269507395384,2.03728275768e-08,21.2018233932,22.4385805449,9.82044512107,9.64571922381,PF,5600
203095,Evan,Fournier,26.0,19,ORL@LAC,ORL,LAC,,,9.0,10.5,38,1.20858962499,0.0256090803433,2.71721249986,1.46513441949,0.22248725793,1.39014817292,0.593661907553,0.827987307384,1.61263543085,2.93257814929,1.05603005133,6.52169335833,1.15954968951,8.08073603942,17.0,3.49591161123e-06,1.98961649577e-12,12.2393376623,13.2619833571,7.27856416653,7.6409180287,SG,5600
202703,Nikola,Mirotic,21.7,16,CHA@CHI,CHI,CHA,GTD,Concussion,19.4,20.75,38,1.63274966749,0.442723010749,5.4268051377,3.80443755518,1.17882793193,4.25606133832,0.888266990724,1.88459582817,5.43488927025,3.97945671271,1.73359751434,10.4134428857,3.00458888963,12.6970998294,27.0,0.039302523542,3.35236662787e-07,22.4454756297,24.5852715555,10.8155848999,11.8080758979,SF,5600
202692,Alec,Burks,23.6,17,IND@UTA,UTA,IND,,,17.0,18.25,38,2.68742316943,0.239560836887,3.11104362195,5.35071813505,0.712441741194,3.00479333462,0.749222940289,2.12581382243,3.71723507581,5.62764267946,1.24014431389,13.4332265315,4.30093397565,16.7963636485,33.0,0.00514682152927,2.27069755732e-06,25.1399342255,27.0165020918,13.0595577426,13.2151590152,SG,5600
2225,Tony,Parker,23.7,20,BOS@SA,SA,BOS,,,16.2,18.25,38,4.87399976174,0.11744021427,0.55782980475,2.57247453548,0.229028670856,1.5837462919,0.717729468858,1.87208493957,1.81277496276,5.44833134522,0.258721481516,9.93865849054,1.98498015782,13.1403643298,27.0,0.0225539314716,4.63755729463e-07,22.4249483544,23.6148226015,11.2302045052,10.7578716101,PG,5600
203487,Michael,Carter-Williams,21.9,15,NY@MIL,MIL,NY,,,31.1,32.25,38,5.07915002203,0.654917090895,1.40256273264,2.97629040286,0.72955578813,2.47275170026,1.20619461664,3.15065884768,3.20230748839,4.09380439542,0.355542518484,9.8466584115,2.11951941628,10.6626707256,28.0,0.024206257988,4.07721519585e-05,22.6957293121,24.645377073,10.1674158438,9.95515003519,PG,5500
202684,Tristan,Thompson,22.6,19,CLE@MIA,CLE,MIA,,,15.2,15.5,38,0.7027573886,0.49000982376,0.000151470653099,2.15385292235,2.39378041673,4.95240642841,0.367864947297,0.771558919438,7.34618684513,2.61488415498,1.82048656199e-06,4.71815695966,1.17786732226,6.40763745271,22.0,0.0516549498837,2.28905237164e-10,17.2213883724,18.0519605102,6.42848888234,5.9710353411,PF,5500
2747,J.R.,Smith,20.2,16,CLE@MIA,CLE,MIA,,,15.4,17.0,38,1.83110087809,0.503846194554,5.32236083725,0.948979681396,0.569575837821,1.5629245105,0.76388755306,1.13264619545,2.13250034832,3.71909357631,1.97192454203,9.57526683832,0.570306862976,9.98041855763,27.0,5.86088197878e-05,1.02098157029e-09,16.6888915925,18.347889895,10.2889491647,11.4389958971,SG,5400
202329,Al-Farouq,Aminu,23.5,20,POR@MIN,POR,MIN,,,24.1,26.75,38,1.58614903035,0.757405468663,3.43731892624,2.36128027472,1.29721806641,4.43998524748,0.733077734883,1.56524675651,5.73720331389,3.24564614679,1.14043335091,8.32900752001,1.73531125766,9.36703690216,27.0,0.0362397509627,2.40764581066e-07,20.0466240749,21.7406846431,8.53737696003,9.03014426446,SF,5400
101133,Ian,Mahinmi,22.5,17,IND@UTA,IND,UTA,,,14.5,16.25,38,1.15120506114,1.2458715201,0.000738187461064,2.4700228345,2.12117687274,3.80602723859,0.847985980625,1.15354523157,5.92720411134,2.8470958816,5.85137447462e-06,5.21788778321,1.03645169808,6.73064931265,23.0,0.0223331572002,2.73930325029e-08,18.6042716078,19.5109071728,6.92925877104,6.46860874705,C,5300
203935,Marcus,Smart,21.7,9,BOS@SA,BOS,SA,O,Leg,0.0,0.0,38,0.0,0.0,0.0,0.0,0.0,0.0,0.0,0.0,0.0,0.0,0.0,0.0,0.0,0.0,0.0,,,0.0,,0.859345677586,,PG,5300
101139,C.J.,Miles,22.5,15,IND@UTA,IND,UTA,,,15.6,16.25,38,1.56622838625,0.412180808016,8.68325520508,3.55479741777,0.434530751414,2.00934180165,1.37955140701,1.66425930551,2.44387255306,6.15091095592,3.58504850244,14.3588636564,2.84142460377,18.7282950181,35.0,0.000228033909771,1.75861256723e-09,25.9294897857,28.6766793734,15.77667288,17.7563944074,SF,5300
203109,Jae,Crowder,24.1,19,BOS@SA,BOS,SA,,,22.1,25.25,38,2.37316463529,0.431895921144,4.61714474763,3.38289319627,1.45557434129,3.36169005866,2.32536373372,1.81300261604,4.81726439995,4.59972463326,1.59524133571,10.6240519766,2.83382130832,13.6285119105,35.0,0.0215151151045,7.27515446206e-06,26.6704928371,28.6477725311,10.8149209061,11.481664828,SF,5200
201941,Jordan,Hill,22.0,16,IND@UTA,IND,UTA,,,17.6,19.0,38,1.26220086019,0.400387370276,0.077877621435,2.26347286171,2.86559679699,4.05729637154,0.656781653197,1.28092515957,6.92289316853,3.90829197726,0.0098584848532,8.6644838737,1.68638455163,9.512826991,23.0,0.091467553812,8.28069978625e-08,20.5470129709,21.6757510307,9.96646435221,9.61597366641,C,5000
2736,Luol,Deng,19.0,13,CLE@MIA,MIA,CLE,GTD,Hamstring,0.0,0.0,38,0.0,0.0,0.0,0.0,0.0,0.0,0.0,0.0,0.0,0.0,0.0,0.0,0.0,0.0,0.0,,,0.0,,0.707122366662,,SF,5000
201954,Darren,Collison,21.1,15,SAC@HOU,SAC,HOU,,,30.2,32.25,38,3.27429309895,0.0878128066647,2.4644755569,2.44713659534,0.292360267755,0.86516513528,0.792156832382,1.42322304395,1.15752540304,3.66528925526,0.904970899387,8.37673014224,2.05392878021,10.2894781901,22.0,0.00129309948117,5.56650344147e-10,16.9266645563,18.150577449,8.67991874586,8.81332874385,PG,5000
101107,Marvin,Williams,23.6,18,CHA@CHI,CHA,CHI,,,26.3,27.25,38,1.49839762565,1.00939588648,4.14543042504,1.33718256548,1.45451042113,4.3754288131,0.789742052611,0.803651628266,5.82993923423,3.45369319651,1.5250473954,8.04315386687,1.13584086762,9.56827465603,31.0,0.0402549700676,1.68811518179e-07,21.6064224255,23.1226518606,8.85527785432,9.62461798741,PF,4900
203953,Jabari,Parker,16.5,14,NY@MIL,MIL,NY,,,32.4,33.75,38,1.61272835597,0.501890970422,0.393648950356,3.08005559199,1.92095354303,3.78586095651,1.15414500242,1.48285021416,5.70681449954,6.22922072789,0.0730034964404,12.7694098609,2.49513550639,15.0265804586,36.0,0.0586802202165,4.72341782548e-07,26.1230721235,27.2743614512,13.9787806064,13.5492814128,PF,4900
202323,Evan,Turner,20.6,19,BOS@SA,BOS,SA,,,25.3,26.5,38,4.4499854186,0.409666091928,1.78824535754,1.96027219187,0.657656900923,3.47868262309,1.22534186765,2.24607335146,4.13633952401,4.3685534323,0.326475089612,10.4868915646,1.53998218839,10.6035641426,30.0,0.0170990454381,0.00010541018351,23.266092267,24.7851482625,10.4506450735,10.2134448168,SF,4900
201155,Rodney,Stuckey,19.6,13,IND@UTA,IND,UTA,,,29.1,30.75,38,3.40957939166,0.241752835266,2.05539778235,4.19875608701,0.633477219125,2.82109279957,1.11433437472,1.95353208788,3.4545700187,5.37182075219,0.597859587304,12.4263357828,3.54638561968,14.8878867114,32.0,0.00517592024257,7.47646057861e-06,24.9063821534,26.3625928017,12.4287619093,12.2653209747,SG,4900
201167,Arron,Afflalo,20.6,12,NY@MIL,NY,MIL,,,14.4,15.0,38,1.72069614093,0.0831398382596,3.891861755,1.5728988881,0.448991712364,2.65365227014,0.266373412486,1.13148070691,3.10264398251,5.7562036569,1.36595099862,12.4031141983,1.21984273481,14.0982010472,32.0,0.00119937831911,1.576094872e-08,19.9699638322,21.3756109989,12.0135077561,12.2844155596,SG,4900
202334,Ed,Davis,20.2,20,POR@MIN,POR,MIN,,,28.1,28.5,38,1.48620225915,1.08614135064,5.67684563741e-06,3.25098545131,3.47818927662,5.13040623064,0.773459792717,1.11489463769,8.60859550726,3.65491490962,7.02847555107e-07,5.69837175432,1.70401585526,9.01384637734,27.0,0.1871136346,7.53763700349e-07,24.1777720238,25.4463221826,7.68837246722,7.07703299596,PF,4800
201593,Nikola,Pekovic,0.0,0,POR@MIN,MIN,POR,O,Achilles,0.0,0.0,38,0.0,0.0,0.0,0.0,0.0,0.0,0.0,0.0,0.0,0.0,0.0,0.0,0.0,0.0,0.0,,,0.0,,0.771302157252,,C,4800
101161,Amir,Johnson,19.4,19,BOS@SA,BOS,SA,,,27.7,31.25,38,2.25613093386,1.41764069494,1.20812202711,2.25994566899,2.58634615828,4.86773469956,0.945539578451,1.9777664967,7.45408085783,4.43461143285,0.382489744715,8.09607231332,1.34360618935,10.5953187998,32.0,0.142315878248,1.79256243432e-05,25.67300628,27.4393660379,9.02324424143,8.62612510534,C,4700
201951,Ty,Lawson,16.9,19,SAC@HOU,HOU,SAC,,,7.0,7.5,38,2.17444728891,0.0599270574845,0.952315461448,1.2003447865,0.262334225397,0.583443182754,0.432276354459,0.949878175143,0.84577740815,1.23608556481,0.308085907686,3.30159118664,0.831255493709,3.61151253102,12.0,4.89972557676e-06,1.17708554814e-13,7.92264500291,8.59392326432,4.1114029775,4.12709934131,PG,4700
203991,Clint,Capela,20.8,20,SAC@HOU,HOU,SAC,,,18.6,18.75,38,0.694221793283,1.42379867168,0.0689687182621,3.00196416784,2.50892468274,3.95457906684,0.856100147294,0.946499955302,6.46350374958,3.41696642273,0.0189946075621,6.19399343319,1.33695181617,8.18987926919,21.0,0.051842396814,1.36636009996e-07,20.6007141413,21.4844006153,7.93331294144,7.4549592994,C,4700
201585,Kosta,Koufos,20.4,20,SAC@HOU,SAC,HOU,,,34.9,37.0,38,0.538276956639,1.3882246372,5.44348955752e-05,2.25481932387,3.68716145813,4.79807938654,1.04922936763,1.13669133219,8.48524084467,4.7839785522,1.56860680396e-06,9.21178748459,1.43120030757,10.9991589806,31.0,0.237364904258,5.36690432045e-07,25.7270801066,27.0757375657,10.8257733177,10.3765485056,C,4600
203476,Gorgui,Dieng,18.9,18,POR@MIN,MIN,POR,,,20.5,22.75,38,1.0397357349,1.19840613678,0.0188455683685,2.49853042278,2.06021566187,4.05564684979,1.19677848954,1.70983814767,6.11586251166,3.27339963291,0.00393307579248,6.1936997132,2.1559461828,8.70667852442,24.0,0.0450246495837,5.81081428575e-08,20.6858482457,21.9160641318,7.86536380424,7.41801663691,C,4600
203504,Trey,Burke,16.4,17,IND@UTA,UTA,IND,,,33.1,34.25,38,4.1240885547,0.0604200132848,5.48242804701,1.96623464902,0.488416002801,2.15665628569,1.09874204069,2.18602171086,2.64507228849,6.06133047856,2.12115499566,14.5233671932,1.40572797074,15.6495439235,34.0,0.00919517454489,3.77972666631e-06,25.1420658989,27.4417119675,13.7498636158,14.5683693625,PG,4600
201573,Jerryd,Bayless,21.9,19,NY@MIL,MIL,NY,O,Ankle,0.0,0.0,38,0.0,0.0,0.0,0.0,0.0,0.0,0.0,0.0,0.0,0.0,0.0,0.0,0.0,0.0,0.0,,,0.0,,0.796428777065,,PG,4600
203086,Meyers,Leonard,18.1,13,POR@MIN,POR,MIN,,,15.0,17.0,38,1.24707554993,0.4052421467,3.49305797101,0.971775277551,0.828283082472,2.81142223507,0.283054536278,0.858193345617,3.63970531754,3.50078340465,1.11557999965,7.51690502526,0.887888859334,9.00503566829,24.0,0.0022037403318,1.78791820645e-09,15.7616953946,16.9338729489,8.13566520256,8.53087208893,C,4600
203087,Jeremy,Lamb,22.0,17,CHA@CHI,CHA,CHI,,,12.7,12.75,38,1.33857815247,0.387846450994,3.52655348588,1.53632223001,0.513356074691,2.68528250119,0.502844370482,0.840578306558,3.19863857588,4.31295632133,1.23375539288,8.99737268651,1.16034166868,11.0200097042,22.0,0.00117954609286,1.78821476388e-09,17.8070465604,19.0059146634,9.34943256508,9.6785558102,SG,4600
203918,Rodney,Hood,21.0,16,IND@UTA,UTA,IND,,,13.8,14.0,38,1.99328412016,0.218496025141,3.22528466556,1.69154737087,0.272913695188,1.15736759099,0.747407749782,1.11191875111,1.43028128618,3.09315851515,0.95838500558,7.55301133753,1.43710531169,8.58180734757,21.0,2.25531762211e-05,5.78317393616e-11,14.10795987,15.2146596426,7.87444879166,8.24251519843,SG,4600
1938,Manu,Ginobili,19.9,16,BOS@SA,SA,BOS,,,28.4,29.75,38,4.34057241667,0.203295171005,4.50796550521,2.91585749606,0.598821655988,2.45351662727,1.30520905369,2.35232396837,3.05233828326,4.74187106329,1.56911139557,10.5181350869,2.18034682576,13.2332003479,26.0,0.0120316720281,1.38048939834e-05,24.0715493938,26.2029729127,10.7552801845,11.3594231612,SG,4500
203521,Matthew,Dellavedova,19.3,18,CLE@MIA,CLE,MIA,,,19.9,22.0,38,5.14763185596,0.13605931893,2.98143791665,0.982701391042,0.430125515355,1.54763619115,0.704667057539,1.42218842462,1.9777617065,2.79759604088,1.28554118753,6.66285574434,0.853321493849,7.73405476315,28.0,0.0147284385035,6.24002426623e-07,18.0880809232,19.5629283444,7.38202711669,7.95467518656,PG,4400
201149,Joakim,Noah,19.4,15,CHA@CHI,CHI,CHA,,,23.0,24.5,38,3.31431459434,0.987421396777,0.00700523381858,1.58121497496,2.53110991252,4.69231583398,0.491818067328,1.74761873583,7.2234257465,1.68768876578,0.0,4.25812645763,0.842139101369,4.21751663294,22.0,,,19.0679596126,,5.41854252068,,C,4400
101181,Jose,Calderon,17.3,20,NY@MIL,NY,MIL,,,18.7,19.0,38,3.7639918558,0.00293880032319,2.93586842188,0.752791401394,0.264101297603,1.82080043949,0.926608465069,1.19129656749,2.08490173709,2.82994318256,1.14671946156,6.38775582699,0.66653930128,7.47314512796,26.0,0.00202802381865,1.31001145341e-07,16.2888129595,17.5651084896,7.21551411833,7.69124453592,PG,4400
202391,Jeremy,Lin,18.8,18,CHA@CHI,CHA,CHI,,,25.5,25.75,38,3.79667383387,0.57657442482,3.14813791149,4.03239087107,0.5115648089,2.05780890014,1.08588718723,2.09790487295,2.56937370904,3.98318076061,0.982538579431,9.70830595943,3.23151133265,12.1804114333,27.0,0.00465649900658,1.50786518671e-06,22.1856889861,23.8613686698,9.73683336188,9.96936735091,PG,4400
201959,Taj,Gibson,16.7,16,CHA@CHI,CHI,CHA,,,17.3,18.5,38,1.20829351587,0.809940770478,0.085549041473,1.84201016315,1.86678573663,2.95611281646,0.479173441749,0.951631282159,4.82289855309,2.93497616372,2.93279923635e-07,5.95564943357,1.21239060379,7.08234322451,21.0,0.0082416370258,5.18246721962e-09,16.3088589043,17.0381820908,7.40233462335,6.99551952755,PF,4300
200755,J.J.,Redick,17.0,16,ORL@LAC,LAC,ORL,GTD,Ankle,0.0,0.0,38,0.0,0.0,0.0,0.0,0.0,0.0,0.0,0.0,0.0,0.0,0.0,0.0,0.0,0.0,0.0,,,0.0,,0.566550733914,,SG,4300
201956,Omri,Casspi,20.9,19,SAC@HOU,SAC,HOU,GTD,Illness,22.6,24.75,38,1.86175789145,0.240944510846,3.70986564327,2.83443919512,1.13973580636,5.00099833147,0.97393720762,2.06165438388,6.14073413782,5.19055919377,1.56205023445,10.4698025308,1.81252803086,13.7556966529,33.0,0.0778372708035,2.00717467674e-06,24.2853235085,26.5209744523,10.7831886266,11.1626324919,SF,4200
2037,Jamal,Crawford,17.5,19,ORL@LAC,LAC,ORL,,,39.7,43.25,38,2.76518057164,0.104173604897,5.31502316189,4.60808681166,0.261571235593,1.61291500748,0.747525807251,1.8020818744,1.87448624307,5.22721304266,1.64612756894,13.8558632757,4.22595634235,16.3265099966,31.0,0.000580047842474,1.51019665684e-08,22.6249812957,24.4436804465,12.916757077,13.630109002,SG,4200
2399,Mike,Dunleavy,0.0,0,CHA@CHI,CHI,CHA,O,Back,0.0,0.0,38,0.0,0.0,0.0,0.0,0.0,0.0,0.0,0.0,0.0,0.0,0.0,0.0,0.0,0.0,0.0,,,0.0,,0.594152155376,,SF,4200
2746,Josh,Smith,15.3,19,ORL@LAC,LAC,ORL,,,5.2,5.75,38,1.2260873125,0.77757415254,1.26936160621,1.17290165253,0.737752171432,1.75207672874,0.331458077398,1.01789818785,2.48982890017,1.60120746225,0.352507670856,4.00599190037,0.657290356967,4.21221295232,11.0,2.37085966108e-05,1.67617216513e-11,10.2393048733,11.0490348106,4.78078400924,4.7677286223,PF,4100
201577,Robin,Lopez,18.7,20,NY@MIL,NY,MIL,,,6.7,8.25,38,1.43521257964,1.03441047912,0.00299235106335,1.29751207565,2.16937715681,2.81829622859,0.20425030597,1.45761782889,4.98767338539,2.67131159103,3.08999490226e-08,5.70716307771,1.08408166577,6.42670487873,21.0,0.00792300254039,2.33252534226e-08,15.5844355519,16.5745127249,7.08609011431,6.72334770925,C,4000
101135,David,Lee,14.0,19,BOS@SA,BOS,SA,,,0.0,0.0,38,0.0,0.0,0.0,0.0,0.0,0.0,0.0,0.0,0.0,0.0,0.0,0.0,0.0,0.0,0.0,,,0.0,,0.913260246412,,PF,4000
2755,Kevin,Martin,16.5,17,POR@MIN,MIN,POR,,,15.2,15.75,38,1.24219013398,0.0064466520432,2.67769469141,4.27498899609,0.210749747282,1.71182399925,0.475935105552,1.10281404257,1.92257374653,3.71202572374,0.909930696861,9.83585215811,3.73774951773,12.0717316621,24.0,2.61003816424e-05,1.9989615424e-11,16.1040548315,17.2065950392,9.65352743721,9.84700286584,SG,4000
203094,Andrew,Nicholson,14.8,10,ORL@LAC,ORL,LAC,,,14.9,16.75,38,0.663879424944,0.597128350371,2.50829207208,0.965105404541,1.03606822906,2.59677361317,0.260172857388,0.986713301496,3.63284184223,3.82301584018,1.00658852511,8.68010355865,0.712212439764,9.36483264523,23.0,0.00231391981479,7.94721544261e-12,15.4479511074,16.6297149925,8.84578112076,9.01572812362,PF,4000
204038,Langston,Galloway,17.8,20,NY@MIL,NY,MIL,,,23.2,23.5,38,2.35233021198,0.131192849816,3.44544656822,1.86516011336,0.707854255791,2.76920245569,1.15300607066,0.776567582295,3.47705671148,3.22959116063,1.39476385322,8.30016198081,1.40645411585,9.26040029033,27.0,0.00176643472658,2.88894131145e-07,18.7531939207,20.0153629928,8.55710230936,9.18025012899,SG,4000
201166,Aaron,Brooks,14.6,11,CHA@CHI,CHI,CHA,,,0.0,0.0,38,0.0,0.0,0.0,0.0,0.0,0.0,0.0,0.0,0.0,0.0,0.0,0.0,0.0,0.0,0.0,,,0.0,,0.843006248836,,PG,3900
202357,Nemanja,Bjelica,18.3,14,POR@MIN,MIN,POR,,,7.0,7.75,38,1.00513509984,0.213271474163,1.69599543417,0.736452501731,0.491951345214,2.42422211059,0.299266416758,0.490228456383,2.9161734558,1.20483434697,0.617916361545,2.84345415213,0.456756407812,3.48434146329,13.0,5.43168268348e-05,6.34014950881e-12,9.02629958548,9.72626214249,4.20690860598,4.54640918889,SF,3900
202362,Lance,Stephenson,12.3,18,ORL@LAC,LAC,ORL,,,7.9,8.0,38,2.01245286647,0.0959620133201,1.31182542237,1.04519967653,0.589418094849,1.75261137325,0.545092811457,1.27725694826,2.3420294681,2.0886220113,0.451063103128,5.06896332168,0.695595784572,5.32390291029,18.0,3.62770944519e-05,1.37100260808e-09,11.157870273,12.1391861919,5.69507856345,5.68063174127,SG,3900
203482,Kelly,Olynyk,16.6,18,BOS@SA,BOS,SA,,,10.9,11.5,38,0.985474698352,0.397092806502,1.83247754626,0.888615808536,0.780980220284,1.4831855355,0.65558907837,0.883387791322,2.26416575578,2.01060748856,0.650245413302,4.62986913403,0.627510918947,5.29897130936,12.0,2.18584912542e-05,2.17929611809e-12,10.7161582423,11.5962159201,5.50911508614,5.68188769951,C,3900
202338,Kevin,Seraphin,10.2,16,NY@MIL,NY,MIL,,,18.3,19.5,38,2.06812817036,1.3952398483,0.0153037709416,1.45989878786,1.60902438615,2.61582387332,0.401636453992,2.17550809551,4.22484825947,4.12330681828,1.26798046374e-05,8.97823900541,1.13758107676,9.38420739313,24.0,0.0063750501478,4.01679073965e-07,18.9744620691,20.28302865,10.3074530628,9.9309602818,PF,3900
201976,Patrick,Beverley,14.7,13,SAC@HOU,HOU,SAC,,,22.6,24.25,38,2.85106366485,0.58332397716,4.69649771834,0.826377101115,0.787536037842,2.37290133411,1.44217993365,1.50669581831,3.16043737196,3.50706494112,1.88418873111,8.68892462984,0.670655116425,9.56897372977,30.0,0.00130325580974,6.73193170113e-07,20.1824060767,22.0378271233,9.51951030323,10.5501484347,PG,3900
201980,Danny,Green,16.7,20,BOS@SA,SA,BOS,,,9.8,10.5,38,2.10514405728,0.691008579713,5.00961582635,0.98306055207,0.638855222442,2.93834736509,0.842323417053,1.39983002533,3.57720258754,2.92475476576,1.61927446361,8.39956921992,0.825125006109,8.29390900123,29.0,0.0017396792404,1.20748664528e-07,17.4111021604,19.1021244153,9.14639398094,10.2339219403,SG,3800
204020,Tyler,Johnson,15.4,16,CLE@MIA,MIA,CLE,,,30.0,32.25,38,2.44764195864,0.546809041744,2.41975559652,2.87071448605,1.03770802651,1.90407728663,1.22594786789,1.51325617195,2.94178531314,4.33936163656,1.07016300531,8.72549366011,2.17508486429,11.9239711427,30.0,0.00087980539602,1.66480271519e-07,21.1578341038,22.5979531656,9.3002358975,9.37351909223,PG,3800
203463,Ben,McLemore,12.3,20,SAC@HOU,SAC,HOU,,,39.8,42.25,38,2.41608151047,0.284236567698,5.15714548613,2.8528063243,0.820668635813,2.81331915541,1.68204562835,2.75504133789,3.63398779122,5.79396972985,2.00684186729,13.2738413393,2.31735011043,15.9121314374,42.0,0.00407234493138,8.66609646476e-07,25.0745621068,27.6433142162,12.916237606,13.6675133846,SG,3800
201977,Marcus,Thornton,17.4,18,SAC@HOU,HOU,SAC,,,8.4,9.0,38,0.297249349276,0.0225856861739,1.07819647057,0.202632773518,0.202797385104,0.38102084332,0.193169030268,0.169186478586,0.583818228424,0.943791795158,0.376994799757,2.30451100718,0.164431840375,2.42901023045,5.0,1.53117411485e-11,1.75773125935e-23,3.83778908277,4.14007063338,3.35581227906,3.50526550494,SG,3800
201988,Patrick,Mills,15.2,20,BOS@SA,SA,BOS,,,16.8,17.5,38,2.62499566851,0.105916695736,5.11771597256,0.461741202587,0.398049679323,1.72091289829,1.26743374354,1.19867035036,2.11896257762,4.15224732235,1.91966050226,9.66908624632,0.358377895922,10.5825330429,26.0,0.000300596531934,1.91563394931e-08,18.610812167,20.2763766744,10.3704097854,11.3724274743,PG,3800
1626159,Justise,Winslow,15.6,17,CLE@MIA,MIA,CLE,,,3.2,3.75,38,1.008202294,0.128363495453,1.0379505266,1.15910110008,0.611079634442,2.57444338023,0.436399628226,1.01470513643,3.18552301467,1.62623270772,0.258766712959,3.78894040333,0.733556607539,4.24478873594,18.0,0.000146771029311,1.76208367453e-11,9.69454090547,10.4907731375,4.63772803407,4.50172884255,SF,3800
202344,Trevor,Booker,14.3,16,IND@UTA,UTA,IND,GTD,Illness,27.8,31.5,38,1.01079653155,0.731856339208,0.763306137524,1.25261180972,2.45198691882,3.38974357693,0.963194856815,1.16323907312,5.84173049575,2.4546992262,0.169023469874,6.28357961859,0.882823157872,5.96124508015,23.0,0.0157016472235,3.27031587676e-09,16.7143797913,17.6961500682,6.85169546733,6.63806606049,PF,3800
2405,Amar'e,Stoudemire,8.7,2,CLE@MIA,MIA,CLE,O,Illness,0.0,0.0,38,0.0,0.0,0.0,0.0,0.0,0.0,0.0,0.0,0.0,0.0,0.0,0.0,0.0,0.0,0.0,,,0.0,,0.765011587943,,PF,3800
1889,Andre,Miller,13.0,9,POR@MIN,MIN,POR,,,0.0,0.0,38,0.0,0.0,0.0,0.0,0.0,0.0,0.0,0.0,0.0,0.0,0.0,0.0,0.0,0.0,0.0,,,0.0,,0.931302506677,,PG,3800
201177,Josh,McRoberts,10.0,17,CLE@MIA,MIA,CLE,,,14.8,15.5,38,2.28631367086,0.221663891827,1.42628392143,1.04049105714,0.786207903603,1.73228071312,0.619862134266,1.09197275743,2.51848861672,1.55042401965,0.381514412039,3.56998871499,0.737111207053,4.21947365839,19.0,3.81942068984e-05,3.56949630493e-09,11.2622097995,12.1249351171,4.52337424823,4.51884692014,PF,3700
708,Kevin,Garnett,13.5,16,POR@MIN,MIN,POR,,,11.4,12.0,38,1.53231102803,0.342230296841,0.0424898309777,0.654917635524,0.567543203342,3.1916769004,0.756337246863,0.671682906564,3.75922010374,1.76250659627,0.00573706548709,3.88211690186,0.417748999365,3.94849925738,16.0,0.000320884861434,1.58179147226e-09,12.2834821048,12.810634428,5.13024520341,4.80849456896,PF,3700
203932,Aaron,Gordon,17.8,19,ORL@LAC,ORL,LAC,,,20.9,21.75,38,1.24425233147,1.02706360564,1.55211587461,2.23753782494,1.80139888172,2.72650103071,0.672484397533,1.00600703972,4.52789991244,2.97911559026,0.415885996628,6.48105598921,1.52163885998,7.89575603713,21.0,0.0071863624603,6.7557967014e-09,17.5887033959,18.5368244736,7.15978393282,6.98745596476,PF,3700
2550,Kirk,Hinrich,13.6,7,CHA@CHI,CHI,CHA,GTD,Hip,11.6,12.25,38,1.4742772411,0.0668767274428,1.45179726094,0.742062674657,0.138072573128,0.4969784547,0.486839184093,0.612506175424,0.635051027828,1.65685889905,0.673294961851,3.76129954282,0.624895471867,4.61190823182,14.0,4.33478806932e-07,7.73522119577e-16,8.08031097451,8.75496474476,4.77553973885,4.99947493417,SG,3700
2549,Chris,Kaman,7.5,3,POR@MIN,POR,MIN,O,Ankle,0.0,0.0,38,0.0,0.0,0.0,0.0,0.0,0.0,0.0,0.0,0.0,0.0,0.0,0.0,0.0,0.0,0.0,,,0.0,,0.808058892286,,C,3700
201564,O.J.,Mayo,16.8,9,NY@MIL,MIL,NY,,,29.1,30.25,38,3.70154384438,0.137262026481,5.69757494286,1.76543690812,0.468116423797,2.76539678832,1.29657346919,2.00960097062,3.23351321212,5.04077789209,1.71581192907,12.1969482629,1.42766619179,13.225033905,35.0,0.0054050805126,7.38208325436e-06,23.5156355469,25.5481474243,11.9060954927,12.7558533827,SG,3700
201147,Corey,Brewer,13.1,20,SAC@HOU,HOU,SAC,,,10.6,12.25,38,0.880921647427,0.0965479595105,1.65015808367,1.37943928277,0.344102576995,0.988254643532,0.619505991523,0.620061638118,1.33235722053,1.5752871938,0.382168958716,4.56170417221,1.04763454012,4.58037788642,13.0,1.61494151117e-07,5.71284075404e-15,8.31263528615,8.88036868783,4.9692495285,5.05286775041,SF,3700
203148,Brian,Roberts,6.1,8,CHA@CHI,CHA,CHI,,,0.0,0.0,38,0.0,0.0,0.0,0.0,0.0,0.0,0.0,0.0,0.0,0.0,0.0,0.0,0.0,0.0,0.0,,,0.0,,0.7221426866,,PG,3700
201158,Marco,Belinelli,16.8,20,SAC@HOU,SAC,HOU,,,8.6,9.25,38,1.31144727567,0.0304209850363,2.8420301891,1.57869206328,0.131071266056,0.724032682276,0.346741321826,0.909722651578,0.855103948332,2.22737873131,0.996592114007,5.64176825773,1.3414344088,6.79278398543,16.0,3.90882654967e-07,1.01642843837e-14,9.63068159908,10.6265947656,6.51194885595,7.03002757414,SG,3700
101123,Gerald,Green,13.8,11,CLE@MIA,MIA,CLE,,,20.1,21.25,38,1.05345266774,0.319406163489,5.7972960019,2.36280134428,0.505029467585,1.82882111371,0.393985109202,1.37054538907,2.3338505813,4.47552477932,1.82043994263,11.7898441011,1.93537048482,12.7068599861,26.0,0.000125039532561,2.23265384364e-11,17.1438968416,18.8562695959,11.6385966159,12.6557654312,SG,3600
1626161,Willie,Cauley-Stein,14.2,20,SAC@HOU,SAC,HOU,O,Finger,0.0,0.0,38,0.0,0.0,0.0,0.0,0.0,0.0,0.0,0.0,0.0,0.0,0.0,0.0,0.0,0.0,0.0,,,0.0,,0.90441941562,,C,3600
1626163,Frank,Kaminsky,10.4,17,CHA@CHI,CHA,CHI,,,5.6,5.75,38,0.710283548596,0.308168191457,1.16325293486,0.588144874803,0.381105754024,1.28368151112,0.287062493854,0.358909682013,1.66478726514,1.40480764743,0.443851924673,3.32053339691,0.419749531963,3.6732167515,11.0,6.4273684674e-07,3.04055466036e-15,7.56793848117,8.05255961188,4.25742536268,4.3460081319,PF,3600
201973,Jonas,Jerebko,8.6,19,BOS@SA,BOS,SA,,,8.8,9.5,38,0.721252745365,0.178651642715,0.780893847989,0.651288949913,0.820606532632,1.30448281346,0.297589741277,0.571612769331,2.12508934609,1.10557700569,0.253134933339,2.8023835018,0.561585521535,3.02587446625,11.0,2.38109538244e-06,1.30014332693e-14,7.03873079826,7.55736268854,3.68472590774,3.65799219849,PF,3600
201228,C.J.,Watson,13.1,8,ORL@LAC,ORL,LAC,O,Calf,0.0,0.0,38,0.0,0.0,0.0,0.0,0.0,0.0,0.0,0.0,0.0,0.0,0.0,0.0,0.0,0.0,0.0,,,0.0,,0.825825484982,,PG,3600
203459,Allen,Crabbe,13.5,20,POR@MIN,POR,MIN,,,16.1,16.75,38,1.11392924319,0.195790756424,2.69453423804,0.794789133795,0.210249210782,1.37135888268,0.585791031857,0.782546670622,1.58160809347,3.19220816475,1.13092969374,6.77344887904,0.674367955209,8.18971397844,23.0,2.93730421985e-06,8.32967482003e-13,12.5391544613,13.5749774541,7.50161646105,7.84302744686,SG,3600
201946,Tyler,Hansbrough,7.7,6,CHA@CHI,CHA,CHI,,,2.0,2.0,38,0.0903513329754,0.0783361697547,0.0286658032895,0.456141666549,0.323378432977,0.309356103521,0.111455270596,0.0849998929371,0.632734536497,0.3182615602,0.016012512593,0.585739149572,0.323562391895,0.976098024888,3.0,3.14449871638e-13,2.67598546367e-29,2.16548945591,2.2476323855,1.82710120216,1.65518108837,PF,3600
202349,Greivis,Vasquez,15.6,16,NY@MIL,MIL,NY,O,Ankle,0.0,0.0,38,0.0,0.0,0.0,0.0,0.0,0.0,0.0,0.0,0.0,0.0,0.0,0.0,0.0,0.0,0.0,,,0.0,,0.829123378637,,PG,3600
2561,David,West,12.2,20,BOS@SA,SA,BOS,,,19.7,20.5,38,1.5177451111,0.38616389648,0.107284656594,0.968478560805,0.708356584385,2.05666340653,0.413691104427,1.00190074204,2.76501999092,2.2250705925,0.0391863101484,4.39963753912,0.687093111647,5.17642060679,14.0,8.5838477307e-05,3.8644065652e-10,11.3688715223,12.0277948068,5.80514611754,5.41791563966,PF,3600
202389,Timofey,Mozgov,13.9,16,CLE@MIA,CLE,MIA,,,15.8,16.5,38,0.463596073403,0.878239891545,0.20377573716,2.3750166668,1.64546412562,2.79887419111,0.470705432406,1.43513102778,4.44433831672,3.01400305795,0.0519634274502,5.90814040393,1.84746281564,7.92743235899,21.0,0.00645238788641,2.20205533756e-10,15.2187920693,16.1942347952,7.38460506788,6.96876959187,C,3600
201150,Spencer,Hawes,12.5,17,CHA@CHI,CHA,CHI,,,26.4,29.25,38,2.40662196771,0.536624998996,2.68946980587,1.47660537675,0.859372683042,2.9156089965,0.349992178,1.3451426497,3.77498167954,2.99804032803,0.900613782495,7.22208580606,1.08124518332,7.97793962188,23.0,0.00238348192877,4.73188781438e-07,16.5459422932,17.8611462357,7.58292897169,7.85895132878,C,3600
204060,Joe,Ingles,7.4,17,IND@UTA,UTA,IND,,,0.0,0.0,38,0.244583006734,0.0158432532379,0.38751456223,0.0472762508626,0.0249882171932,0.235473572536,0.107905619308,0.159825183756,0.260461789729,0.306407139984,0.163822911889,0.661801608446,0.038901303968,0.815538495825,3.0,4.1892748605e-16,4.59797369751e-29,1.58263971494,1.75748685225,1.8199207613,1.9073103119,SF,3500
203948,Johnny,O'Bryant,8.9,18,NY@MIL,MIL,NY,,,12.0,13.75,38,1.1443093627,0.284107436486,0.0334475716782,1.63559984051,1.48726212957,2.50121117842,0.357655656226,1.10589130996,3.98847330799,2.33475552888,0.00921176374655,5.48553138149,1.05663781726,5.73536063877,22.0,0.00149392299587,5.62672015717e-10,12.4156275279,13.1748436163,6.68220932696,6.37986513938,C,3500
2592,James,Jones,5.5,19,CLE@MIA,CLE,MIA,,,11.9,13.0,38,0.569903869241,0.214487790369,3.47307338959,0.869317333612,0.224637327759,0.639989160702,0.311020192134,0.313398013684,0.864626488461,1.54650532901,1.34973683815,4.18472957076,0.67977598968,5.12252348585,14.0,5.54998161325e-09,3.24092653075e-18,7.75254902719,8.62734778585,6.36496412922,7.34757725029,SF,3500
203963,Shayne,Whittington,-2.0,1,IND@UTA,IND,UTA,,,0.0,0.0,38,0.0,0.0,0.0,0.0,0.0,0.0,0.0,0.0,0.0,0.0,0.0,0.0,0.0,0.0,0.0,,,0.0,,0.827925034471,,C,3500
1626209,Mario,Hezonja,5.6,18,ORL@LAC,ORL,LAC,,,0.0,0.0,38,0.0,0.0,0.0,0.0,0.0,0.0,0.0,0.0,0.0,0.0,0.0,0.0,0.0,0.0,0.0,,,0.0,,0.707636943271,,SF,3500
2406,Caron,Butler,5.2,8,SAC@HOU,SAC,HOU,,,0.0,0.0,38,0.0,0.0,0.0,0.0,0.0,0.0,0.0,0.0,0.0,0.0,0.0,0.0,0.0,0.0,0.0,,,0.0,,0.601990466697,,SF,3500
203473,Dewayne,Dedmon,13.1,14,ORL@LAC,ORL,LAC,,,0.0,0.0,38,0.0,0.0,0.0,0.0,0.0,0.0,0.0,0.0,0.0,0.0,0.0,0.0,0.0,0.0,0.0,,,0.0,,0.942412416794,,C,3500
203940,Adreian,Payne,8.3,12,POR@MIN,MIN,POR,,,8.0,8.25,38,0.490710386491,0.143825120885,0.443512888435,0.577036678187,0.650310717808,1.50160462544,0.29656352306,0.828118009287,2.15191534325,1.46313325635,0.185607480915,3.30866831081,0.41836826303,3.53024225664,11.0,4.16513106808e-06,5.99932006773e-16,6.90126552688,7.51573028684,4.32494023097,4.14160685246,PF,3500
204014,Damjan,Rudez,3.9,8,POR@MIN,MIN,POR,,,0.0,0.0,38,0.0,0.0,0.0,0.0,0.0,0.0,0.0,0.0,0.0,0.0,0.0,0.0,0.0,0.0,0.0,,,0.0,,0.546496040019,,SF,3500
203925,Joe,Harris,1.7,5,CLE@MIA,CLE,MIA,,,0.0,0.0,38,0.0,0.0,0.0,0.0,0.0,0.0,0.0,0.0,0.0,0.0,0.0,0.0,0.0,0.0,0.0,,,0.0,,0.60401784843,,SG,3500
201601,Luc Richard,Mbah a Moute,4.3,17,ORL@LAC,LAC,ORL,,,-1.0,-0.5,38,0.427367414235,0.211197806646,0.835269008412,0.642364597228,0.659575722894,0.623359806348,0.389608066488,0.373799413688,1.28293552924,1.15529905809,0.286765817523,2.81082623114,0.404377236259,3.00174116995,11.0,3.40216459383e-08,1.82465343793e-18,6.01012725898,6.40455670208,3.72188158878,3.70904635007,SF,3500
1626167,Myles,Turner,11.5,8,IND@UTA,IND,UTA,O,Finger,0.0,0.0,38,0.0,0.0,0.0,0.0,0.0,0.0,0.0,0.0,0.0,0.0,0.0,0.0,0.0,0.0,0.0,,,0.0,,0.811034325937,,PF,3500
203503,Tony,Snell,12.0,16,CHA@CHI,CHI,CHA,,,1.5,1.5,38,0.581713142492,0.151321828316,1.66870076926,0.342346963019,0.132026908482,1.22527293367,0.185726934981,0.444354658202,1.35729984216,1.15749467565,0.724091784548,3.15566090964,0.310801776364,3.34988291222,12.0,1.03748426675e-07,7.48140111656e-17,6.08095530493,6.73304367404,4.18090608269,4.64079846295,SG,3500
1626173,Rashad,Vaughn,4.4,13,NY@MIL,MIL,NY,,,0.0,0.0,38,0.121644522916,0.0980759284364,0.68649664111,0.147871642227,0.124680834404,0.378094275172,0.118871563351,0.234790888491,0.502775109576,0.547217126399,0.217084309925,1.44241197278,0.114485080311,1.42600364303,4.0,6.6424394325e-13,2.22624025069e-28,2.41090465398,2.66198100867,2.44412832125,2.5308346766,SG,3500
203946,Cameron,Bairstow,2.8,2,CHA@CHI,CHI,CHA,,,0.0,0.0,38,0.0,0.0,0.0,0.0,0.0,0.0,0.0,0.0,0.0,0.0,0.0,0.0,0.0,0.0,0.0,,,0.0,,0.764119583146,,PF,3500
203090,Maurice,Harkless,13.5,20,POR@MIN,POR,MIN,,,4.6,4.75,38,0.489855200176,0.184777835333,0.882614613727,0.738832767197,0.672244808547,1.09462208313,0.336055547643,0.567074072714,1.76686689168,1.11804777465,0.25804566846,2.50277438211,0.429872234178,2.92401345194,10.0,4.83519845387e-07,6.97750018871e-17,6.25362921546,6.75453315591,3.58416636097,3.51593567043,SF,3500
1626251,Duje,Dukan,0.0,0,SAC@HOU,SAC,HOU,,,0.0,0.0,38,0.0,0.0,0.0,0.0,0.0,0.0,0.0,0.0,0.0,0.0,0.0,0.0,0.0,0.0,0.0,,,0.0,,0.845620626624,,PF,3500
203950,Jarnell,Stokes,1.2,2,CLE@MIA,MIA,CLE,,,0.0,0.0,38,0.0,0.0,0.0,0.0,0.0,0.0,0.0,0.0,0.0,0.0,0.0,0.0,0.0,0.0,0.0,,,0.0,,0.875565325727,,PF,3500
1626176,Rakeem,Christmas,0.0,0,IND@UTA,IND,UTA,,,0.0,0.0,38,0.0,0.0,0.0,0.0,0.0,0.0,0.0,0.0,0.0,0.0,0.0,0.0,0.0,0.0,0.0,,,0.0,,0.845620626624,,PF,3500
203481,Jeff,Withey,7.3,9,IND@UTA,UTA,IND,,,4.4,5.5,38,0.307361188908,0.746024620974,0.00959478587756,1.24642633524,0.801915784293,0.897698679838,0.236175031022,0.41441905077,1.69961446413,1.02313721722,0.00237300181147,2.00282767357,0.801772332027,2.85041976827,9.0,1.97926676218e-07,1.48053139071e-15,6.90097916181,7.1943562082,3.48652393113,3.17194294985,C,3500
1626146,Cliff,Alexander,3.7,6,POR@MIN,POR,MIN,,,0.0,0.0,38,0.0,0.0,0.0,0.0,0.0,0.0,0.0,0.0,0.0,0.0,0.0,0.0,0.0,0.0,0.0,,,0.0,,0.831707378728,,PF,3500
1626196,Josh,Richardson,3.7,7,CLE@MIA,MIA,CLE,,,0.2,0.75,38,0.432736507823,0.0675692477391,0.689572324296,0.552891818575,0.200638457132,0.896610068446,0.216120969376,0.408434905696,1.09724852558,0.691399599814,0.252676522796,1.64599254816,0.374718803433,2.01019452586,8.0,2.4219265423e-09,1.03873887898e-19,4.13494304682,4.52036119098,2.77301490601,2.83603707792,SG,3500
203469,Cody,Zeller,15.2,16,CHA@CHI,CHA,CHI,,,33.6,34.0,38,1.46528693517,0.874722373572,0.555068433077,4.72418471761,2.25320264905,4.32160816489,0.964863857301,1.22945426142,6.57481081394,3.72339508494,0.0076541528258,8.02835395357,3.36766465671,10.8221089794,32.0,0.0887638910028,3.06931469881e-07,23.3595305592,24.4399720643,9.3172396411,8.92400602431,PF,3500
201978,Chase,Budinger,10.0,18,IND@UTA,IND,UTA,,,8.2,9.0,38,0.896645011499,0.191010870508,1.71292112411,0.813762662886,0.409148435659,1.20164449093,0.417296315488,0.593557397581,1.61079292659,1.66855806545,0.679372825329,3.96468722144,0.60415908711,4.62064804334,15.0,9.41245754854e-07,3.84905780393e-14,8.5216240469,9.23863021655,4.93418320709,5.2039860511,SF,3500
203584,Troy,Daniels,3.2,6,CHA@CHI,CHA,CHI,,,0.0,0.0,38,0.0,0.0,0.0,0.0,0.0,0.0,0.0,0.0,0.0,0.0,0.0,0.0,0.0,0.0,0.0,,,0.0,,0.596548666228,,SG,3500
1718,Paul,Pierce,10.5,18,ORL@LAC,LAC,ORL,,,1.2,2.25,38,0.543038284554,0.0875681836016,1.4791458661,0.662886066756,0.132922444949,0.928076285753,0.226747936127,0.365500310749,1.0609987307,0.897771105997,0.430925465054,2.48574725826,0.542924788115,2.76939246516,9.0,5.48298397183e-09,2.05517946295e-18,5.12028029755,5.57154313021,3.57476285962,3.84257711729,SF,3500
203187,Chris,Johnson,2.9,13,IND@UTA,UTA,IND,,,1.5,1.5,38,0.227501259405,0.0948635788023,1.00735792239,0.249414143243,0.140907690987,0.279470193746,0.225208478344,0.197241162992,0.420377884733,0.651501082848,0.327569052428,1.72811070186,0.182604309947,1.81317552807,6.0,2.93685402365e-13,4.6418040524e-26,3.10178383016,3.3852078321,2.82342534416,3.02681582277,SG,3500
2564,Boris,Diaw,13.3,20,BOS@SA,SA,BOS,,,23.6,25.25,38,3.38127770379,0.312796185675,1.41834001834,1.15392529912,1.09829738366,2.58674693933,0.450967965628,1.54504149029,3.685044323,3.37380857371,0.557114219837,7.04647386769,0.760034141821,8.06476550908,25.0,0.00310019331126,5.19196841124e-06,17.5412220647,18.7812180018,7.72486307118,7.57519253361,PF,3500
201945,Gerald,Henderson,9.8,12,POR@MIN,POR,MIN,,,12.6,14.25,38,0.958043867119,0.121626560207,1.48738432198,1.96584045531,0.164774247835,1.40175611273,0.405060130528,0.883962347615,1.56653036057,2.6448297494,0.526790280144,6.40407765699,1.46921502786,7.28566480681,17.0,2.07814586693e-06,1.5474559864e-13,10.771978074,11.5556840232,6.91101704815,6.88777473654,SG,3500
203906,Roy Devyn,Marble,0.8,5,ORL@LAC,ORL,LAC,,,0.0,0.0,38,0.0,0.0,0.0,0.0,0.0,0.0,0.0,0.0,0.0,0.0,0.0,0.0,0.0,0.0,0.0,,,0.0,,0.725356439718,,SG,3500
1891,Jason,Terry,9.0,16,SAC@HOU,HOU,SAC,,,8.0,10.0,38,1.37342007453,0.231515521978,3.60383267885,0.482053444562,0.140827003835,0.583191579132,0.742683512783,0.989469017535,0.724018582967,2.05235704234,1.35456709956,4.85153213786,0.402679164517,5.86196034876,18.0,4.51317362456e-07,5.76331233062e-15,9.7498418121,10.9580614768,6.81431335677,7.69038109353,PG,3500
1626145,Tyus,Jones,2.9,2,POR@MIN,MIN,POR,,,0.0,0.0,38,0.0,0.0,0.0,0.0,0.0,0.0,0.0,0.0,0.0,0.0,0.0,0.0,0.0,0.0,0.0,,,0.0,,0.807685603354,,PG,3500
2760,Anderson,Varejao,6.0,16,CLE@MIA,CLE,MIA,,,9.2,9.5,38,0.738310074585,0.238786508891,0.0694801062637,0.966023096396,1.22187298272,2.16130286871,0.383091223443,0.718583199915,3.38317585144,1.9693458294,2.98909325473e-07,3.80864424462,0.677116166929,4.61580812464,14.0,0.000258255923395,1.75742060842e-12,10.308256523,10.8370944489,5.24749222912,4.83518344077,C,3500
203909,K.J.,McDaniels,3.3,7,SAC@HOU,HOU,SAC,,,0.0,0.0,38,0.0,0.0,0.0,0.0,0.0,0.0,0.0,0.0,0.0,0.0,0.0,0.0,0.0,0.0,0.0,,,0.0,,0.831913088801,,SF,3500
202332,Cole,Aldrich,1.8,5,ORL@LAC,LAC,ORL,,,0.0,0.0,38,0.0,0.0,0.0,0.0,0.0,0.0,0.0,0.0,0.0,0.0,0.0,0.0,0.0,0.0,0.0,,,0.0,,0.941299552813,,C,3500
202734,E'Twaun,Moore,9.5,16,CHA@CHI,CHI,CHA,,,10.7,11.25,38,0.85654467468,0.114493023257,0.909344846331,0.516537549918,0.177775121516,0.768652326485,0.455843621557,0.461301532142,0.946427448,1.56338017744,0.344436848886,3.52594514255,0.276983827344,3.74818103112,13.0,6.26098819982e-09,1.2093080341e-16,6.84808273822,7.29827331053,4.42948205168,4.36841226919,PG,3500
202353,Tibor,Pleiss,1.6,4,IND@UTA,UTA,IND,,,0.0,0.0,38,0.0,0.0,0.0,0.0,0.0,0.0,0.0,0.0,0.0,0.0,0.0,0.0,0.0,0.0,0.0,,,0.0,,0.810870479905,,C,3500
202730,Lavoy,Allen,14.0,17,IND@UTA,IND,UTA,,,12.1,13.0,38,1.4108530551,0.65359483126,0.0108220312444,0.864173344706,2.29281219398,3.66947616738,0.318496580658,1.06815455417,5.96228836136,2.58187722628,0.00167252722389,6.00225800877,0.51637599678,5.68180297656,23.0,0.0146605961864,3.5295543227e-08,15.8288568625,16.6838758214,7.17008631578,6.85568396431,PF,3500
203961,Eric,Moreland,3.8,5,SAC@HOU,SAC,HOU,,,0.0,0.0,38,0.0,0.0,0.0,0.0,0.0,0.0,0.0,0.0,0.0,0.0,0.0,0.0,0.0,0.0,0.0,,,0.0,,0.896303921283,,PF,3500
1626175,Jordan,Mickey,6.1,2,BOS@SA,BOS,SA,,,0.0,0.0,38,0.0,0.0,0.0,0.0,0.0,0.0,0.0,0.0,0.0,0.0,0.0,0.0,0.0,0.0,0.0,,,0.0,,0.940961584844,,PF,3500
202341,James,Anderson,4.5,12,SAC@HOU,SAC,HOU,,,0.0,0.0,38,0.0,0.0,0.0,0.0,0.0,0.0,0.0,0.0,0.0,0.0,0.0,0.0,0.0,0.0,0.0,,,0.0,,0.685948279597,,SG,3500
203099,Jared,Cunningham,6.0,16,CLE@MIA,CLE,MIA,,,14.5,16.0,38,2.57165363948,0.214903376502,3.41951045055,4.4090943239,0.418299320205,1.8042937215,1.13887135728,1.83005830843,2.2225930417,3.78909651914,1.0841674189,9.98660047686,3.05717099419,11.7195314514,32.0,0.00033234420981,2.77280955247e-08,19.1216147197,20.690355835,9.86437345525,10.225845002,SG,3500
2365,Chris,Andersen,3.8,3,CLE@MIA,MIA,CLE,,,0.0,0.0,38,0.0,0.0,0.0,0.0,0.0,0.0,0.0,0.0,0.0,0.0,0.0,0.0,0.0,0.0,0.0,,,0.0,,0.800648230412,,C,3500
2419,Tayshaun,Prince,7.2,18,POR@MIN,MIN,POR,,,2.4,2.5,38,0.551508779308,0.0855395630988,0.281885588158,0.407917212165,0.305474511621,0.855507749763,0.208125976914,0.24512748289,1.16098226138,0.964522717214,0.0992934819884,2.30233326446,0.255011690186,2.2833506066,12.0,4.6844891941e-09,2.03582557339e-18,4.84599608636,5.0762556889,3.26389058753,3.09015361845,SF,3500
1626246,Boban,Marjanovic,3.7,10,BOS@SA,SA,BOS,,,0.0,0.0,38,0.0,0.0,0.0,0.0,0.0,0.0,0.0,0.0,0.0,0.0,0.0,0.0,0.0,0.0,0.0,,,0.0,,0.91356094661,,C,3500
203492,Ray,McCallum,2.2,10,BOS@SA,SA,BOS,,,0.0,0.0,38,0.0,0.0,0.0,0.0,0.0,0.0,0.0,0.0,0.0,0.0,0.0,0.0,0.0,0.0,0.0,,,0.0,,0.780659142819,,PG,3500
202498,Lance,Thomas,9.3,20,NY@MIL,NY,MIL,,,17.5,19.0,38,0.767851511348,0.087227356425,1.61321666466,2.1276616328,0.868847419172,1.30306393145,0.34912012878,1.08857103205,2.17191135063,3.25372437025,0.550511500403,7.39233809436,1.76557466785,8.82353490875,25.0,4.50937524481e-05,4.41643268761e-13,12.3657297349,13.2939342093,7.87796158589,7.78929487879,SF,3500
2756,Sasha,Vujacic,9.1,14,NY@MIL,NY,MIL,,,0.0,0.0,38,0.0,0.0,0.0,0.0,0.0,0.0,0.0,0.0,0.0,0.0,0.0,0.0,0.0,0.0,0.0,,,0.0,,0.759620793523,,SG,3500
2446,Rasual,Butler,6.4,17,BOS@SA,SA,BOS,,,0.0,0.0,38,0.0,0.0,0.0,0.0,0.0,0.0,0.0,0.0,0.0,0.0,0.0,0.0,0.0,0.0,0.0,,,0.0,,0.741283266828,,SF,3500
203101,Miles,Plumlee,4.1,15,NY@MIL,MIL,NY,,,0.0,0.0,38,0.0,0.0,0.0,0.0,0.0,0.0,0.0,0.0,0.0,0.0,0.0,0.0,0.0,0.0,0.0,,,0.0,,0.871655208342,,C,3500
204025,Tim,Frazier,2.2,10,POR@MIN,POR,MIN,,,0.0,0.0,38,0.0,0.0,0.0,0.0,0.0,0.0,0.0,0.0,0.0,0.0,0.0,0.0,0.0,0.0,0.0,,,0.0,,0.945956130832,,PG,3500
203124,Kyle,O'Quinn,12.3,17,NY@MIL,NY,MIL,,,0.0,0.0,38,0.0,0.0,0.0,0.0,0.0,0.0,0.0,0.0,0.0,0.0,0.0,0.0,0.0,0.0,0.0,,,0.0,,0.990582844363,,C,3500
101236,Chuck,Hayes,6.8,2,SAC@HOU,HOU,SAC,,,0.0,0.0,38,0.0,0.0,0.0,0.0,0.0,0.0,0.0,0.0,0.0,0.0,0.0,0.0,0.0,0.0,0.0,,,0.0,,0.809432383888,,C,3500
202407,Elijah,Millsap,3.9,8,IND@UTA,UTA,IND,,,7.7,8.25,38,0.758898674159,0.189786101672,0.923811588591,1.24749280966,0.347431459113,0.685025911087,0.595843933755,0.717470684025,1.0324573702,0.917232017033,0.288166458129,2.67398432106,0.859514218664,2.98214471086,11.0,4.53344660854e-09,4.1442153359e-17,6.21323095317,6.76767239956,3.5097021114,3.59277267006,SF,3500
202325,Wesley,Johnson,7.9,19,ORL@LAC,LAC,ORL,,,37.4,41.25,38,1.24813084628,0.736723246317,5.31948700025,1.48294852266,0.771294676615,2.89442639148,1.12816597459,1.12108016234,3.6657210681,4.83470406569,2.08931034118,10.2550248481,1.04663078428,12.8053492568,36.0,0.00350667742529,4.05207314151e-09,21.6851090875,23.4788504209,11.0747893161,12.0525279196,SF,3500
202682,Derrick,Williams,12.0,19,NY@MIL,NY,MIL,,,10.6,11.25,38,0.562676478531,0.139042375458,1.50910185617,2.55087996511,0.449164847251,1.23378443534,0.420428385029,0.557409735784,1.6829492826,2.12092751739,0.43155896397,5.05402386599,1.85539091642,6.52880491518,13.0,2.92831149098e-06,1.63589615446e-15,9.95389055728,10.5325267638,5.85068670213,5.8230396888,PF,3500
203085,Austin,Rivers,13.3,19,ORL@LAC,LAC,ORL,,,11.8,14.0,38,1.79376400435,0.239963526568,3.02538991898,2.29239785651,0.567387113804,1.31561124709,0.973654054254,1.19523993453,1.8829983609,3.77289460899,0.71144546829,9.11825815836,1.42670456715,9.68393925343,29.0,2.69952154199e-05,3.06827027862e-10,15.8661785201,16.9137116333,8.93550821824,9.01830522703,PG,3500
203552,Seth,Curry,6.5,10,SAC@HOU,SAC,HOU,,,0.0,0.0,38,0.0,0.0,0.0,0.0,0.0,0.0,0.0,0.0,0.0,0.0,0.0,0.0,0.0,0.0,0.0,,,0.0,,0.717427046286,,SG,3500
1626245,Cristiano,Felicio,1.8,2,CHA@CHI,CHI,CHA,,,0.0,0.0,38,0.0,0.0,0.0,0.0,0.0,0.0,0.0,0.0,0.0,0.0,0.0,0.0,0.0,0.0,0.0,,,0.0,,0.864548022858,,C,3500
1626242,Luis,Montero,1.6,2,POR@MIN,POR,MIN,,,0.0,0.0,38,0.0,0.0,0.0,0.0,0.0,0.0,0.0,0.0,0.0,0.0,0.0,0.0,0.0,0.0,0.0,,,0.0,,0.817576197931,,SF,3500
2617,Udonis,Haslem,5.5,5,CLE@MIA,MIA,CLE,,,6.5,7.25,38,0.936544757385,0.225664609943,0.312091109096,1.00949596497,1.11450954055,2.18453620031,0.504011358297,0.817263624657,3.29904574086,2.24118844645,0.115919554807,4.899175824,0.69206132107,5.29035776878,20.0,0.000338603265997,2.08023782083e-11,11.2961181057,11.9281698874,6.0047659607,5.70609291026,PF,3500
203894,Shabazz,Napier,8.9,18,ORL@LAC,ORL,LAC,,,5.0,5.0,38,1.63547524743,0.0482445878258,1.53239505274,0.773134205259,0.188248063876,0.538484692938,0.363243670334,0.808614281612,0.726732756814,1.2011222266,0.514470618842,3.2148259696,0.580441977255,3.4971570493,11.0,4.90750991767e-07,2.87758456359e-15,6.83681146333,7.53469128752,4.15826359055,4.41556027293,PG,3500
203524,Solomon,Hill,4.1,7,IND@UTA,IND,UTA,,,0.0,0.0,38,0.0,0.0,0.0,0.0,0.0,0.0,0.0,0.0,0.0,0.0,0.0,0.0,0.0,0.0,0.0,,,0.0,,0.714984926803,,SG,3500
203923,James,Young,1.5,4,BOS@SA,BOS,SA,,,0.0,0.0,38,0.0,0.0,0.0,0.0,0.0,0.0,0.0,0.0,0.0,0.0,0.0,0.0,0.0,0.0,0.0,,,0.0,,0.5988961723,,SF,3500
1626202,Joseph,Young,2.8,7,IND@UTA,IND,UTA,,,0.0,0.0,38,0.0,0.0,0.0,0.0,0.0,0.0,0.0,0.0,0.0,0.0,0.0,0.0,0.0,0.0,0.0,,,0.0,,0.797260116104,,SG,3500
1626151,Aaron,Harrison,2.2,2,CHA@CHI,CHA,CHI,,,0.0,0.0,38,0.0,0.0,0.0,0.0,0.0,0.0,0.0,0.0,0.0,0.0,0.0,0.0,0.0,0.0,0.0,,,0.0,,0.807563820465,,PG,3500
203943,Noah,Vonleh,7.0,20,POR@MIN,POR,MIN,,,9.1,10.25,38,0.344295434727,0.371684905513,0.638780478649,0.931118523698,1.03055561264,2.17186252022,0.238608737743,0.790654364626,3.20241813285,1.48622039995,0.170517502709,3.62882588438,0.671971481903,3.81492978451,15.0,0.000105964102804,1.56264605093e-15,8.60420761791,9.24507340437,4.47931548762,4.30685821585,PF,3500
203613,Jonathon,Simmons,7.7,7,BOS@SA,SA,BOS,,,0.0,0.0,38,0.0,0.0,0.0,0.0,0.0,0.0,0.0,0.0,0.0,0.0,0.0,0.0,0.0,0.0,0.0,,,0.0,,0.797547901939,,SG,3500
203922,Glenn,Robinson III,8.4,12,IND@UTA,IND,UTA,,,0.0,0.0,38,0.0,0.0,0.0,0.0,0.0,0.0,0.0,0.0,0.0,0.0,0.0,0.0,0.0,0.0,0.0,,,0.0,,0.682376107433,,SF,3500
1626149,Montrezl,Harrell,7.0,15,SAC@HOU,HOU,SAC,,,0.0,0.0,38,0.0,0.0,0.0,0.0,0.0,0.0,0.0,0.0,0.0,0.0,0.0,0.0,0.0,0.0,0.0,,,0.0,,0.788116082673,,PF,3500
1626179,Terry,Rozier,3.3,13,BOS@SA,BOS,SA,,,0.0,0.0,38,0.0,0.0,0.0,0.0,0.0,0.0,0.0,0.0,0.0,0.0,0.0,0.0,0.0,0.0,0.0,,,0.0,,0.774793411507,,PG,3500
1626171,Bobby,Portis,7.0,3,CHA@CHI,CHI,CHA,,,0.0,0.0,38,0.0,0.0,0.0,0.0,0.0,0.0,0.0,0.0,0.0,0.0,0.0,0.0,0.0,0.0,0.0,,,0.0,,0.834058311717,,PF,3500
203926,Doug,McDermott,12.6,16,CHA@CHI,CHI,CHA,,,13.7,16.25,38,1.01531564728,0.122044140656,4.83342602559,1.05988172754,0.609225151332,1.99085905575,0.376612023015,1.30602625891,2.60008420708,5.17000503684,2.04957647171,11.4854396038,0.812156477357,13.2017430228,33.0,0.000297101337751,3.80007892329e-11,17.5361036106,19.3443548384,11.5546837509,12.3628851649,SF,3500
203142,Chris,Copeland,4.1,15,NY@MIL,MIL,NY,,,0.0,0.0,38,0.0,0.0,0.0,0.0,0.0,0.0,0.0,0.0,0.0,0.0,0.0,0.0,0.0,0.0,0.0,,,0.0,,0.624420197812,,SF,3500
203092,Tyler,Zeller,7.3,13,BOS@SA,BOS,SA,,,4.2,4.75,38,0.354069400399,0.152706514891,0.000382027813893,0.883715639145,0.43534225886,0.673756323354,0.0827870409117,0.334268271369,1.10909858221,1.16270522987,3.5204036146e-05,2.18462512186,0.703440406091,3.02888606988,6.0,6.21459379903e-09,3.84626870539e-20,5.02762730937,5.2502339855,3.6495860298,3.29012183323,C,3500
203996,Damien,Inglis,4.3,5,NY@MIL,MIL,NY,,,0.0,0.0,38,0.0,0.0,0.0,0.0,0.0,0.0,0.0,0.0,0.0,0.0,0.0,0.0,0.0,0.0,0.0,,,0.0,,0.829738069957,,SF,3500
2757,Beno,Udrih,9.2,12,CLE@MIA,MIA,CLE,,,2.0,2.0,38,0.69613042049,0.0230131639884,0.277799037372,0.171736052304,0.0523564334066,0.161127776576,0.099913367553,0.293908133724,0.213484209983,0.617302855074,0.0863137832022,1.31879050001,0.151504050704,1.47242354405,4.0,9.64146599597e-12,4.30583866299e-25,2.72474515613,2.9255303251,2.45673399384,2.28862827319,PG,3500
203089,John,Henson,14.5,16,NY@MIL,MIL,NY,,,16.4,17.25,38,0.713684518871,1.42535588957,0.000638158533653,2.12526786249,1.78779358821,1.82306509373,0.345388753607,1.18502617552,3.61085868194,2.47322996503,8.93983655487e-05,4.45393823382,1.24465265372,6.19120198215,15.0,0.000941149027624,2.47824717148e-09,13.9512222896,14.7257347416,6.19044925227,5.72716948917,PF,3500
1626154,RJ,Hunter,5.7,13,BOS@SA,BOS,SA,,,9.5,10.5,38,0.567275426731,0.139441569211,2.59136657337,0.413332236235,0.199833173307,1.76612621058,0.489863128208,0.654383430302,1.96595938389,1.57037043687,0.696171784621,4.3576586318,0.320009797336,4.15692245569,14.0,3.93741979571e-06,2.79178865264e-15,7.97121282099,8.74479430378,5.23036531358,5.67086758924,SG,3500
201160,Jason,Smith,10.2,14,ORL@LAC,ORL,LAC,,,23.0,23.25,38,1.14672397363,0.966469551389,0.32918989945,1.59788530024,1.14101772377,2.44729954358,0.410092813218,1.14779189831,3.58831726735,3.51012685808,0.134253271464,7.25031805269,1.39593215935,8.55043914697,23.0,0.00185182435485,8.61979545763e-10,16.1818386591,17.0050548465,8.46824295462,8.10134855203,PF,3500
203112,Quincy,Acy,6.1,10,SAC@HOU,SAC,HOU,,,3.2,3.25,38,0.206720695887,0.0740809343307,0.160290773538,0.265276517206,0.254046761614,0.339355626903,0.0955361656802,0.166678492627,0.593402388517,0.41671588921,0.0592208563113,0.893967203213,0.18208785291,1.07474048764,4.0,5.77245837323e-13,1.87975016231e-26,2.26946010509,2.41207989898,1.99749240093,1.86869940718,PF,3500
203937,Kyle,Anderson,8.2,20,BOS@SA,SA,BOS,,,8.4,8.5,38,0.637799885338,0.24240575652,0.250214085649,0.523303777882,0.135627300355,0.956229245008,0.356432416844,0.293694011108,1.09185654536,0.715924252627,0.0861365691803,1.86970253795,0.341027992297,1.85901306673,8.0,1.20318888151e-09,2.06496380209e-18,5.02992308479,5.27443120401,2.83013554975,2.71018078716,SF,3500
203498,Shabazz,Muhammad,10.6,18,POR@MIN,MIN,POR,,,6.2,6.25,38,0.314300548303,0.0521630045454,0.832467455622,1.39793123097,0.550796378066,0.973187713329,0.135750235408,0.540462284928,1.5239840914,2.07600284045,0.257654360842,4.39185117025,1.03886081905,5.4485208608,11.0,8.00481714028e-07,1.56032356563e-18,7.5841167879,8.05937551608,5.39418926504,5.16530965145,SF,3500
203798,P.J.,Hairston,8.5,15,CHA@CHI,CHA,CHI,,,1.0,1.5,38,0.720048114436,0.312251350669,3.7284314661,0.87398223596,0.274480736902,1.69200320882,0.409036556235,0.524581718872,1.96648394572,1.85794611626,0.980382119826,5.76825135143,0.760827713195,5.45710206554,19.0,7.74447595895e-06,4.18270998311e-14,9.81494906699,10.6657668003,6.59026650355,7.33863908189,SF,3500
200811,Louis,Amundson,6.0,10,NY@MIL,NY,MIL,,,0.0,0.0,38,0.0,0.0,0.0,0.0,0.0,0.0,0.0,0.0,0.0,0.0,0.0,0.0,0.0,0.0,0.0,,,0.0,,0.892790036944,,PF,3500
101112,Channing,Frye,11.9,14,ORL@LAC,ORL,LAC,,,3.2,4.25,38,0.691593072661,0.32188671249,3.48593210277,0.401394873152,0.540362482542,1.78560542402,0.47703071472,0.633851071586,2.32596790656,1.98482345116,1.45164644979,4.83011273053,0.34065312477,5.76194647688,17.0,3.68678422306e-05,1.39964120304e-13,10.5544813566,11.7135838144,6.72501682451,7.66055398936,PF,3500
1626168,Trey,Lyles,4.7,15,IND@UTA,UTA,IND,,,11.5,11.75,38,0.740188986637,0.313118529212,0.953937874669,1.1670635624,1.52139600601,3.18347226278,0.425609413045,1.04553655869,4.70486826879,2.45859208635,0.220684907011,5.96380556271,0.727670733177,5.86553981289,20.0,0.00463334693503,3.24010137452e-11,13.0535845412,13.928888708,6.54796567153,6.33405743551,PF,3500
203143,Pablo,Prigioni,6.0,6,ORL@LAC,LAC,ORL,,,8.4,8.5,38,2.6435497531,0.0116772478589,2.70996645078,0.537963676158,0.537772568951,0.684418240968,1.24153717787,0.935312678304,1.22219080992,1.16041514699,0.744387100085,3.78236810731,0.481290513465,3.54650790752,19.0,2.93628523315e-05,4.27104563528e-11,10.5495776822,11.4505811563,4.94945741178,5.56750210347,PG,3500
1626192,Pat,Connaughton,0.9,6,POR@MIN,POR,MIN,,,0.0,0.0,38,0.0,0.0,0.0,0.0,0.0,0.0,0.0,0.0,0.0,0.0,0.0,0.0,0.0,0.0,0.0,,,0.0,,0.779796577363,,SG,3500
1626170,Jerian,Grant,12.4,20,NY@MIL,NY,MIL,,,12.6,13.75,38,2.93684406527,0.0931884916199,1.1779580798,2.29436826745,0.271365500446,2.14492593005,0.559064374686,1.41704913188,2.41629143049,2.33799832872,0.245687397327,5.68449325709,1.84505740249,6.76674145726,20.0,0.00033220250635,5.75889514899e-08,13.9590138725,14.9116951851,6.33344473334,6.14264715116,PG,3500
203921,Cleanthony,Early,2.1,7,NY@MIL,NY,MIL,,,0.0,0.0,38,0.0,0.0,0.0,0.0,0.0,0.0,0.0,0.0,0.0,0.0,0.0,0.0,0.0,0.0,0.0,,,0.0,,0.713899254544,,SF,3500
203898,Tyler,Ennis,7.3,9,NY@MIL,MIL,NY,O,Shoulder,0.0,0.0,38,0.0,0.0,0.0,0.0,0.0,0.0,0.0,0.0,0.0,0.0,0.0,0.0,0.0,0.0,0.0,,,0.0,,0.825984052599,,PG,3500
1626155,Sam,Dekker,1.1,3,SAC@HOU,HOU,SAC,O,Back,0.0,0.0,38,0.0,0.0,0.0,0.0,0.0,0.0,0.0,0.0,0.0,0.0,0.0,0.0,0.0,0.0,0.0,,,0.0,,0.824869165214,,SF,3500
203526,Raul,Neto,10.6,17,IND@UTA,UTA,IND,,,16.9,19.0,38,2.32023437577,0.0991787314617,1.97015835348,0.640034104071,0.29041199592,1.34558625398,0.884526890325,1.14200147809,1.6359982499,2.07905817388,0.693746271509,5.2485095142,0.452365217554,5.30422783683,18.0,2.84878814954e-05,2.34022682297e-10,11.5731870659,12.5729035857,5.81601779963,6.04819959257,PG,3500
201619,Sasha,Kaun,1.7,4,CLE@MIA,CLE,MIA,,,6.6,7.25,38,0.588759482088,0.237744830627,0.373202095767,0.779621357832,0.826760139787,0.889186968574,0.26960083903,0.50583831255,1.71594710836,0.838901503615,0.102783225919,1.9097173822,0.603597907076,2.38418414022,8.0,1.42190787575e-07,1.15039165438e-16,5.83531292015,6.22542125809,3.06402907896,2.89497123206,C,3500
2588,Matt,Bonner,2.6,6,BOS@SA,SA,BOS,,,0.0,0.0,38,0.0,0.0,0.0,0.0,0.0,0.0,0.0,0.0,0.0,0.0,0.0,0.0,0.0,0.0,0.0,,,0.0,,0.621661316954,,C,3500
2210,Richard,Jefferson,11.0,19,CLE@MIA,CLE,MIA,,,23.6,24.25,38,1.80558133449,0.395383020227,4.54727427131,3.01113627412,0.500405484088,1.84741093565,1.00089821739,1.4136047686,2.34781641973,4.21928712828,1.5308510214,9.90279246862,1.80405774887,11.7734830268,38.0,0.00013654290761,2.44531522084e-09,18.6781924389,20.2680159766,10.2240813378,10.9131240653,SF,3500
