NBA_ID,First Name,Last Name,FPPG,Played,Game,Team,Opp,Status,Injury Details,Actual_FD,Actual_DK,Actual_MIN,AST,BLK,FG3A,FTA,OREB,DREB,STL,TOV,REB,FGM,FG3M,FGA,FTM,PTS,MIN,DD,TD,FD,DK,FD_std,DK_std,fd_Pos,fd_Salary
201566,Russell,Westbrook,50.4,8,PHI@OKC,OKC,PHI,,,57.9,65.75,19,10.1811585361,0.145507453012,4.8277873237,6.93296646839,2.25302343768,4.69038616984,2.12629940529,4.83226364095,6.94340960752,9.4920317089,1.63320032226,21.2661794354,5.79296346674,26.4102272068,35.0,0.726518388573,0.0922641176981,49.7254066157,54.6718790136,19.7877584523,19.9978216736,PG,11200
203076,Anthony,Davis,43.4,7,NO@TOR,NO,TOR,O,Hip,0.0,0.0,19,0.0,0.0,0.0,0.0,0.0,0.0,0.0,0.0,0.0,0.0,0.0,0.0,0.0,0.0,0.0,,,0.0,,0.983840557563,,PF,10700
2544,LeBron,James,45.3,8,CLE@NY,CLE,NY,,,46.6,48.25,19,7.64427633733,0.623207048195,4.19493198172,8.82376347218,1.00359269852,3.65958260056,2.20924398989,3.73939323793,4.66317529908,10.6278856039,1.11508141598,21.2799164579,5.9306420109,28.3014946347,39.0,0.261099367762,0.00511000130658,47.2892283378,50.3566034853,20.307661982,20.1599228063,SF,10200
202326,DeMarcus,Cousins,39.9,5,BKN@SAC,SAC,BKN,,,58.1,61.75,19,2.83917052847,1.39748792172,2.33655159064,10.8095541433,3.35338396535,6.22000375161,1.01556538564,3.87737535261,9.57338771696,8.91136490134,1.00335247499,20.1244895484,8.27658006994,27.1026623476,34.0,0.477021445048,0.000350053351824,43.7982146628,47.4338302901,20.2365626058,20.0892383235,C,10200
201935,James,Harden,44.9,8,HOU@DEN,HOU,DEN,,,51.1,54.0,19,6.01505669394,0.827482765505,8.89138359141,11.0583482449,0.815984096524,4.09452735317,1.7947686907,4.46515090296,4.91051144969,8.05874076804,2.45741469162,20.0797323548,9.43792827319,28.0128245009,38.0,0.107199930392,0.00229829435191,43.7073752909,47.5818784393,18.6784213603,19.9299335739,SG,10000
2546,Carmelo,Anthony,37.1,9,CLE@NY,NY,CLE,,,39.0,41.75,19,3.61961711861,0.499985787829,5.316355132,5.93821910282,1.37063699721,4.48520241655,0.970872261731,2.15477810829,5.85583941376,8.61468993207,1.93473448613,20.7914196302,5.12435010188,24.2884644522,36.0,0.0781191663542,0.000308913844908,37.5318354174,39.9874891764,18.9613165121,19.3826894884,SF,9400
203081,Damian,Lillard,41.3,9,POR@MEM,POR,MEM,,,27.1,28.25,19,7.31251128558,0.226512297673,8.22123403597,5.09560899762,0.621723916938,2.28309757067,1.23850164637,3.38828717023,2.9048214876,8.72149541032,3.29630192397,19.6650457774,4.23483289211,24.9741256367,38.0,0.202258960869,0.000175121522935,38.9704190681,42.7618684954,18.6289285035,20.013246447,PG,9300
202331,Paul,George,40.9,9,MIN@IND,IND,MIN,,,46.8,49.75,19,4.28717156262,0.271686454902,6.9290216334,6.96831569252,1.68591414486,4.86090573944,1.79077970815,3.88691796789,6.5468198843,8.07539100964,2.65874275816,19.3425007681,5.92675707219,24.7362818496,39.0,0.138546805296,0.00159763849238,39.2612374129,43.0740218936,17.9368133642,18.9220439648,SF,9100
200794,Paul,Millsap,38.9,10,ATL@BOS,ATL,BOS,,,20.6,24.5,19,3.43780206872,0.933726850841,3.21110484001,4.95488737625,1.7438329559,5.37710883653,2.01925362526,2.3049132485,7.12094179244,5.53017992739,1.15540792787,11.6387718956,3.64370503969,15.8594728223,32.0,0.169329755189,0.000495983433345,33.16235378,35.5040440409,11.7772890847,11.8907264714,PF,8500
200768,Kyle,Lowry,38.1,9,NO@TOR,TOR,NO,,,42.7,46.0,19,6.77351453501,0.477507920817,5.77131020745,5.96091399343,0.740946914044,3.2468296129,2.23914826105,2.95035382785,3.98777652694,5.99884014014,2.21481008416,14.6361406811,4.98903125282,19.2015216173,35.0,0.150454050739,0.00115427070731,36.630083788,39.6411984586,14.1477495322,15.0580485615,PG,8500
2730,Dwight,Howard,38.6,5,HOU@DEN,HOU,DEN,GTD,Rest,23.5,28.5,19,1.28862579427,1.5576434601,0.024015397207,5.36978630605,3.53306680237,4.96650807137,0.631500082352,2.86298031268,8.49957487374,6.10018293186,0.0110149177792,9.9021802727,2.8956844345,15.107065216,28.0,0.313964551151,2.12220553891e-06,28.7548005281,31.0877300804,11.9488124357,11.3243727483,C,8400
201567,Kevin,Love,36.5,8,CLE@NY,CLE,NY,,,22.2,24.75,19,2.46034528959,0.509109628602,6.32704206587,3.65511619467,2.94410200106,6.34813446541,0.650940694935,2.04960190318,9.29223646647,5.75125831713,1.99170652425,14.0298870891,3.09069563001,16.5849187885,34.0,0.416186650631,0.000101847257198,31.6966192266,34.8064707813,13.5242039865,14.5133077023,PF,8000
2200,Pau,Gasol,32.9,8,CHA@CHI,CHI,CHA,,,41.1,44.25,19,2.16138635674,1.66410960758,0.388857007119,3.28358081432,1.96298700945,5.69045520206,0.529564148978,1.44275193973,7.65344221151,6.18243275738,0.0487121719215,12.6390788222,2.62600667266,15.0395843593,28.0,0.21760973856,2.12016255071e-05,30.4103901217,31.8652725008,13.8837939838,13.4560514263,PF,8000
201572,Brook,Lopez,34.0,8,BKN@SAC,BKN,SAC,,,35.5,39.0,19,1.31278501305,2.37926902646,0.211197809552,5.82705815618,3.2704030779,5.12409680305,0.331736918441,2.25317839421,8.39449988095,8.07293073064,0.00550647231715,16.1904413406,4.80692860553,20.9582965391,36.0,0.329697866741,6.24465149295e-05,36.1697074114,38.2135089784,17.7320525442,17.2810510328,C,8000
203506,Victor,Oladipo,31.8,9,UTA@ORL,ORL,UTA,O,Concussion,0.0,0.0,19,0.0,0.0,0.0,0.0,0.0,0.0,0.0,0.0,0.0,0.0,0.0,0.0,0.0,0.0,0.0,,,0.0,,0.876702792884,,SG,7900
202710,Jimmy,Butler,33.8,8,CHA@CHI,CHI,CHA,,,39.0,41.25,19,3.2796720065,0.795073668146,3.88701305862,7.44082141242,0.868369984503,4.03860796818,1.90702971135,1.70637836497,4.90697795268,6.52205537588,1.50785741813,14.5588125117,5.90933903971,20.4613072096,38.0,0.0301542940021,5.98831323001e-05,34.9670171566,36.8648950362,14.2996621845,14.5487013686,SG,7800
202324,Derrick,Favors,36.4,8,UTA@ORL,UTA,ORL,,,20.9,22.25,19,0.875831285205,1.04483256135,0.017732019416,2.83988451502,1.67430610566,3.17803560122,1.16355204858,0.954775726671,4.85234170688,3.87239397967,0.00290862839903,7.56056784603,1.88067105272,9.62836764046,19.0,0.0154608036012,9.83874883386e-09,20.2269181097,20.9715686075,9.21802039032,8.77890271239,PF,7800
201143,Al,Horford,34.8,10,ATL@BOS,ATL,BOS,,,38.2,39.0,19,3.17812520942,1.58797142999,2.49455372566,1.67293616506,2.21602260876,4.48104538795,0.780865270762,1.54605318636,6.69706799671,7.35096941414,0.849667869176,14.0126332395,1.43861256363,16.9902192611,32.0,0.132662648461,0.000220717124192,32.9855088864,34.7178789381,13.9289786454,13.6708414794,C,7700
202696,Nikola,Vucevic,32.3,6,UTA@ORL,ORL,UTA,,,36.3,37.75,19,2.03916336266,1.35495611856,0.0277357303053,2.06788630227,2.25937211037,4.27714425242,0.738607598138,1.73634998396,6.53651636278,7.00886572293,0.00922221870426,13.2898297432,1.65085896507,15.6778126296,29.0,0.114998036477,6.46045987759e-06,29.0311547584,30.403283114,14.8785412352,14.3817875267,C,7700
203497,Rudy,Gobert,31.8,7,UTA@ORL,UTA,ORL,O,Ankle,0.0,0.0,19,0.0,0.0,0.0,0.0,0.0,0.0,0.0,0.0,0.0,0.0,0.0,0.0,0.0,0.0,0.0,,,0.0,,1.05033541295,,C,7700
201952,Jeff,Teague,33.0,10,ATL@BOS,ATL,BOS,,,12.3,14.0,19,5.59826871149,0.489586483313,2.29167906276,3.90205172444,0.382642180201,1.45165509095,1.21810210619,2.33919534938,1.83429727116,4.72274457047,0.753132623756,10.8515495057,3.35704047909,13.5556622438,25.0,0.0495774898371,1.15799936422e-06,25.230403866,26.9426524249,10.9315107908,10.8808429583,PG,7600
200752,Rudy,Gay,29.5,9,BKN@SAC,SAC,BKN,GTD,Illness,0.0,0.0,19,0.0,0.0,0.0,0.0,0.0,0.0,0.0,0.0,0.0,0.0,0.0,0.0,0.0,0.0,0.0,,,0.0,,0.820486819033,,SF,7500
201942,DeMar,DeRozan,32.1,9,NO@TOR,TOR,NO,,,38.7,41.5,19,3.88836611711,0.264656838775,1.43238346632,8.66268619658,0.756507084658,2.73020101378,1.05682426717,2.27508725292,3.48670809844,6.49474577575,0.341459379976,15.3038135588,7.12345865248,20.4544095839,35.0,0.00979989112779,2.14089353254e-05,30.8388834367,32.3362562216,15.8310584326,15.5566714931,SG,7500
203457,Nerlens,Noel,30.1,6,PHI@OKC,PHI,OKC,,,29.2,33.25,19,1.64826248938,1.71143792126,0.00929946371681,3.05682820966,2.80061547691,5.18458004751,1.73167163203,2.7439989638,7.98519552442,4.74610573752,0.00256116191061,11.0900203573,1.97038717811,11.4651598151,32.0,0.204402232576,7.33263176375e-06,27.6620083212,29.741173507,12.3476805079,12.0284313675,PF,7400
977,Kobe,Bryant,24.9,6,LAL@DAL,LAL,DAL,GTD,Back,23.5,28.25,19,4.09419928963,0.0910671979554,6.77212585606,5.77658789378,0.720885811838,1.94753755642,0.994831165545,2.95086303997,2.66842336826,6.41417726469,1.69744575432,17.7647801032,4.75691408645,19.2827143701,32.0,0.00962594225577,4.20923120192e-06,27.8470550335,30.3190821402,15.7612182645,16.546760906,SG,7400
201937,Ricky,Rubio,34.4,6,MIN@IND,MIN,IND,O,Hamstring,0.0,0.0,19,0.0,0.0,0.0,0.0,0.0,0.0,0.0,0.0,0.0,0.0,0.0,0.0,0.0,0.0,0.0,,,0.0,,1.0641999083,,PG,7400
201188,Marc,Gasol,26.9,9,POR@MEM,MEM,POR,,,43.3,44.0,19,4.45079083303,1.16693504802,0.341488969573,7.57084901964,1.69233928173,4.68168008611,0.527298535179,2.41925796337,6.37401936784,7.26756062648,0.185856798289,15.8877873685,6.26666776895,20.9876458202,41.0,0.126494327804,0.00176892173992,36.2818645142,38.0981711203,17.2647138699,16.9146134953,C,7300
203952,Andrew,Wiggins,26.6,7,MIN@IND,MIN,IND,,,28.4,30.5,19,2.56161928156,0.554267371904,2.83846549031,7.43516052424,1.87678766783,2.19544943206,0.747951505937,2.78735387442,4.0722370999,8.51010203833,0.994384223362,20.0194756338,5.37540327614,23.3899915762,42.0,0.0094103392857,3.04067743009e-06,31.9361888996,34.0447944345,19.3945291897,19.2917449025,SF,7200
1626157,Karl-Anthony,Towns,34.3,8,MIN@IND,MIN,IND,,,26.3,26.75,19,1.15665550723,1.9177481949,0.552106795004,2.93801305921,2.15376357162,6.79646579405,0.604768991443,1.68589245042,8.95022936567,5.6292921289,0.147673207377,11.6926743074,2.49625760282,13.902515068,27.0,0.348819121709,1.16143879881e-05,29.7369154899,31.6244733128,12.7777718462,12.3960364615,C,7100
202702,Kenneth,Faried,29.8,8,HOU@DEN,DEN,HOU,,,32.7,34.75,19,1.21163977391,1.10889891245,0.0423200010275,3.96737918669,3.70405294211,5.42413922069,0.704930084268,1.6626083998,9.1281921628,6.03343554902,0.00516142647224,10.8404770085,2.53544139047,14.607473915,30.0,0.381108963057,3.49214517303e-07,29.3438137648,31.2057727783,12.6345493458,12.1125576662,PF,7000
2216,Zach,Randolph,26.8,9,POR@MEM,MEM,POR,,,30.1,32.0,19,1.77403072366,0.0618810171689,0.147056807157,3.07037800658,2.45170055491,4.79963382809,0.846657756295,2.21534535766,7.251334383,5.7892294987,0.0286487403467,12.0024777663,2.45928215503,14.0663898928,29.0,0.169853489899,2.91855082682e-06,25.0307694271,26.7701221858,13.4025313946,12.9933165684,PF,7000
201586,Serge,Ibaka,29.3,8,PHI@OKC,OKC,PHI,,,38.4,39.25,19,1.14447264934,2.31541810538,1.55360615854,1.41955843259,2.16475151317,3.67041500657,0.394380490718,1.21631741443,5.83516651974,5.06115445366,0.661681369313,10.5227594831,1.07715878829,11.8611490649,29.0,0.0538319794733,8.17403397875e-06,24.7833376404,26.0948678496,10.9614547886,10.7562961287,PF,6900
201565,Derrick,Rose,23.7,8,CHA@CHI,CHI,CHA,,,24.2,25.75,19,6.30380543185,0.307376920772,3.7285078724,3.43922770376,0.571138128345,2.28203501925,0.567579160266,3.42742680326,2.8531731476,6.15977329845,0.775112163703,16.2596003182,2.87552660013,15.9701853607,35.0,0.0985164819158,7.43430823306e-05,27.1721866444,29.5641125374,14.7483651574,14.7768441717,PG,6900
202738,Isaiah,Thomas,31.0,7,ATL@BOS,BOS,ATL,,,46.0,50.75,19,6.33489251803,0.0397304446001,6.66066648401,7.19160465933,0.509417372797,1.34097412498,1.53558657084,3.04321180243,1.85039149778,7.05585893609,2.15541466167,17.7316952496,6.24942580534,22.5165583392,34.0,0.107725240997,3.1711296677e-06,34.346789142,37.2002193238,16.3993140405,17.2910872251,PG,6900
200765,Rajon,Rondo,33.6,9,BKN@SAC,SAC,BKN,,,56.0,62.5,19,11.6531682747,0.0478315240803,2.54635313268,2.30540555254,1.53226949913,5.59505539154,2.44626519203,4.57283909794,7.12732489067,7.02737465253,0.718454412987,16.3749076112,0.851720878523,15.6249245966,44.0,0.831506987734,0.119608924405,42.0728212117,46.6809214665,15.7495086339,15.6314371162,PG,6800
202689,Kemba,Walker,27.8,8,CHA@CHI,CHA,CHI,,,42.3,44.25,19,6.00614505429,0.607927761951,4.41351154902,4.93262409556,0.634299638025,2.2925138697,1.71519846324,1.97434334025,2.92681350772,6.19427544322,1.36689010145,16.0344436653,4.2104462071,17.965887195,37.0,0.0815598867668,7.51685681499e-05,33.1591900958,35.0987128279,14.7080745029,15.0473173595,PG,6800
1717,Dirk,Nowitzki,31.0,8,LAL@DAL,DAL,LAL,,,17.5,18.75,19,1.7793292483,0.376958035849,3.75514661622,3.13330923808,0.637997739706,4.37343828601,0.482644502826,1.04652884673,5.01143602571,6.72890239949,1.71566321319,13.4450745525,2.75380172882,17.927269741,29.0,0.0306269462417,5.38617660991e-07,27.2826630749,28.9602729414,13.2469664055,13.4950428556,PF,6700
1626143,Jahlil,Okafor,31.6,8,PHI@OKC,PHI,OKC,,,18.2,20.5,19,1.31149571428,1.4588404601,0.159215705594,3.76177116647,2.10929178491,3.91054568454,0.496871189759,2.40642133974,6.01983746945,7.14940913902,0.0438494424964,15.2352954963,2.34900928543,16.691677006,30.0,0.0801654368419,3.59640927837e-07,27.3877275007,29.0341039995,16.5889756249,16.1891202918,C,6700
2744,Al,Jefferson,25.8,8,CHA@CHI,CHA,CHI,,,21.5,21.75,19,1.95144041311,1.05928474173,0.034589280472,1.83326997673,1.71547880217,4.11195582036,0.684815726603,0.82712038728,5.82743462252,7.25713891209,0.0127144701671,14.8823087443,1.16163175318,15.6886240475,31.0,0.0661045465675,2.52183980755e-06,28.2697867636,29.0802403088,16.3145687551,15.8811419617,C,6700
201587,Nicolas,Batum,28.4,8,CHA@CHI,CHA,CHI,,,42.6,46.5,19,4.15919381888,0.584766203974,4.9125096684,2.86869281691,1.31042305809,3.88639751751,1.22526156445,2.65309602268,5.1968205756,4.9555938311,1.95438954945,11.3331405552,2.48865665317,14.3542338648,35.0,0.0426202334163,0.000351983168092,27.796168798,30.4247389125,11.5102346498,12.33172488,SF,6600
202330,Gordon,Hayward,26.2,8,UTA@ORL,UTA,ORL,,,27.3,29.5,19,2.99373093844,0.249459667607,3.42206113832,4.96938193872,0.667035831461,2.35137273542,0.877112210132,2.10426902358,3.01840856688,5.19019673965,1.11165062476,12.5437296312,3.91916105179,15.4112051558,30.0,0.00202571260641,1.13274041003e-06,23.6727665757,25.4346887953,12.1502353577,12.339288698,SF,6600
201951,Ty,Lawson,24.3,8,HOU@DEN,HOU,DEN,,,13.5,14.0,19,6.42365824094,0.17276077256,2.73800339896,3.66603423603,0.714032273709,1.86763423023,1.19280876942,2.25320464861,2.58166650394,3.4702462903,0.82987594226,9.59219874738,2.5912169063,10.3615854291,34.0,0.0736206835394,2.61440054768e-05,23.5730070306,25.3541401086,9.32696812063,9.53313334691,PG,6500
203901,Elfrid,Payton,23.2,9,UTA@ORL,ORL,UTA,,,29.6,33.25,19,7.58936470428,0.427304165371,1.51813255299,3.01520302731,1.50757418128,2.74517489333,1.82515518105,3.1861392221,4.25274907461,4.20634577084,0.542301203733,11.2450286954,2.13557099681,11.0905637422,37.0,0.170840674205,0.00194991218448,28.8966891589,31.2356575734,11.1197785821,11.0406840246,PG,6500
202699,Tobias,Harris,27.2,9,UTA@ORL,ORL,UTA,,,45.1,49.75,19,2.45725789138,0.622785617345,3.75918667667,4.59798331058,2.69209047104,5.54105940101,1.05623427306,2.4077141357,8.23314987205,7.02787102814,1.39927544415,15.4313366153,3.54559951154,19.000617012,40.0,0.302726146735,7.33974339382e-05,33.5166093406,36.2860710365,14.8219726065,14.985634393,SF,6500
201568,Danilo,Gallinari,28.0,8,HOU@DEN,DEN,HOU,,,32.7,35.25,19,1.9628725775,0.630924890575,5.30305437583,6.45667907312,1.33629352105,2.39072123003,0.861226075501,1.41851109342,3.72701475108,5.70325949129,1.97868624029,13.5808826576,5.88731433526,19.2725195581,36.0,0.00498247757311,1.97173692795e-07,28.2550369644,30.1474606767,13.2726355446,14.0450191492,SF,6500
201588,George,Hill,27.0,9,MIN@IND,IND,MIN,,,15.2,17.25,19,3.88310735638,0.288351867827,4.64379248448,3.05870167186,0.498829248137,2.10795527828,1.29901656308,1.72223703493,2.60678452642,4.67053118442,1.96227978763,10.3858674796,2.29464923896,13.5979913954,32.0,0.0057886578823,2.10463848224e-06,24.0032936886,25.9845806269,10.8864918279,11.699034555,PG,6500
203468,C.J.,McCollum,29.3,9,POR@MEM,POR,MEM,,,32.2,37.5,19,2.78127654133,0.301720150688,5.69226261403,3.10831717913,0.660775729865,2.4668951678,0.924925713599,2.56124058788,3.12767089766,7.54174093226,2.27399256627,16.5936467442,2.62464632512,19.9821207559,36.0,0.00206036178832,9.10654686716e-07,27.7992917858,30.3763851824,15.645564618,16.3467684437,SG,6400
2207,Joe,Johnson,24.7,8,BKN@SAC,BKN,SAC,,,21.6,23.75,19,4.32753298316,0.134668592441,3.95370373244,2.7208605379,0.980391463415,2.86384404613,0.627734404532,1.33901047844,3.84423550955,4.63617435789,1.05838418013,12.5482797562,2.34400375017,12.6747366461,35.0,0.0154746900017,6.60239063237e-05,23.9649142478,25.3792334593,11.5307638643,11.8498756822,SG,6400
101145,Monta,Ellis,24.0,9,MIN@IND,IND,MIN,,,39.1,40.75,19,5.15540187996,0.334758346127,3.48486290572,3.08487973977,0.525698772729,2.17756831738,2.00033247629,2.7610563946,2.70326709011,6.46805838069,0.879018595189,15.5431474707,2.30153271719,16.1166680738,37.0,0.0352767816777,1.92333837426e-05,29.0028166521,31.0109903741,14.5162804461,14.5152063099,SG,6400
202700,Donatas,Motiejunas,22.7,71,HOU@DEN,HOU,DEN,O,Back,0.0,0.0,19,0.0,0.0,0.0,0.0,0.0,0.0,0.0,0.0,0.0,0.0,0.0,0.0,0.0,0.0,0.0,,,0.0,,0.75313246111,,PF,6400
201144,Mike,Conley,26.1,9,POR@MEM,MEM,POR,,,24.7,25.75,19,6.4795148493,0.06972634307,4.23618937654,3.61394959704,0.634923375169,1.74704390885,1.14660495866,2.1673546424,2.38196728402,4.90073866962,1.29787343892,12.8548441618,3.15647971911,14.2558304973,33.0,0.104058940338,1.97714426269e-05,27.0987714731,29.1066316028,12.0034572543,12.4434820272,PG,6400
101114,Deron,Williams,24.2,7,LAL@DAL,DAL,LAL,,,24.5,27.0,19,6.35859412753,0.107309676555,3.54213687341,2.95593997353,0.263082286925,1.43427661637,1.34241482571,2.15306886009,1.6973589033,5.26748606633,1.14877733536,12.6126917873,2.69849154962,14.3822410176,33.0,0.0957911558154,1.28076137162e-06,26.7033430373,28.5828246562,12.0317167583,12.251647408,PG,6400
202683,Enes,Kanter,23.8,8,PHI@OKC,OKC,PHI,,,23.6,24.5,19,0.66045227627,0.391738918555,0.224401307466,1.80669422672,2.72963321327,3.75415884367,0.144734089303,1.3993869194,6.48379205694,4.58424719409,0.114452517331,8.38816074017,1.43637550931,10.7193224148,19.0,0.0806277669898,1.94100613151e-10,19.1641103939,20.3661613661,9.87832031115,9.39990859378,C,6300
202685,Jonas,Valanciunas,28.0,9,NO@TOR,TOR,NO,,,32.0,36.0,19,0.44797080579,0.959586521441,0.00487281166549,4.17955276876,2.94220567358,5.60023026444,0.346940080829,1.61233774386,8.54243593802,5.47104434294,6.98965159715e-05,9.0478305049,3.26011359208,14.2022721745,28.0,0.30926045696,2.36781422695e-08,26.1258669695,27.823083343,10.9667821594,10.368492872,C,6300
201583,Ryan,Anderson,28.6,8,NO@TOR,NO,TOR,,,14.2,15.0,19,1.11600750651,0.541327864267,6.19866466617,2.47618516611,2.26066072687,4.28848886715,0.558980391142,1.40278782875,6.54914959401,6.32907243274,2.12704992612,14.7695489156,2.00444038014,16.7896351717,33.0,0.116961203849,3.52798064607e-08,27.1204546264,29.3882728951,14.1087469808,15.0366461865,PF,6200
201163,Wilson,Chandler,24.6,78,HOU@DEN,DEN,HOU,O,Hip,0.0,0.0,19,0.0,0.0,0.0,0.0,0.0,0.0,0.0,0.0,0.0,0.0,0.0,0.0,0.0,0.0,0.0,,,0.0,,0.647602079227,,SF,6200
2590,Mo,Williams,28.7,8,CLE@NY,CLE,NY,,,23.9,26.5,19,5.76972587775,0.0877304564567,5.11460818369,2.93311588094,0.22866926099,1.9356640969,0.765448762141,2.48779793901,2.16433335789,5.87972673074,1.90788528749,12.8656007582,2.70838038955,16.3757191385,32.0,0.0633183740371,5.5935168429e-06,26.8460684828,29.2471211055,12.6612522141,13.3541730557,PG,6100
101127,Jarrett,Jack,26.1,7,BKN@SAC,BKN,SAC,,,41.2,43.75,19,6.66234414337,0.157214810737,2.68411429987,3.02378489242,0.428766868065,2.74175221991,0.740580263832,2.66543877759,3.17051908798,5.13727361688,0.790751229099,12.843562449,2.63115611785,13.6964545807,33.0,0.116646223985,0.000189940703498,26.6247450729,28.6869051887,12.2852037164,12.2926174519,PG,6100
201960,DeMarre,Carroll,21.8,6,NO@TOR,TOR,NO,GTD,Heel,20.5,22.25,19,1.59507658147,0.26470486095,4.29182945569,2.67653461005,1.64332717216,2.37112507177,1.29064353058,1.41636530426,4.01445224393,4.38625856303,1.5097513789,11.1463999112,1.79839459692,12.0806631019,33.0,0.00616912448055,4.96567727807e-08,20.9849521456,22.6579869351,10.834630377,11.4505341499,SF,6000
1626144,Emmanuel,Mudiay,26.8,8,HOU@DEN,DEN,HOU,,,22.3,27.0,19,6.83567848355,0.904837506714,4.1848178442,3.89362770029,0.90936297057,3.6669106734,1.19573671873,4.18427412276,4.57627364397,4.99904807097,1.25390068538,13.9487231825,2.61078368005,13.8627805074,33.0,0.145306601013,0.0024403054464,29.6247009336,32.7978828377,12.7381022061,13.1436505837,PG,6000
202323,Evan,Turner,21.9,7,ATL@BOS,BOS,ATL,,,16.0,16.75,19,3.69342020748,0.349435962516,1.62173585475,1.28528606384,0.522775141233,2.17292435995,0.976826604018,1.91128051631,2.69569950118,3.76949659882,0.422878340782,8.70710009579,0.985947155716,8.94781869414,24.0,0.0026781855366,1.2019440065e-06,18.4640330235,19.7699183113,8.9563557754,8.76787093095,SF,6000
203944,Julius,Randle,26.7,8,LAL@DAL,LAL,DAL,,,21.0,23.5,19,2.74129496769,0.561002672839,0.484708377393,4.09863764248,0.845402232653,7.07890109358,0.846975391524,2.0445408303,7.92430332623,4.67277249974,0.0995702500676,10.5680581854,2.39878955302,11.8439048026,30.0,0.206633328764,0.000115989935861,26.236426544,28.0149952135,11.6595405493,11.333478934,PF,5900
203903,Jordan,Clarkson,21.3,8,LAL@DAL,LAL,DAL,,,35.3,37.0,19,2.83427396073,0.382936840079,3.15072386318,2.26710025297,0.856397171423,1.5349370768,1.16938614941,1.80073036139,2.39133424822,6.03187287813,1.21966750523,12.9840866885,1.77090999032,15.0543232518,31.0,0.000811852715632,1.25442329458e-07,23.4792509083,25.1102347095,12.6775041848,12.7626562527,PG,5800
202703,Nikola,Mirotic,21.9,8,CHA@CHI,CHI,CHA,,,16.9,17.75,19,1.02846362323,0.510368025694,4.8025435466,3.52874422134,0.760830851979,3.02589806879,0.829789016888,1.67591885653,3.78672892076,3.17415506698,1.48179828268,8.45355622821,2.87381763283,10.7039260495,23.0,0.00368442762802,6.04620279609e-10,17.7950914179,19.5688130768,9.28375389542,10.1898019512,SF,5800
201569,Eric,Gordon,27.8,8,NO@TOR,NO,TOR,,,34.1,37.75,19,3.23964831128,0.250525967988,7.6427727192,3.08022104801,0.583743213744,1.6304957539,0.978160508668,1.84156073324,2.21423896765,6.54391361331,3.14498654044,15.3307870324,2.49891324003,18.7317270071,36.0,0.00193154775156,1.94661769525e-07,26.8640984553,29.4709819461,15.4260848697,16.9741228751,SG,5800
202329,Al-Farouq,Aminu,25.6,9,POR@MEM,POR,MEM,,,33.1,35.5,19,1.86015623934,1.16117878045,3.93006614063,3.26131374556,1.668673674,5.32786019723,0.975297310225,1.81689076161,6.99653387123,4.27871082937,1.27638199903,10.1929078974,2.37219551333,12.2059991711,34.0,0.127617954058,3.32274676733e-06,25.8481355953,27.9360355685,10.2029406824,10.6646566405,SF,5800
201950,Jrue,Holiday,20.3,5,NO@TOR,NO,TOR,,,25.5,27.5,19,4.4252174683,0.270439422017,2.51788271259,1.81568115972,0.293314211855,0.78381962801,1.06601507833,2.19443369559,1.07713383987,4.27204355106,1.07972916695,9.56425083777,1.43041754646,11.0542338155,21.0,0.0104376161571,4.3574048993e-09,19.4630959309,21.1696904915,9.71334970928,9.85246420363,PG,5800
203496,Robert,Covington,10.4,1,PHI@OKC,PHI,OKC,O,Knee,0.0,0.0,19,0.0,0.0,0.0,0.0,0.0,0.0,0.0,0.0,0.0,0.0,0.0,0.0,0.0,0.0,0.0,,,0.0,,0.752592088016,,SF,5800
202397,Ishmael,Smith,28.7,8,NO@TOR,NO,TOR,,,17.8,19.5,19,5.82298277661,0.320262121419,1.66736930585,1.30469193749,0.503918450384,1.78193200893,0.991309751192,1.92880507185,2.28585045931,3.34794372476,0.485263350015,9.32369781337,0.917687138269,8.0988379378,23.0,0.0308160678126,4.21759372624e-06,20.2706713273,21.6382348157,9.08022356404,9.03476589669,PG,5800
2772,Trevor,Ariza,23.4,8,HOU@DEN,HOU,DEN,,,24.1,25.75,19,2.36963028731,0.229613197838,6.70981113868,2.34045683305,0.72270690906,3.46421954769,1.96944886761,1.45706438522,4.18692645675,4.13995405815,2.22774280472,11.5171636027,1.93295573126,12.4406066523,38.0,0.00837184663196,1.83726328324e-06,23.960423577,26.0247367766,12.0846585842,13.5163240666,SF,5700
201152,Thaddeus,Young,25.6,8,BKN@SAC,BKN,SAC,,,30.3,31.75,19,1.77470820906,0.608336508906,0.987590634249,1.69317791883,2.27422716525,3.60666781634,1.20881526465,1.80864582308,5.88089498159,6.09275269447,0.255854272023,12.1476721392,0.957316280694,13.3986759417,30.0,0.0625580577382,1.11524099882e-06,24.9434699572,26.3636051861,12.8922320724,12.4719377318,PF,5700
204001,Kristaps,Porzingis,25.9,9,CLE@NY,NY,CLE,,,19.9,21.25,19,0.939030266602,1.12189183822,3.09949418234,3.05531992705,3.38326538674,5.77544522338,0.954997662757,1.87056425839,9.15871061012,4.81726429313,0.709502844808,11.8453384683,2.43188064028,12.7759120713,28.0,0.345312767257,1.55847031897e-07,27.458124947,29.7240636475,11.2632954541,11.2898193771,PF,5600
203935,Marcus,Smart,22.2,4,ATL@BOS,BOS,ATL,,,10.1,12.25,19,3.21905968423,0.352766843468,4.74428604792,2.85126129993,0.712406631441,1.43823699899,1.58601940241,1.35692779557,2.15064363043,2.9907103798,1.35065985642,8.66946908623,1.9828327133,9.31491332932,30.0,0.00103161858601,8.94148001387e-08,19.2449199084,20.707793612,9.0583660798,9.92857475621,PG,5600
203095,Evan,Fournier,28.0,9,UTA@ORL,ORL,UTA,,,31.0,32.75,19,2.56620737981,0.0169068818692,5.64882788369,3.20934544167,0.395839002262,2.75963303404,1.07946549536,1.78419734306,3.1554720363,6.42610463981,2.13082566457,14.0716052498,2.47210837304,17.4551433172,37.0,0.00181125473688,5.07376522029e-07,25.4995682419,27.6175717518,13.7201220066,14.5171076563,SG,5600
203486,Mason,Plumlee,25.6,9,POR@MEM,POR,MEM,,,18.9,20.25,19,2.25511337899,1.02422695701,0.0209317288164,4.87273374905,2.6712623368,4.8585225772,1.30411278775,2.18058134992,7.52978491399,4.45068244666,0.00136143797408,7.60432382198,2.17368195015,11.0764082814,30.0,0.15891161663,1.97506105006e-05,25.9709183863,27.6768057028,9.64282081275,9.1007494148,C,5600
203897,Zach,LaVine,19.1,8,MIN@IND,MIN,IND,,,39.2,42.5,19,6.47228093303,0.0948686633409,3.88325447099,3.85865291668,0.905484103925,2.80173063025,1.35028845252,4.38485517341,3.70721473418,7.12748523772,1.37366850104,16.4800782012,3.37967852686,19.0083175033,40.0,0.121082181515,0.000571576378275,31.6708556422,34.9188162176,15.4971194124,15.6681234037,SG,5600
2585,Zaza,Pachulia,25.0,8,LAL@DAL,DAL,LAL,,,38.2,41.5,19,2.38346003484,0.538511917179,0.0211354691367,5.27148472208,3.67808135427,6.30194698049,1.11374467945,2.04807590988,9.98002833476,3.73867593737,0.0,8.61700700577,4.40846722682,11.8858191016,31.0,,,28.6934804389,,10.160014598,,C,5500
203096,Jared,Sullinger,27.4,7,ATL@BOS,BOS,ATL,,,28.0,30.5,19,2.10200116868,0.848442591993,2.6074583586,1.15367769284,2.73025534958,4.10016505219,0.923253874409,1.32413022433,6.83042040177,4.97088004028,0.915626752803,10.3636501809,0.845969215961,11.7033560493,24.0,0.110100009228,7.69083568533e-06,25.2721249929,26.8986975879,10.4393981549,10.4270968379,PF,5500
202340,Avery,Bradley,18.6,6,ATL@BOS,BOS,ATL,O,Leg,0.0,0.0,19,0.0,0.0,0.0,0.0,0.0,0.0,0.0,0.0,0.0,0.0,0.0,0.0,0.0,0.0,0.0,,,0.0,,0.685685329678,,SG,5500
202692,Alec,Burks,24.5,8,UTA@ORL,UTA,ORL,,,15.9,17.0,19,2.17208588165,0.0592251384451,1.9314331304,4.3147274578,0.636251451043,1.68524169972,0.681123119698,1.66160832349,2.32149315076,4.12818027036,0.930520284328,9.8067388299,3.61647921638,12.8033600414,25.0,0.000197035451493,1.12997653083e-08,18.6663688376,20.0788033861,10.0611630212,10.1018141986,SG,5500
201954,Darren,Collison,24.7,6,BKN@SAC,SAC,BKN,O,Hamstring,0.0,0.0,19,0.0,0.0,0.0,0.0,0.0,0.0,0.0,0.0,0.0,0.0,0.0,0.0,0.0,0.0,0.0,,,0.0,,0.801121203869,,PG,5500
203093,Terrence,Jones,14.8,3,HOU@DEN,HOU,DEN,,,37.4,40.25,19,0.824523666681,1.39044594723,1.25562758372,2.20138019317,2.03707678314,2.11928265683,0.384837965123,0.901990444221,4.15635943998,3.91290345501,0.450699285424,7.62610115171,1.30024319385,9.57674938929,21.0,0.00588402154888,1.25701194324e-08,18.4497435978,19.3427325046,8.49700689354,8.20497525248,PF,5400
202718,Chandler,Parsons,9.3,5,LAL@DAL,DAL,LAL,GTD,Rest,12.6,14.25,19,1.23447564773,0.101731879216,2.66836558929,1.29813422245,0.621632406334,1.26736883529,0.579461695508,0.943537946378,1.88900124163,2.94882033547,0.973609962008,6.79683491877,0.801267520496,7.67251815345,18.0,1.14852306434e-05,8.31120745369e-12,12.2098823181,13.2629235622,7.34947846692,7.66388826462,SF,5400
202684,Tristan,Thompson,22.7,8,CLE@NY,CLE,NY,,,18.5,19.5,19,0.52216213964,0.716995067894,0.000275601227503,2.52231216276,2.31874040171,4.35549030557,0.320174592562,0.647347238356,6.67423070728,2.72103565276,3.31237979684e-06,4.56939315415,1.44481778837,6.88689240627,21.0,0.0411940049835,2.23534474766e-10,17.106204547,17.8253823659,6.42061833802,5.90315515774,PF,5400
203504,Trey,Burke,19.2,8,UTA@ORL,UTA,ORL,,,22.2,23.25,19,2.62460259306,0.0601675116335,3.26569772959,1.42442831409,0.249206669478,1.19900264163,0.797554120515,1.34688948099,1.44820931111,4.25712387806,1.28219248948,9.83816895479,1.10329866839,10.899738914,22.0,0.000269072631427,8.1048822522e-10,16.9430477602,18.3304028224,9.82662391699,10.177018092,PG,5300
201579,Roy,Hibbert,22.8,8,LAL@DAL,LAL,DAL,,,25.8,27.25,19,1.66128896542,2.61673809793,0.164628416669,4.39590336935,2.43083920841,4.01599667952,0.268179958287,1.74280885012,6.44683588793,3.50043256487,0.000755667213489,7.78447836144,3.85855408402,10.860174881,30.0,0.0822004310491,3.3132671457e-05,25.1153386569,26.4328627546,9.21530498342,8.86837748247,C,5300
202083,Wesley,Matthews,16.3,7,LAL@DAL,DAL,LAL,,,13.9,16.0,19,1.85067294269,0.0640922218465,5.850517581,2.64027733839,0.402293305098,1.68318667762,0.882642225286,1.15771376515,2.08547998272,4.22747711291,2.29346161303,10.5584195057,2.0903425787,12.8387584176,30.0,6.96259109884e-05,1.24172680502e-09,18.85309894,20.6830650708,11.4052411324,12.6826031295,SG,5200
2747,J.R.,Smith,12.5,5,CLE@NY,CLE,NY,,,13.0,14.75,19,2.49436454904,0.266549413791,4.66871849317,0.783922454719,0.629928517012,1.32601058557,0.71846220091,1.54189695873,1.95593910259,3.54006487441,1.65351381786,9.44529052749,0.432877428551,9.16652099523,27.0,0.000160925511034,5.45482839425e-09,15.6833210126,17.3790647606,9.65340124094,10.5712585279,SG,5200
101150,Louis,Williams,22.8,8,LAL@DAL,LAL,DAL,,,15.0,17.0,19,2.83749175708,0.192930315638,5.41801444776,6.36349462624,0.268187773187,1.51420311378,1.03460592523,1.47509948357,1.78239088697,4.12906571035,1.45385748327,11.7258385623,5.51046324818,15.2224521522,28.0,0.000673840796877,1.18418491201e-08,22.5975318503,24.1521406748,11.3940576027,12.1947468047,SG,5200
1626156,D'Angelo,Russell,18.5,8,LAL@DAL,LAL,DAL,,,24.7,26.5,19,2.72003293534,0.26565649277,3.45161389664,0.97556580022,0.711432218309,3.13173608232,0.928548869485,1.52015016006,3.84316830063,3.71004869268,1.10842579901,9.07722655459,0.659481571445,9.18800475581,24.0,0.00355686890635,1.73822092059e-06,18.748116684,20.2599035966,9.03632609158,9.42688430682,PG,5100
101107,Marvin,Williams,25.1,8,CHA@CHI,CHA,CHI,,,26.0,28.25,19,1.77539117168,1.0745457482,4.73619479757,1.31295571221,1.3046037348,4.86542232276,0.810238647278,1.0690070497,6.17002605756,4.11296085992,1.90365116054,9.15455379211,1.00618122317,11.1357541035,35.0,0.064345984788,1.12590934099e-06,23.9034338714,25.7947866343,10.0184446781,10.9451335943,PF,5100
203145,Kent,Bazemore,24.2,10,ATL@BOS,ATL,BOS,,,15.4,16.5,19,2.27097776114,0.542650449629,3.3490657791,1.91468619096,0.278624122023,2.62321038784,1.5526916547,1.61955075927,2.90183450986,4.03760102522,1.34278386262,8.72702296914,1.46233061513,10.8803165282,28.0,0.000658872527402,7.76799154911e-08,20.3401180311,21.9673656094,9.17860013501,9.58831151736,SG,5100
2594,Kyle,Korver,19.5,8,ATL@BOS,ATL,BOS,,,14.1,16.75,19,2.48359533082,0.279047494511,4.62672777997,0.730336144428,0.076911674968,2.40985126102,0.791304886546,1.05740102932,2.48676293599,3.93629491153,2.14293256891,7.5057787217,0.672046143749,10.6875685357,31.0,0.000335403881768,4.4407877746e-08,18.4803807879,20.2053889729,9.37011128251,10.3720122703,SG,5000
201945,Gerald,Henderson,14.4,1,POR@MEM,POR,MEM,,,4.2,5.75,19,0.960590148254,0.105758918127,0.765316699482,1.04095821794,0.167382577328,0.371228276721,0.238765640206,0.650941184942,0.538610854049,2.2824866508,0.276723937553,5.0014644164,0.87526425005,5.7169614892,13.0,1.5144288695e-08,5.23899774149e-18,7.84228766816,8.33305079483,5.90135644452,5.68625406513,SG,5000
204456,T.J.,McConnell,24.4,8,PHI@OKC,PHI,OKC,,,17.3,18.5,19,8.25773009961,0.645829752519,1.63189738111,0.410862305614,0.862138434853,4.46464889899,1.19048346243,2.43430055298,5.32678733384,3.13488738734,0.425523637695,7.14511460177,0.302700898779,6.99799931115,34.0,0.124327120237,0.00453730470526,27.0150651381,28.9114191946,7.50965202804,7.37369832289,PG,5000
101135,David,Lee,17.1,7,ATL@BOS,BOS,ATL,,,6.7,6.75,19,1.09408739924,0.288440236279,0.0130831192117,1.54137226276,1.11997718543,1.57479304149,0.29206390581,0.716584212395,2.69477022692,2.02722247876,7.58026426778e-08,4.1425270977,1.13508556174,5.18953059507,12.0,6.8841543846e-05,1.73103085978e-11,10.508810038,11.0019439558,5.61376585253,5.24561121385,PF,5000
2755,Kevin,Martin,21.7,7,MIN@IND,MIN,IND,,,3.7,4.25,19,0.885894826857,0.00564748962122,1.63767987322,2.56491608552,0.150906285152,0.58923723078,0.214628983551,0.797514326879,0.740143515932,2.37520072023,0.561106330811,5.7505358317,2.22914682609,7.54065459737,13.0,1.60601139394e-08,9.38827250162e-17,9.40070767623,10.117025205,6.40049730359,6.44309896945,SG,5000
201941,Jordan,Hill,21.8,8,MIN@IND,IND,MIN,,,11.9,13.75,19,0.8845639148,0.245245916455,0.0382232435988,1.36989371407,1.99556655678,2.46527099015,0.426267724276,0.946720364126,4.46083754693,2.73744071629,0.0102430741402,6.39864193555,0.983736498793,6.46886100551,16.0,0.00416136588921,1.51073201838e-10,13.5450188514,14.2527844971,7.578361733,7.26549761372,C,4900
202391,Jeremy,Lin,21.7,8,CHA@CHI,CHA,CHI,,,10.7,10.75,19,2.57503252463,0.315623772489,2.0901005024,2.77273518251,0.29532546291,0.862472294419,0.75039340601,1.37675870753,1.15779775733,2.76885596278,0.73751444553,6.49728481467,2.27126803025,8.54649440135,17.0,0.000163325638099,6.95373844688e-11,14.5536761466,15.6689475996,7.1394396287,7.26728447344,PG,4900
203109,Jae,Crowder,24.7,7,ATL@BOS,BOS,ATL,,,36.1,37.0,19,2.31472849786,0.596376274897,4.73498208139,4.16778450171,1.83703228035,3.57601032305,3.22457426633,2.00873047408,5.41304260339,4.33414667156,1.29515613552,11.357317301,3.33516142629,13.2986109049,38.0,0.0420946815277,8.161362451e-05,28.8995253842,30.8855076823,10.9524011084,11.5383860342,SF,4800
201577,Robin,Lopez,21.3,9,CLE@NY,NY,CLE,,,10.5,11.25,19,1.40624210142,1.17783454181,0.00557057325239,1.43752454919,2.4853396656,3.17564281849,0.265182707782,1.56300233207,5.6609824841,3.64984389323,5.75234743121e-08,7.34553903298,1.27030262128,8.56999046526,25.0,0.029513601467,8.33851881267e-08,18.7955647654,19.9043857368,8.82956853749,8.4111204983,C,4800
201977,Marcus,Thornton,29.7,6,HOU@DEN,HOU,DEN,,,12.3,12.5,19,1.21803287002,0.115665698752,3.73968309676,0.603094817291,0.690863244248,1.12549049569,0.771942666814,0.562197961385,1.81635373993,3.44253488316,1.36564859328,7.93366870221,0.494385812446,8.74510417205,18.0,1.04272984417e-05,6.75655907026e-12,13.9647967348,15.01955334,8.51782071023,9.13254932401,SG,4800
203079,Dion,Waiters,18.5,8,PHI@OKC,OKC,PHI,,,20.6,21.25,19,2.07026116056,0.258410592967,2.94084717581,2.78637868597,0.731068252834,2.052844875,0.988137792769,1.43158393047,2.78391312784,4.46214900129,1.20751515894,10.4697110346,2.26292128785,12.3947344494,29.0,0.000531563810909,2.99195688945e-08,19.9023347846,21.3618774212,10.3905238153,10.6319293133,SG,4800
201593,Nikola,Pekovic,23.5,31,MIN@IND,MIN,IND,O,Achilles,0.0,0.0,19,0.0,0.0,0.0,0.0,0.0,0.0,0.0,0.0,0.0,0.0,0.0,0.0,0.0,0.0,0.0,,,0.0,,0.771302157252,,C,4800
203477,Isaiah,Canaan,18.5,8,PHI@OKC,PHI,OKC,,,10.2,10.25,19,1.22003314743,0.108809481562,3.62232498648,1.50086011142,0.210613205727,0.888504511617,0.497706248643,0.888781591638,1.09911771734,2.04701472845,1.38015327794,5.50098007091,1.25413556357,6.72831829842,15.0,2.81668787588e-07,5.3066670001e-14,10.2015591491,11.3909828923,7.01370179323,7.92164435194,PG,4700
101161,Amir,Johnson,16.6,7,ATL@BOS,BOS,ATL,,,43.6,45.0,19,2.05766692447,1.36771810747,1.56473790507,3.01521101697,2.95593393779,4.85514367428,1.01825148465,2.21691660399,7.81107761207,5.53640259301,0.479502450661,9.88577137388,1.952219107,13.5045267437,36.0,0.216969221221,1.31556770959e-05,28.5193428451,30.5835995519,10.5990580856,10.1813349575,C,4700
203115,Will,Barton,21.7,8,HOU@DEN,DEN,HOU,,,35.5,38.75,19,2.05073096804,0.564501283561,3.09279759932,3.64956671955,0.707694328001,2.91836876669,1.46115963225,1.37144944366,3.62606309469,5.40453534837,1.08121810571,11.9815877726,3.14862179231,15.0389105948,31.0,0.0038177723642,2.27332953313e-07,25.1461551484,26.5595194184,11.802994039,11.8941946633,SG,4700
202334,Ed,Davis,18.6,9,POR@MEM,POR,MEM,,,23.1,24.0,19,0.935037412667,0.864311445586,6.56637844848e-06,2.2413107208,2.16109659635,3.43517071973,0.551637046475,0.652556513498,5.59626731608,2.36551499223,8.12980188859e-07,3.84711942684,1.13797852381,5.86900932124,18.0,0.0117118723634,1.05513894222e-09,16.1664266902,16.7900865309,5.71035060337,5.17947996115,PF,4700
201155,Rodney,Stuckey,18.1,7,MIN@IND,IND,MIN,O,Ankle,0.0,0.0,19,0.0,0.0,0.0,0.0,0.0,0.0,0.0,0.0,0.0,0.0,0.0,0.0,0.0,0.0,0.0,,,0.0,,0.774705712254,,SG,4700
101139,C.J.,Miles,19.1,6,MIN@IND,IND,MIN,,,11.5,13.0,19,0.880039990079,0.315834840633,4.76475427198,1.96807718131,0.28011615163,0.75429475842,1.03894316551,1.33898448295,1.03441091005,3.34074524892,1.64432353749,8.37513904088,1.57191844067,9.89773247599,21.0,1.99620208905e-07,2.00808761332e-14,13.8296570825,15.3730319377,9.30705241573,10.2669772794,SF,4700
1626161,Willie,Cauley-Stein,17.4,9,BKN@SAC,SAC,BKN,,,14.8,15.75,19,0.479432144583,0.76587811585,0.133791614025,1.63782754102,1.66005930263,3.2520372308,0.764898853277,0.807779239792,4.91209653343,1.76158675705,0.0368474181853,3.23519646556,0.995766595172,4.55578752747,18.0,0.00272159357828,5.2028729935e-11,13.4232262829,14.0952268291,4.80312010259,4.40120302967,C,4600
202357,Nemanja,Bjelica,23.2,8,MIN@IND,MIN,IND,,,14.9,16.5,19,2.38011177118,0.324333815515,3.20711024712,1.88891883008,0.901108315915,4.90693465918,0.669576728364,1.16845292043,5.8080429751,2.45571820114,1.3055382978,5.44981890648,1.20925983413,7.42623453422,25.0,0.0260420239437,4.90118895392e-06,18.7854219284,20.3518974258,6.99037281239,7.67252930416,SF,4600
201167,Arron,Afflalo,20.7,1,CLE@NY,NY,CLE,,,23.6,24.25,19,1.8833920835,0.0597101939751,3.87218848404,1.9457938253,0.515573233614,1.20504191347,0.357319763315,1.03453989418,1.72061514708,4.99384302171,1.17813967294,11.4152190862,1.65823696472,12.8240626811,30.0,3.27300842805e-05,2.95524978529e-10,17.5134090032,18.7058286402,11.0222995809,11.309104675,SG,4600
2449,Luis,Scola,20.8,9,NO@TOR,TOR,NO,,,12.6,13.25,19,1.23575373887,0.277496490661,0.743888961698,1.72692577257,1.81387301515,3.54558738202,0.724332884525,1.13361589787,5.35946039717,4.03990559438,0.373113965285,8.66640160767,1.23383290481,9.68675805887,22.0,0.0269195326651,2.02963501457e-08,18.8417839963,19.9035013076,9.54102491634,9.27119672006,PF,4600
203991,Clint,Capela,20.2,8,HOU@DEN,HOU,DEN,,,9.6,9.75,19,0.39758242083,1.10623046243,0.0837289089218,1.85943512292,1.28082355036,2.28949464009,0.360835758618,0.705166384957,3.57031819045,2.11886804467,0.0230596973041,3.75594422231,0.791455376982,5.05225116362,13.0,0.000499174389194,1.3871342583e-10,12.1619726805,12.7053503932,5.40461728136,4.94964437023,C,4600
203471,Dennis,Schroder,20.4,10,ATL@BOS,ATL,BOS,,,20.9,22.0,19,4.55015231193,0.0255686578638,3.03100455739,1.9384820072,0.306441955944,1.22644779454,0.808664372427,2.2094046167,1.53288975049,4.56789503302,0.99975363705,10.6996783271,1.60725865341,11.7428023565,24.0,0.0132779509414,6.58108226855e-08,19.8665599689,21.5677007071,10.4691136389,10.6197403806,PG,4600
204038,Langston,Galloway,20.9,9,CLE@NY,NY,CLE,,,18.2,19.5,19,2.44028524164,0.159162159519,3.58449120175,2.27818269166,0.886066085584,2.75426790791,0.919321212871,0.80110277982,3.64033399349,3.94856841416,1.73297375162,9.06761441455,1.68843576924,11.3185463492,29.0,0.00314085114684,6.85192786457e-07,20.7032389688,22.1570072665,9.43963062255,10.0790616555,SG,4600
101133,Ian,Mahinmi,18.7,8,MIN@IND,IND,MIN,,,26.3,26.75,19,1.03094871787,1.72069826533,0.00159456614635,2.74746713824,2.47918101877,4.09672807711,0.942104845358,1.35951352258,6.57590909587,4.04723985375,1.26396127529e-05,7.22737359983,0.783076435052,8.87756878217,31.0,0.0640154729356,8.62597743048e-07,22.2811754728,23.3857598059,8.93324942701,8.41803667935,C,4500
203939,Dwight,Powell,23.0,8,LAL@DAL,DAL,LAL,,,29.4,31.5,19,1.17993153597,0.559359944469,0.505314110487,2.96382974702,1.72379163933,4.23884937502,0.647113557192,0.86118548444,5.96264101435,3.72493194508,0.138415407225,7.43910491968,2.03654141381,9.62482071119,22.0,0.0468628208949,2.3341451907e-08,20.1016487512,20.9698755492,8.7283489761,8.33563362726,PF,4500
2754,Tony,Allen,17.0,9,POR@MEM,MEM,POR,,,9.4,10.25,19,1.13597866826,0.441950885062,0.707738905982,1.58019371669,1.98577257519,2.4294900262,1.82636315085,1.0697430627,4.41526260139,3.03702472733,0.192162744932,6.99725007504,0.895219128131,7.16143132772,25.0,0.00502475955405,1.11646895061e-07,17.6305994609,18.4898529691,7.78566775805,7.5111118793,SG,4500
2749,Jameer,Nelson,17.6,6,HOU@DEN,DEN,HOU,GTD,Back,22.5,23.25,19,5.43167814097,0.0562884807232,4.67811655409,1.29888612804,0.475126396985,1.71320637301,0.945087441771,2.39123583702,2.18833276999,3.73656165903,1.45189925112,9.81069776622,0.934959947567,9.85998251675,28.0,0.0291342423881,2.81257368869e-06,20.2450150602,22.319709044,9.82393641232,10.6015645962,PG,4500
203918,Rodney,Hood,21.1,8,UTA@ORL,UTA,ORL,O,Foot,0.0,0.0,19,0.0,0.0,0.0,0.0,0.0,0.0,0.0,0.0,0.0,0.0,0.0,0.0,0.0,0.0,0.0,,,0.0,,0.740221625775,,SG,4500
101181,Jose,Calderon,14.0,9,CLE@NY,NY,CLE,,,17.4,20.5,19,2.98747878552,0.00448022156967,2.80372551693,0.392527063089,0.294751600738,1.1037966082,0.765385055447,1.22284024571,1.39854820894,2.53436908387,1.04700946945,6.12444390016,0.368907803141,6.48465544032,22.0,0.000299188667013,6.68095681864e-10,12.9610217777,14.1663228307,6.81679501225,7.29048668403,PG,4500
203924,Jerami,Grant,21.7,8,PHI@OKC,PHI,OKC,,,19.7,21.0,19,1.61138095457,1.89707587979,2.86143698175,4.48189607095,1.41854656319,3.31241300198,0.777927068644,1.50272265252,4.73095956517,3.58292354603,0.604712012707,9.44322954358,3.05409200416,10.8246511089,32.0,0.0155958670131,5.8647779053e-07,22.7661572633,24.0798181341,9.27787248214,9.33307941451,PF,4400
203086,Meyers,Leonard,16.9,9,POR@MEM,POR,MEM,O,Shoulder,0.0,0.0,19,0.0,0.0,0.0,0.0,0.0,0.0,0.0,0.0,0.0,0.0,0.0,0.0,0.0,0.0,0.0,,,0.0,,0.697045892761,,C,4400
201581,J.J.,Hickson,20.0,6,HOU@DEN,DEN,HOU,,,21.2,22.0,19,1.03485820292,0.905583375914,0.0209494312594,3.71437495078,1.92014761646,3.48185087095,0.538938044224,1.43952812727,5.4019984874,4.25337425275,0.0,7.71130986316,1.76154884245,10.2682973479,23.0,,,19.7524975502,,9.53169754896,,PF,4400
201149,Joakim,Noah,17.1,7,CHA@CHI,CHI,CHA,,,37.6,38.5,19,3.88310428291,0.880572106262,0.011483537102,1.78015705582,2.74683033703,4.14919692082,0.658609804289,1.7577042811,6.89602725785,1.73327106954,0.0,4.47076186655,0.937648869075,4.40419100816,23.0,,,19.8247396819,,5.60454150213,,C,4400
203124,Kyle,O'Quinn,18.2,9,CLE@NY,NY,CLE,,,-1.0,-0.5,19,0.222981391863,0.190971430467,0.0979724931375,0.22042545999,0.278730966311,0.386698951648,0.0952241384922,0.206632198662,0.66542991796,0.471464641678,0.0196562999256,0.958275527301,0.166084362162,1.12866994544,3.0,1.35926690452e-12,1.13289768984e-25,2.62741687405,2.77383261924,2.19033661168,1.97303399536,C,4400
203521,Matthew,Dellavedova,20.6,8,CLE@NY,CLE,NY,,,13.8,14.5,19,4.87204346251,0.0215156785008,3.01156451366,0.789126078884,0.688471502305,1.6431017266,0.735531762382,1.27511584961,2.33157322891,2.97739054273,1.25227226167,6.97004506544,0.633696301278,7.8407496484,28.0,0.0110925501252,1.76850202312e-06,18.185681749,19.5825985968,7.60360031358,8.12639124143,PG,4300
201956,Omri,Casspi,20.5,9,BKN@SAC,SAC,BKN,,,9.1,10.25,19,1.23221157311,0.060495372569,1.88506627702,2.15091608437,0.795118298166,2.94973546353,0.714887754156,1.40134315648,3.7448537617,3.21007076475,0.901714609234,6.56923603045,1.43442622839,8.75628236713,21.0,0.00256072199226,1.88050179364e-09,15.2478473378,16.5904599974,7.40821939851,7.49142096244,SF,4300
201959,Taj,Gibson,15.5,8,CHA@CHI,CHI,CHA,,,15.9,16.0,19,1.23875260564,0.925732026061,0.00290809722604,2.21961153584,1.91347959911,2.53842896051,0.446969725994,1.09112565186,4.45190855963,3.33666349262,4.8603683075e-07,6.32928653738,1.45385937915,8.12718685043,23.0,0.00684653216281,5.61194778362e-09,16.9818838827,17.7603121947,7.9713164204,7.51704840491,PF,4300
203087,Jeremy,Lamb,20.6,7,CHA@CHI,CHA,CHI,,,27.8,29.75,19,1.81497777315,0.519594679199,5.61811497647,1.87079273168,0.74046089447,2.71145510758,0.968635467898,1.2825288121,3.45191600205,6.51243021691,2.15688154427,13.4187437247,1.3804623274,16.5622043055,32.0,0.00277178674279,5.7440346324e-08,25.1209016498,27.0173604805,13.2792491132,14.0667211043,SG,4300
203917,Nik,Stauskas,20.8,7,PHI@OKC,PHI,OKC,,,23.3,25.0,19,2.23700458555,0.241481245935,5.82422762959,1.9264453742,0.263565182192,2.15671896413,0.711875164919,1.33632543181,2.42028414633,3.45194803379,1.75506117104,9.6533515028,1.47285638682,10.1318136254,29.0,0.000197802510367,1.48558251582e-08,16.9620488693,18.6290531263,10.3416946665,11.5253244051,SG,4300
203500,Steven,Adams,18.2,8,PHI@OKC,OKC,PHI,,,16.4,16.5,19,0.872504656469,1.86223803371,0.0124863310435,1.99055219814,2.42748033205,3.16493169618,0.578728560167,1.27903603955,5.59241202822,2.96121832328,0.00122072655998,5.12978572541,0.974521227022,6.89817860014,26.0,0.0175852499227,4.53373858763e-07,18.5207271669,19.4668553864,6.85687722621,6.3403868008,C,4300
203469,Cody,Zeller,17.7,8,CHA@CHI,CHA,CHI,GTD,Ankle,0.0,0.0,19,0.0,0.0,0.0,0.0,0.0,0.0,0.0,0.0,0.0,0.0,0.0,0.0,0.0,0.0,0.0,,,0.0,,0.815004100758,,PF,4200
201166,Aaron,Brooks,15.9,8,CHA@CHI,CHI,CHA,,,6.1,6.25,19,0.862750959735,0.070022202162,1.20754573118,0.437652230145,0.188413328583,0.379031942445,0.163892561199,0.328080995231,0.567445271028,1.17284438991,0.432898135317,2.77371412337,0.365272502557,3.1438594177,6.0,1.22894265682e-09,6.87006933247e-19,5.25866871402,5.66753054469,3.84445335619,3.98105674608,PG,4200
202711,Bojan,Bogdanovic,17.2,8,BKN@SAC,BKN,SAC,,,17.6,18.75,19,1.33561561413,0.0686707955499,4.33679999365,1.94232509712,0.695245001466,2.0819544994,0.76179899924,1.91014809159,2.77719950086,5.87912197094,1.48076191272,12.2916846786,1.38192719226,14.6209330469,34.0,0.000536750177218,8.01562020546e-10,19.7077873671,21.542907472,11.9915680696,12.3529846604,SF,4200
2399,Mike,Dunleavy,17.8,63,CHA@CHI,CHI,CHA,O,Back,0.0,0.0,19,0.0,0.0,0.0,0.0,0.0,0.0,0.0,0.0,0.0,0.0,0.0,0.0,0.0,0.0,0.0,,,0.0,,0.594152155376,,SF,4200
202389,Timofey,Mozgov,15.6,8,CLE@NY,CLE,NY,,,20.4,21.25,19,0.596239075261,1.1841953663,0.287581315541,3.32416682307,2.16812124843,3.60863921661,0.288981985382,1.38857014774,5.77676046504,3.99668894226,0.093734840141,7.21703286918,2.53252451819,10.6196372428,27.0,0.0461474413102,2.36623722319e-08,20.0038929694,21.1031047196,8.82191255901,8.33566369721,C,4200
203473,Dewayne,Dedmon,18.6,8,UTA@ORL,ORL,UTA,,,12.8,14.0,19,0.18344460498,1.18041639068,0.0131089447141,1.33199549268,1.86264164546,2.81225315455,0.466593350255,0.780913183681,4.67489480002,1.70224862563,0.00278569518569,3.49538507426,0.92469166511,4.33197461156,16.0,0.00170535784782,8.48432268281e-10,12.7301215773,13.358273796,4.94656155904,4.6003331376,C,4100
201585,Kosta,Koufos,20.3,9,BKN@SAC,SAC,BKN,,,16.4,17.25,19,0.394372673953,0.913666943515,5.37480432022e-05,0.718132952516,2.13240152179,2.49803651223,0.533245745893,0.802419477295,4.63043803402,2.80404143338,1.54881432904e-06,5.25640855582,0.407651783536,6.0157361991,19.0,0.00420658552865,2.06809051332e-10,14.2552267524,14.894269046,6.78113377752,6.32519129331,C,4100
203476,Gorgui,Dieng,14.3,8,MIN@IND,MIN,IND,,,11.4,12.25,19,0.454788613672,0.479751113752,0.0149605326102,0.871857057289,0.961648405309,1.60263674808,0.478849379359,0.751028229389,2.56428515339,1.45357090852,0.00312226766003,2.86164715541,0.701190467897,3.6114545526,11.0,1.45102304107e-05,4.31421766806e-15,8.53695241401,9.04226368554,4.30737560344,3.9477835273,C,4100
203499,Shane,Larkin,13.8,8,BKN@SAC,BKN,SAC,,,16.9,19.0,19,2.13722845911,0.131546540059,0.917944551523,0.663529536786,0.173061930643,1.03198486271,0.81002867249,1.02828910877,1.20504679335,1.91881240756,0.384949216038,4.10198745764,0.492024559816,4.71459859097,15.0,9.90781478122e-06,6.04024488211e-12,10.221358748,10.9882451118,5.08518996441,4.97793676079,PG,4100
200826,Jose Juan,Barea,17.5,8,LAL@DAL,DAL,LAL,,,-0.8,0.25,19,2.74895977374,0.00399027623215,1.78986422367,1.03961882984,0.317877150424,0.499799144164,0.179887632125,1.02722509669,0.817676294588,1.92292208476,0.539991189318,5.09099811105,0.812561778423,5.19839713726,13.0,9.18558262191e-05,1.61194627492e-12,9.64357907139,10.4682088129,5.57613571232,5.71603166207,PG,4100
202709,Cory,Joseph,17.5,9,NO@TOR,TOR,NO,,,17.6,19.25,19,3.59075214285,0.348579277643,0.996271431632,2.67462882851,0.636782849347,1.81387461966,1.00211261099,1.37423859871,2.450657469,3.94395851623,0.339818768997,7.54808443773,2.17120138057,10.398937182,29.0,0.00268617844616,6.01829658582e-07,20.0529995376,21.0365921681,8.59107929344,8.22717271659,PG,4100
201584,Courtney,Lee,18.3,9,POR@MEM,MEM,POR,,,10.9,11.5,19,1.3836063121,0.223176791532,2.98477067204,1.92934717153,0.484812061862,1.39841141807,1.09217713447,0.705487645207,1.88322347993,2.90485947582,0.748341396602,7.71689426411,1.74584280394,8.30390315219,26.0,1.35817409401e-05,2.88322678565e-11,14.564401003,15.3854970706,7.68712088146,7.93855570924,SG,4100
203080,Thomas,Robinson,12.4,8,BKN@SAC,BKN,SAC,,,8.0,9.25,19,0.421908796099,0.422110326672,0.0168660707004,1.35116333947,1.55623419195,2.11826000995,0.438950960594,0.97567309275,3.6744942019,1.79962082499,0.000412161476709,3.4018902302,0.667471377174,4.26712518862,12.0,0.000354677250912,4.13039410041e-14,10.0558309068,10.7281302599,4.94478612819,4.53920005888,PF,4000
202687,Bismack,Biyombo,15.4,9,NO@TOR,TOR,NO,,,15.8,16.75,19,0.240037113074,1.43557417395,1.17832955581e-05,2.79162709863,2.8144777958,3.57282327601,0.252652667462,0.879128201267,6.38730107182,1.80267478758,3.24710133276e-06,3.92997983802,1.87896883068,5.48432165293,20.0,0.0177864084529,4.97804761288e-08,16.0064640903,16.7920746301,5.50634477195,5.20170869557,C,4000
2734,Devin,Harris,16.1,8,LAL@DAL,DAL,LAL,,,22.6,23.25,19,2.87066397354,0.407633647439,3.47607670638,3.14277347543,0.342757760138,1.50693341384,1.13297193027,1.07997516199,1.84969117398,2.80865379898,0.912146306223,7.60734668461,2.09981547735,8.62926938154,24.0,0.000389533316035,9.33327864487e-09,17.1561307441,18.2452603648,7.88990503957,8.32525667816,SG,4000
203994,Jusuf,Nurkic,18.0,62,HOU@DEN,DEN,HOU,O,Knee,0.0,0.0,19,0.0,0.0,0.0,0.0,0.0,0.0,0.0,0.0,0.0,0.0,0.0,0.0,0.0,0.0,0.0,,,0.0,,0.959889227623,,C,4000
203092,Tyler,Zeller,6.7,5,ATL@BOS,BOS,ATL,,,7.9,8.5,19,0.406049549876,0.171232004614,0.000499219329138,0.701760021718,0.455621053985,0.540657762911,0.0515740817031,0.295244223622,0.996278816895,1.2078922268,4.6003287375e-05,2.26013548409,0.579437037727,2.99526749462,6.0,2.32075256147e-09,5.39007984029e-20,4.95024434872,5.1477034065,3.70612515375,3.33712782801,C,4000
1626170,Jerian,Grant,16.1,9,CLE@NY,NY,CLE,,,11.3,12.0,19,2.5875827568,0.0596630693208,1.11159417511,1.8603843262,0.289576072791,1.78509716823,0.491761374102,0.996283782346,2.07467324103,1.69434904223,0.15993580234,4.29253627298,1.51869203131,5.06732591811,15.0,5.58124766406e-05,2.98419062908e-09,11.544873047,12.2268002291,4.98515671562,4.78255524951,PG,4000
203530,Joffrey,Lauvergne,21.9,3,HOU@DEN,DEN,HOU,O,Back,0.0,0.0,19,0.0,0.0,0.0,0.0,0.0,0.0,0.0,0.0,0.0,0.0,0.0,0.0,0.0,0.0,0.0,,,0.0,,0.887919704646,,PF,4000
203501,Tim,Hardaway Jr.,16.7,70,ATL@BOS,ATL,BOS,,,0.0,0.0,19,0.0,0.0,0.0,0.0,0.0,0.0,0.0,0.0,0.0,0.0,0.0,0.0,0.0,0.0,0.0,,,0.0,,0.561033765165,,SG,3900
202347,Quincy,Pondexter,12.6,75,NO@TOR,NO,TOR,O,Knee,0.0,0.0,19,0.0,0.0,0.0,0.0,0.0,0.0,0.0,0.0,0.0,0.0,0.0,0.0,0.0,0.0,0.0,,,0.0,,0.580124192446,,SF,3900
2549,Chris,Kaman,0.0,1,POR@MEM,POR,MEM,,,14.3,16.0,19,1.38140193777,0.826108537305,0.00824416378088,1.53517130874,2.23343474749,2.47616001706,0.272571618253,1.99911092768,4.70959476455,4.73278667861,0.0,9.22819447579,1.09658349468,10.5621568519,24.0,,,18.4840228594,,10.7634596252,,C,3900
202344,Trevor,Booker,11.7,7,UTA@ORL,UTA,ORL,,,23.9,25.25,19,1.22058450903,0.732953316617,1.10018789561,1.1749328515,2.41292703588,3.11550792905,0.981243030699,1.25288698803,5.52843496493,2.88605164834,0.295479010286,7.4718132363,0.684613953198,6.75219626016,26.0,0.0161273873916,1.24269935651e-08,17.3927006882,18.467496554,7.76524671189,7.60556658764,PF,3900
201596,Mario,Chalmers,14.6,6,POR@MEM,MEM,POR,,,22.2,23.25,19,2.80488004859,0.113754311037,1.98548031888,2.17214457635,0.180271957113,1.04632988898,1.35169891336,1.4463519833,1.22660184609,2.13880535029,0.469458695104,5.50519459384,1.83950571489,6.58657511058,20.0,0.000183051953328,4.29597246329e-10,13.7503718643,14.769881875,6.00426285297,6.0561269242,PG,3900
200757,Thabo,Sefolosha,17.8,7,ATL@BOS,ATL,BOS,,,18.0,18.25,19,1.3864396171,0.430035233586,1.41518770765,1.31843768473,1.05076039207,2.04007703177,1.3454148985,0.90407771162,3.09083742384,2.58939014939,0.636406486765,5.12363394255,0.840740671029,6.65592745657,21.0,0.00039592260483,1.4428663951e-09,15.0914143434,16.016792202,6.14913295602,6.11257309244,SF,3900
203088,Kendall,Marshall,10.3,28,PHI@OKC,PHI,OKC,O,Knee,0.0,0.0,19,0.0,0.0,0.0,0.0,0.0,0.0,0.0,0.0,0.0,0.0,0.0,0.0,0.0,0.0,0.0,,,0.0,,0.899244200232,,PG,3900
201600,Omer,Asik,7.9,3,NO@TOR,NO,TOR,,,13.4,15.25,19,0.595523422706,0.778856380322,7.65271556727e-05,2.94820189155,2.44936137198,3.78116262442,0.450878959442,1.43765788891,6.2305239964,1.90478879767,3.62311014155e-06,4.0923560383,1.73971894953,5.54930016798,24.0,0.0165688532102,2.01135074536e-10,14.9410268883,15.9962371246,5.68938062178,5.37086668593,C,3900
201168,Tiago,Splitter,14.3,9,ATL@BOS,ATL,BOS,,,6.6,6.75,19,0.907668318413,0.329289770736,0.0433264729823,1.47344310278,1.09197378481,1.6673633786,0.480082719228,0.705720966895,2.75933716341,2.10291595727,3.53366843044e-06,3.98091154395,1.17040495719,5.3762404054,14.0,9.13987423887e-05,4.21171727783e-12,10.9619714922,11.4529376987,5.52929266892,5.10561405216,C,3900
203914,Gary,Harris,16.4,8,HOU@DEN,DEN,HOU,,,8.8,10.0,19,0.782216786642,0.106810046407,1.23771834397,0.484090901494,0.22640308214,0.836362187646,0.522917948778,0.625425190316,1.06276526979,1.23797265763,0.425789467065,3.09863032646,0.347551519878,3.2492863022,11.0,9.39478604924e-09,1.0540625695e-16,6.33196060597,6.91070621224,3.99964279762,4.12986952059,SG,3800
203138,Hollis,Thompson,16.7,8,PHI@OKC,PHI,OKC,,,11.7,14.25,19,1.26145906865,0.174917200751,3.58760761929,1.22652349506,0.638961160653,1.7564842407,0.490123187724,1.11781746964,2.39544540136,2.51111521611,1.49934283748,6.25470080262,0.941726489642,7.46329975934,22.0,7.37819778106e-05,6.5992922479e-11,12.4422861513,13.8707492481,7.45804055481,8.31331349575,SF,3800
201949,James,Johnson,10.3,6,NO@TOR,TOR,NO,,,0.0,0.0,19,0.0,0.0,0.0,0.0,0.0,0.0,0.0,0.0,0.0,0.0,0.0,0.0,0.0,0.0,0.0,,,0.0,,0.868285018993,,SF,3800
203932,Aaron,Gordon,16.9,9,UTA@ORL,ORL,UTA,,,30.5,30.75,19,1.45873905145,1.18478979497,1.91452401467,3.50884472326,2.48823410554,2.77304877976,0.725107945589,1.44622696702,5.2612828853,3.67411284643,0.514424490752,8.20172123987,2.47330467699,10.3359548606,27.0,0.0268385206185,1.00288724158e-07,21.2111714142,22.4948193692,8.68351906566,8.55025873482,PF,3800
202335,Patrick,Patterson,12.9,9,NO@TOR,TOR,NO,,,10.2,11.75,19,1.25703804607,0.372930416728,3.51929358024,0.475708928377,0.923806507404,2.10176321909,0.739704910119,0.89694764506,3.0255697265,2.49665522947,1.15992401702,6.23479214905,0.397217323596,6.55045179954,22.0,0.000335848280801,2.94563350758e-10,13.3950155491,14.5752336398,7.17068681984,7.83821986859,PF,3800
203926,Doug,McDermott,14.3,8,CHA@CHI,CHI,CHA,,,10.4,11.0,19,0.474538320451,0.0441633122057,2.57669070292,0.649244875406,0.313266855509,0.827167464088,0.224743319434,0.72804107665,1.1404343196,2.64076963818,1.19898804138,5.7008085204,0.471805736235,6.95233305397,16.0,1.17566509796e-07,1.220137951e-17,8.84243390479,9.86297035614,6.6802739019,7.15572173454,SF,3800
101112,Channing,Frye,14.5,4,UTA@ORL,ORL,UTA,,,14.5,16.25,19,0.937626372401,0.417152533295,4.84133491747,0.681718327712,0.981978065367,1.63141598834,0.474033182672,0.998420070817,2.61339405371,2.98962398205,1.93039434798,6.81786425917,0.550476943379,8.46011925547,23.0,0.000179482666973,1.1132702895e-11,13.7865830396,15.3819291758,8.91164450904,10.0829053284,PF,3800
201158,Marco,Belinelli,17.5,9,BKN@SAC,SAC,BKN,,,23.4,26.0,19,2.80768504336,0.0265623520732,5.26907196785,3.09515643274,0.34260037492,1.10114249345,0.74396258098,1.54628512965,1.44374286837,4.23554883486,1.95696865615,10.9570152961,2.62600999327,13.0540763191,31.0,0.000536349476771,1.57425710763e-09,18.9928600627,20.8174786279,11.1384708929,12.1576917963,SG,3800
201580,JaVale,McGee,9.1,23,LAL@DAL,DAL,LAL,O,Leg,0.0,0.0,19,0.0,0.0,0.0,0.0,0.0,0.0,0.0,0.0,0.0,0.0,0.0,0.0,0.0,0.0,0.0,,,0.0,,0.88414802411,,C,3700
201156,Nick,Young,15.5,8,LAL@DAL,LAL,DAL,,,8.0,8.25,19,0.607817957984,0.23524095076,4.120592017,1.80385797451,0.192751019474,0.924152348453,0.540468620418,0.627799842292,1.11690336793,2.94107853145,1.67124052934,7.48282871317,1.65458291283,9.20798050507,17.0,1.59238787549e-07,2.30301597249e-16,12.3836107836,13.5889763767,8.47372838519,9.41282816871,SG,3700
1626158,Richaun,Holmes,10.3,7,PHI@OKC,PHI,OKC,O,Hamstring,0.0,0.0,19,0.0,0.0,0.0,0.0,0.0,0.0,0.0,0.0,0.0,0.0,0.0,0.0,0.0,0.0,0.0,,,0.0,,0.826541042835,,PF,3700
203503,Tony,Snell,14.3,8,CHA@CHI,CHI,CHA,,,5.2,6.25,19,0.762852762979,0.264432067505,2.37627320573,0.611196112088,0.224459876067,1.60478554311,0.286419192623,0.625809596152,1.82924541917,1.80647127742,1.00882572457,4.62193931063,0.545887244244,5.16765552366,17.0,3.81597720378e-06,3.51429859906e-14,8.98292209524,9.89170775052,5.60739138107,6.1690563773,SG,3700
201148,Brandan,Wright,14.1,7,POR@MEM,MEM,POR,GTD,Knee,0.0,0.0,19,0.0,0.0,0.0,0.0,0.0,0.0,0.0,0.0,0.0,0.0,0.0,0.0,0.0,0.0,0.0,,,0.0,,0.863752431736,,C,3700
708,Kevin,Garnett,11.5,7,MIN@IND,MIN,IND,,,2.4,3.5,19,1.17148937843,0.285206230357,0.0604753373915,0.730250888568,0.55542010833,2.27145633531,0.622242104764,0.653169418136,2.82687644364,1.70101096708,0.00816550602781,3.96075560749,0.443162873073,3.85335031325,15.0,3.90156938129e-05,1.81753806891e-11,10.1645633654,10.6366331732,5.10275595399,4.80807291831,PF,3700
101111,Charlie,Villanueva,13.4,7,LAL@DAL,DAL,LAL,,,10.1,11.75,19,0.493445850467,0.371973698342,4.11956443133,0.66171644729,0.46790377263,1.6263046697,0.252037171347,0.528891799325,2.09420844233,2.83768586577,1.27646402802,7.05482181891,0.410404987701,7.36224074725,14.0,2.43094968574e-05,3.91192154419e-15,11.3345895938,12.3420143938,7.95749243638,8.71397138942,PF,3700
203527,Ryan,Kelly,11.9,5,LAL@DAL,LAL,DAL,,,0.0,0.0,19,0.0,0.0,0.0,0.0,0.0,0.0,0.0,0.0,0.0,0.0,0.0,0.0,0.0,0.0,0.0,,,0.0,,0.759942184803,,SF,3700
1897,Metta,World Peace,16.7,4,LAL@DAL,LAL,DAL,,,5.6,5.75,19,0.776115443391,0.526218308337,2.69787193486,0.595057511265,0.544364495955,1.23723593911,0.994718751019,0.677904669377,1.78160043507,2.46297887317,1.03502435313,6.02837799344,0.396174364217,6.35715646368,18.0,4.79574292027e-06,5.59058157915e-13,12.0232196002,12.9687713268,6.70245879651,7.17044389771,SF,3700
203894,Shabazz,Napier,7.9,8,UTA@ORL,ORL,UTA,,,3.2,5.25,19,2.28171592789,0.0513561454837,2.4431621725,0.961374960807,0.262404776643,0.722318248606,0.691670318257,1.52711206912,0.98472302525,1.95098650869,0.937391069597,4.84300571357,0.754354006138,5.5937180931,18.0,2.71578139019e-05,2.72850862602e-12,10.1569004736,11.4384289309,5.83537679394,6.31792965174,PG,3700
201147,Corey,Brewer,14.3,8,HOU@DEN,HOU,DEN,,,4.1,4.75,19,1.08858828987,0.135806880221,1.27601525037,1.29123507247,0.389410114243,1.0108605313,0.693389593091,0.655554062317,1.40027064554,1.80087087287,0.264065896294,4.95030239916,0.885230108072,4.75103775011,14.0,2.94197540511e-07,6.49174822278e-14,9.06708384387,9.59690779675,5.33730887352,5.2554306451,SF,3700
201962,Toney,Douglas,18.7,6,NO@TOR,NO,TOR,,,9.5,9.5,19,1.82057923383,0.145962993366,2.05218625137,0.942319256734,0.296070803266,0.495011808566,0.816547266864,0.92686776107,0.791082611832,2.00714342233,0.764305168036,4.90342316942,0.70579925467,5.48439126737,15.0,4.02570233491e-06,1.21611047817e-13,10.1627120117,11.0478586454,5.69317450229,5.99069736402,PG,3600
203098,John,Jenkins,10.9,3,LAL@DAL,DAL,LAL,,,0.0,0.0,19,0.0,0.0,0.0,0.0,0.0,0.0,0.0,0.0,0.0,0.0,0.0,0.0,0.0,0.0,0.0,,,0.0,,0.582810322533,,SG,3600
203940,Adreian,Payne,7.7,5,MIN@IND,MIN,IND,,,0.0,0.0,19,0.0,0.0,0.0,0.0,0.0,0.0,0.0,0.0,0.0,0.0,0.0,0.0,0.0,0.0,0.0,,,0.0,,0.754829062831,,PF,3600
203960,Jakarr,Sampson,9.2,8,PHI@OKC,PHI,OKC,,,16.9,17.0,19,0.807296233945,0.292615653043,1.36422335867,1.79233742892,0.762029188138,1.75573689723,0.591209518749,1.29818610062,2.51776608537,2.61631729464,0.336730057859,5.74501705033,1.20452420104,6.77388884818,19.0,8.59163926976e-05,1.41168881339e-12,11.4756167445,12.4190920026,6.45139808803,6.24977871167,SF,3600
201978,Chase,Budinger,8.9,9,MIN@IND,IND,MIN,,,17.5,18.0,19,1.06402987945,0.193869742492,1.82649690289,0.940474143147,0.337301210511,0.928002976306,0.440324484029,0.521329378954,1.26530418682,1.71492425482,0.694695936673,4.00188421216,0.628010775109,4.75255522141,15.0,1.48623350053e-07,2.39972315318e-14,8.61402413885,9.28530222894,5.03454882837,5.31320549981,SF,3600
201967,Dante,Cunningham,11.3,8,NO@TOR,NO,TOR,,,8.6,9.75,19,0.686403143492,0.272385992481,0.835723142354,0.553349310128,0.692642419586,1.86619162801,0.37749759216,0.367140378166,2.5588340476,1.63561003739,0.228613940203,3.66079590923,0.335249560284,3.83508357527,19.0,2.19094423911e-05,7.54907048373e-14,8.86791593875,9.29376766448,4.53412024346,4.353322932,PF,3600
204028,Tarik,Black,10.2,6,LAL@DAL,LAL,DAL,,,0.0,0.0,19,0.0,0.0,0.0,0.0,0.0,0.0,0.0,0.0,0.0,0.0,0.0,0.0,0.0,0.0,0.0,,,0.0,,0.819342662432,,C,3600
201228,C.J.,Watson,13.1,8,UTA@ORL,ORL,UTA,O,Calf,0.0,0.0,19,0.0,0.0,0.0,0.0,0.0,0.0,0.0,0.0,0.0,0.0,0.0,0.0,0.0,0.0,0.0,,,0.0,,0.825825484982,,PG,3600
203459,Allen,Crabbe,12.4,9,POR@MEM,POR,MEM,,,18.1,19.75,19,0.980385675286,0.259628062921,2.12418120114,0.737520194742,0.1883950071,0.912450515514,0.58540474553,0.585883597644,1.10084552261,2.19103982623,0.687819803273,5.0388789469,0.582388683517,5.65228813925,18.0,7.25301505244e-08,5.04370189034e-15,9.54806329857,10.239957384,5.8126311151,6.00957302517,SG,3600
202682,Derrick,Williams,13.0,9,CLE@NY,NY,CLE,,,20.9,21.25,19,0.661671926379,0.188759433407,1.77942393171,3.32412790104,0.569504065038,1.24973167418,0.624322710696,0.809510107872,1.81923573921,2.57864386046,0.486653454548,6.35619072111,2.37985031013,8.0237914856,16.0,8.8224887175e-06,3.38757702025e-14,12.0160364426,12.7550932445,6.94011346306,6.92405757161,PF,3600
1626204,Larry,Nance Jr.,11.5,4,LAL@DAL,LAL,DAL,,,8.0,8.25,19,0.325791453101,0.0838979275561,0.397026986365,0.680956368934,0.518334455097,2.03650327304,0.244118041855,0.526176010293,2.55483772814,1.42712318011,0.125848974632,2.93435086095,0.461513712419,3.44160904727,11.0,1.40754329377e-05,4.1207068324e-17,7.12595742922,7.57973292124,4.10841642873,3.83694761951,PF,3600
203210,JaMychal,Green,13.6,9,POR@MEM,MEM,POR,,,8.8,10.0,19,0.473108020152,0.483821840757,0.778301002604,1.59451487609,1.89191779236,2.82807281086,0.526564281013,1.24717695919,4.71999060322,2.6545903752,0.197989973743,5.515015061,1.18789573142,6.69506645557,18.0,0.00644967996641,3.26176387177e-12,13.842312494,14.8105700106,6.52268515015,6.20166199754,PF,3600
201145,Jeff,Green,11.9,9,POR@MEM,MEM,POR,,,27.0,27.25,19,1.81636805115,0.325795636485,3.00607489195,2.97404963174,0.77506008979,2.23407666363,0.647490130962,1.54781800501,3.00913675342,4.07261656727,0.873380474559,10.4430493499,2.42285628403,11.4414698931,30.0,0.000817408610748,1.67872688792e-08,18.1757396038,19.5380218446,10.0685992382,10.2342192877,SF,3600
203515,Phil (Flip),Pressey,10.6,5,PHI@OKC,PHI,OKC,,,2.5,3.0,19,2.21371825905,0.0678777093285,1.15465736424,0.913000039489,0.158831949673,0.443246640971,0.507429760643,0.844016236562,0.602078590643,1.033613722,0.318183886948,2.84958646143,0.572387502817,2.95779883376,10.0,3.26637761315e-06,3.90631526049e-15,7.30746923449,7.91867812535,3.71461846261,3.79916209373,PG,3600
101138,Brandon,Bass,10.3,7,LAL@DAL,LAL,DAL,,,24.5,27.0,19,0.9273588377,0.37428730027,0.224052174621,1.77799698026,1.95425984292,2.01798240903,0.343130087849,1.08321034288,3.97224225196,2.8438173074,0.0451828041115,5.79764894884,1.47996443573,7.21278185465,18.0,0.00258632698334,1.44782955213e-10,13.7221352469,14.4888234239,7.13678693184,6.74340416227,PF,3600
2440,Matt,Barnes,15.5,9,POR@MEM,MEM,POR,,,11.6,12.75,19,0.817165078053,0.542900973001,3.19308887135,0.937462733197,0.461154710837,1.54828778038,0.792857255284,0.626926244213,2.00944249122,1.87765834426,0.972344924659,5.41013804526,0.817601396547,5.54526300972,18.0,9.55884215887e-06,2.96266778425e-13,11.2269318286,12.1270538759,6.28850713935,6.94493549653,SF,3600
203999,Nikola,Jokic,13.6,7,HOU@DEN,DEN,HOU,,,8.0,8.75,19,0.387784628894,0.108555508028,0.11932300043,0.63617081117,0.611082374772,0.886779557866,0.214915731181,0.423047207735,1.49786193264,0.967619414684,0.0295112171001,1.97451355607,0.428628839625,2.39337888609,6.0,4.04845762099e-08,6.05264591646e-19,4.99638541928,5.29755778906,3.26945057423,2.97893479254,C,3600
200811,Louis,Amundson,10.7,2,CLE@NY,NY,CLE,,,11.2,12.0,19,1.13615385866,1.15135499118,0.013253040771,1.90209093952,2.09897040481,2.42894573598,0.648518390985,1.17992415728,4.52791614079,2.17794055341,8.39847513122e-06,4.69841540831,0.861820080144,5.21770958543,20.0,0.00253931966696,1.91258310332e-09,14.7752623494,15.5954334196,6.10204638,5.75972845912,PF,3600
203893,Russ,Smith,4.6,5,POR@MEM,MEM,POR,,,0.0,0.0,19,0.0,0.0,0.0,0.0,0.0,0.0,0.0,0.0,0.0,0.0,0.0,0.0,0.0,0.0,0.0,,,0.0,,0.809208665605,,PG,3500
204060,Joe,Ingles,10.5,8,UTA@ORL,UTA,ORL,,,9.0,10.5,19,0.725696910807,0.0540127994696,1.02218174638,0.161274670688,0.0852620454114,0.531016739654,0.312441494267,0.276501754791,0.616278785065,0.819540704727,0.422698420727,1.71251267819,0.132705002455,2.19448483264,8.0,1.20011833827e-10,1.23156469643e-19,4.47897157361,4.8593856008,3.11768603096,3.31485912351,SF,3500
2592,James,Jones,4.0,8,CLE@NY,CLE,NY,,,3.6,3.75,19,0.367875516239,0.112374994273,2.47265357177,0.566500276512,0.15783508005,0.33359660535,0.140107841436,0.247979650274,0.491431685401,1.11363721418,0.948953175776,2.98449148662,0.479460673369,3.6556882775,10.0,1.31034422054e-11,1.10557911941e-22,5.05420559548,5.6772435928,4.84290729898,5.56889243591,SF,3500
203963,Shayne,Whittington,-2.0,1,MIN@IND,IND,MIN,,,0.0,0.0,19,0.0,0.0,0.0,0.0,0.0,0.0,0.0,0.0,0.0,0.0,0.0,0.0,0.0,0.0,0.0,,,0.0,,0.827925034471,,C,3500
1626209,Mario,Hezonja,6.7,9,UTA@ORL,ORL,UTA,,,5.0,7.0,19,0.431669344234,0.0928415876502,1.29840728456,0.516738591643,0.182465527019,0.756106311896,0.24244871666,0.733774833864,0.938571838915,1.17338821739,0.439403221362,2.94504808519,0.430690919651,3.2168705758,9.0,2.76808622274e-09,1.16171792697e-19,4.9274665736,5.56098419731,3.90284361082,4.06569790969,SF,3500
203461,Anthony,Bennett,4.2,6,NO@TOR,TOR,NO,,,0.2,0.75,19,0.0803482895619,0.0275687584707,0.100207528221,0.196264279204,0.124635897648,0.180802001479,0.0761337662776,0.10876582664,0.305437899127,0.231536968497,0.0157154731928,0.619199048755,0.142960040552,0.621749450738,2.0,6.51018359284e-17,2.96556986712e-34,1.20743658689,1.28494913176,1.53625169065,1.42631878945,PF,3500
1626181,Norman,Powell,3.9,5,NO@TOR,TOR,NO,,,5.6,5.75,19,0.483329134923,0.114700525804,0.779094865025,0.461213969194,0.608119982088,1.41626357241,0.370205479372,0.508201230968,2.0243835545,1.63366825028,0.160044006159,4.08399576585,0.339797253476,3.7671777602,11.0,3.05801006801e-06,4.0724340742e-16,7.38304250737,7.81838889067,4.75571065466,4.56273186931,SG,3500
2406,Caron,Butler,4.8,5,BKN@SAC,SAC,BKN,,,15.8,17.0,19,0.826599071656,0.0443094198015,2.43455216788,0.686829459974,0.421421667847,0.665604516968,0.689369694153,0.583455546135,1.08702618482,2.13187515447,0.791190360888,5.24334198192,0.549763278008,5.60470394783,19.0,5.20224259074e-08,1.10377099909e-15,9.03293665887,9.77461099965,5.96730347197,6.31110260956,SF,3500
2034,Mike,Miller,3.5,6,HOU@DEN,DEN,HOU,,,0.0,0.0,19,0.0,0.0,0.0,0.0,0.0,0.0,0.0,0.0,0.0,0.0,0.0,0.0,0.0,0.0,0.0,,,0.0,,0.597483202867,,SF,3500
200751,Randy,Foye,8.8,8,HOU@DEN,DEN,HOU,,,18.7,19.25,19,2.5279980385,0.226464988736,6.07622378125,1.36380391887,0.202193400869,1.15335829068,0.815128095829,1.38972395475,1.35555169155,3.21672076173,1.87351899511,9.12663780076,1.07634587789,9.38330639647,26.0,0.000163088216714,2.77627535901e-10,15.4954276985,17.1950713911,10.3213733684,11.6537771974,SG,3500
1626257,Salah,Mejri,2.2,5,LAL@DAL,DAL,LAL,,,0.0,0.0,19,0.0,0.0,0.0,0.0,0.0,0.0,0.0,0.0,0.0,0.0,0.0,0.0,0.0,0.0,0.0,,,0.0,,0.871664190769,,C,3500
203200,Justin,Holiday,8.1,7,ATL@BOS,ATL,BOS,,,6.7,7.75,19,1.02316579412,0.382862686444,2.25296465508,0.598446830358,0.237757812814,0.559057477843,0.630299083982,0.663661223469,0.796815290656,1.79025436909,0.611915465525,4.70886250784,0.477265094656,4.66968929835,14.0,1.92638564481e-08,2.68864261567e-16,8.52327865571,9.20090779364,5.35347333583,5.62333980618,SG,3500
201582,Alexis,Ajinca,9.9,8,NO@TOR,NO,TOR,,,21.8,22.75,19,1.00446490483,1.16925185211,0.0374170178582,1.80284689441,2.69598477978,3.48228593857,0.703381943792,1.4578859356,6.17827071834,4.24514849134,0.011591923115,8.11097908399,1.51945668626,10.021345592,24.0,0.0589884485462,3.40515704707e-08,21.2293494675,22.3614847078,9.68175549611,9.21987305626,C,3500
204014,Damjan,Rudez,2.0,4,MIN@IND,MIN,IND,,,1.2,1.25,19,0.352255754367,0.0334300457474,1.0574528322,0.149420617869,0.0937388709218,0.156864295305,0.110522759244,0.319563814423,0.250603166227,0.752292086184,0.430126967565,1.6610462897,0.106055746208,2.04076688614,7.0,9.0957184407e-14,1.88232753614e-26,2.83821611272,3.22559166203,3.00700787159,3.25565445933,SF,3500
203925,Joe,Harris,2.4,4,CLE@NY,CLE,NY,,,0.0,0.0,19,0.0,0.0,0.0,0.0,0.0,0.0,0.0,0.0,0.0,0.0,0.0,0.0,0.0,0.0,0.0,,,0.0,,0.60152111977,,SG,3500
203118,Mike,Scott,7.4,10,ATL@BOS,ATL,BOS,,,6.7,6.75,19,0.907189931683,0.0209605689988,1.57373458393,0.836266917493,0.494990461949,0.824350821158,0.196228034728,0.426986769255,1.31934128311,1.85832421711,0.519075704514,4.25932233996,0.729292822455,4.96501696119,12.0,1.96768196121e-07,8.70276949011e-15,7.91640183665,8.45540043284,5.10716826548,5.18311934202,SF,3500
203475,Erick,Green,0.9,3,HOU@DEN,DEN,HOU,,,0.0,0.0,19,0.0,0.0,0.0,0.0,0.0,0.0,0.0,0.0,0.0,0.0,0.0,0.0,0.0,0.0,0.0,,,0.0,,0.673447419146,,SG,3500
1626167,Myles,Turner,11.5,8,MIN@IND,IND,MIN,O,Hand,0.0,0.0,19,0.0,0.0,0.0,0.0,0.0,0.0,0.0,0.0,0.0,0.0,0.0,0.0,0.0,0.0,0.0,,,0.0,,0.811034325937,,PF,3500
200779,Steve,Novak,3.0,35,PHI@OKC,OKC,PHI,,,4.2,4.75,19,0.0393229188827,0.0085004594315,0.236071955983,0.0117168149628,0.0118852689901,0.0152190772922,0.0104148684802,0.0171496675491,0.0271043462823,0.114412190553,0.0989499216524,0.279014517617,0.00643015329564,0.334204456053,1.0,3.63531498813e-25,2.04174371769e-47,0.44639503819,0.505800050105,1.15120102333,1.28807447737,SF,3500
203082,Terrence,Ross,10.4,7,NO@TOR,TOR,NO,O,Finger,0.0,0.0,19,0.0,0.0,0.0,0.0,0.0,0.0,0.0,0.0,0.0,0.0,0.0,0.0,0.0,0.0,0.0,,,0.0,,0.627888815371,,SG,3500
203516,James,Ennis,0.5,3,POR@MEM,MEM,POR,,,0.0,0.0,19,0.0,0.0,0.0,0.0,0.0,0.0,0.0,0.0,0.0,0.0,0.0,0.0,0.0,0.0,0.0,,,0.0,,0.672163260223,,SF,3500
203962,Josh,Huestis,0.0,0,PHI@OKC,OKC,PHI,,,0.0,0.0,19,0.0,0.0,0.0,0.0,0.0,0.0,0.0,0.0,0.0,0.0,0.0,0.0,0.0,0.0,0.0,,,0.0,,0.845620626624,,SF,3500
1626148,Anthony,Brown,3.5,2,LAL@DAL,LAL,DAL,,,0.0,0.0,19,0.0,0.0,0.0,0.0,0.0,0.0,0.0,0.0,0.0,0.0,0.0,0.0,0.0,0.0,0.0,,,0.0,,0.800933442171,,SF,3500
203946,Cameron,Bairstow,2.8,2,CHA@CHI,CHI,CHA,,,0.0,0.0,19,0.0,0.0,0.0,0.0,0.0,0.0,0.0,0.0,0.0,0.0,0.0,0.0,0.0,0.0,0.0,,,0.0,,0.764119583146,,PF,3500
1626251,Duje,Dukan,0.0,0,BKN@SAC,SAC,BKN,,,0.0,0.0,19,0.0,0.0,0.0,0.0,0.0,0.0,0.0,0.0,0.0,0.0,0.0,0.0,0.0,0.0,0.0,,,0.0,,0.845620626624,,PF,3500
203090,Maurice,Harkless,14.3,9,POR@MEM,POR,MEM,,,14.1,15.25,19,0.987495237696,0.435547005554,1.93395768555,1.52183445579,1.41528990219,1.90932366372,0.652608752599,1.07375400389,3.32461356591,2.47927317646,0.673492734834,5.55015974275,0.902401171064,6.53444025882,22.0,0.000640231644775,6.50108346169e-11,13.1077769069,14.1485913022,6.29565251586,6.39995962348,SF,3500
1626163,Frank,Kaminsky,6.5,8,CHA@CHI,CHA,CHI,,,12.1,12.75,19,1.70548921838,0.280789095269,2.26180497854,1.14616960528,0.566046489115,2.30158090353,0.704244664439,0.72732282331,2.86762739264,2.63598033447,0.962153489837,6.16917043756,0.848221323831,7.08233548262,20.0,0.000265087654324,3.21273260301e-09,14.3244668775,15.3129840448,6.79439984896,7.10476211953,PF,3500
203463,Ben,McLemore,8.0,9,BKN@SAC,SAC,BKN,,,21.7,23.75,19,1.46389157088,0.0869237828953,3.36532567688,1.7965818262,0.454093468053,0.98955418536,0.801156017227,1.68788944876,1.44364765341,3.2337534447,1.23811229366,7.80620916538,1.4305255001,9.13614468316,25.0,3.25521440212e-06,5.10811417761e-12,13.152629375,14.6878175118,8.26524845425,8.79016845692,SG,3500
1626176,Rakeem,Christmas,0.0,0,MIN@IND,IND,MIN,,,0.0,0.0,19,0.0,0.0,0.0,0.0,0.0,0.0,0.0,0.0,0.0,0.0,0.0,0.0,0.0,0.0,0.0,,,0.0,,0.845620626624,,PF,3500
201961,Wayne,Ellington,7.2,8,BKN@SAC,BKN,SAC,,,12.2,13.25,19,0.827570581826,0.0600403889114,2.12094265675,0.302530790953,0.244303731582,0.625175359316,0.507007725099,0.287543312192,0.869479090898,1.77886106276,0.724267851327,4.91780450322,0.248544163597,4.53053414045,14.0,6.16706558732e-09,7.49630488505e-17,7.66181783809,8.21119738365,5.42659782377,5.78714415693,SG,3500
201973,Jonas,Jerebko,9.1,7,ATL@BOS,BOS,ATL,,,6.6,7.25,19,0.698872124265,0.182255832824,0.96763419572,0.786511060718,0.828016111072,1.24372869739,0.261909763525,0.524895704818,2.07174480846,1.44237435287,0.393378015512,3.11079358414,0.71551927641,3.99364599767,12.0,4.73194258839e-06,1.92348995253e-14,7.89148344209,8.45421464059,4.21332587707,4.20705878147,PF,3500
203481,Jeff,Withey,0.0,1,UTA@ORL,UTA,ORL,,,22.4,22.75,19,0.9050636203,1.69712102876,0.0310921923944,3.49358345596,2.14551699818,2.09758621556,0.504267444037,0.900149218879,4.24310321374,2.86064674907,0.00768978378632,5.58300474723,2.40953261481,8.13851589673,24.0,0.00510163311103,6.03776422409e-08,18.0904629104,18.7641902032,7.34249874927,6.93387525023,C,3500
1626146,Cliff,Alexander,0.0,0,POR@MEM,POR,MEM,,,0.0,0.0,19,0.0,0.0,0.0,0.0,0.0,0.0,0.0,0.0,0.0,0.0,0.0,0.0,0.0,0.0,0.0,,,0.0,,0.845620626624,,PF,3500
2570,Kendrick,Perkins,9.5,3,NO@TOR,NO,TOR,O,Pectoral,0.0,0.0,19,0.0,0.0,0.0,0.0,0.0,0.0,0.0,0.0,0.0,0.0,0.0,0.0,0.0,0.0,0.0,,,0.0,,0.785342715413,,C,3500
203584,Troy,Daniels,2.4,3,CHA@CHI,CHA,CHI,,,4.0,4.5,19,0.118400980554,0.00718765758042,0.58495142698,0.0795530863338,0.0353318331277,0.0791041580639,0.0344710463803,0.102411037082,0.114435991192,0.327775931954,0.225917540714,0.825857753908,0.0590538119746,0.940523216596,2.0,4.27504202987e-19,2.38594700728e-35,1.2363542477,1.40624033615,1.95192298349,2.14573676402,SG,3500
203187,Chris,Johnson,3.0,5,UTA@ORL,UTA,ORL,,,9.5,11.25,19,0.703755974801,0.193896074185,3.53390488269,0.959588242354,0.542180369608,0.90391785376,0.862429966156,0.672895576026,1.44609822337,2.32891668458,1.0894785769,6.13614826525,0.702546160974,6.44985810703,20.0,8.31221443195e-07,2.72094056145e-14,10.6805664419,11.6340596764,7.0114585471,7.67976966667,SG,3500
101109,Raymond,Felton,13.5,8,LAL@DAL,DAL,LAL,,,17.1,17.25,19,2.82336583036,0.21244498256,2.18207762901,1.21150819763,0.367722877358,1.01852190577,0.712020544058,1.40962483835,1.38624478313,3.07854317823,0.65324918663,7.61414623391,1.06011972813,7.87045527123,23.0,0.000284452996875,5.86317534982e-10,14.2083039714,15.3094799043,7.73789624199,7.80221744152,PG,3500
201571,D.J.,Augustin,14.2,8,PHI@OKC,OKC,PHI,,,11.7,12.75,19,3.8247064156,0.0885431031006,2.75743148726,2.62833220636,0.257491095981,1.2499042668,0.856494092799,1.83383583547,1.50739536278,2.94554047102,1.07586566622,6.86919986321,2.04505306151,9.01199966977,23.0,0.00308812551486,1.32773065894e-08,16.6141722848,18.1490250319,7.58701881952,7.96828800499,PG,3500
203906,Roy Devyn,Marble,3.2,1,UTA@ORL,ORL,UTA,,,0.0,0.0,19,0.078593144745,0.011243893557,0.111732516546,0.0760056775924,0.0262294027612,0.0473884040248,0.0400334432179,0.0465262766209,0.073617806786,0.0800482408448,0.0213709090081,0.239885918946,0.0376039366989,0.219071327397,1.0,1.1069840098e-23,8.78683549564e-42,0.481330809586,0.51896029274,1.06851667443,1.04120941534,SG,3500
1891,Jason,Terry,4.3,6,HOU@DEN,HOU,DEN,,,8.0,11.0,19,1.38932255771,0.11540156773,3.19312331585,0.327555226581,0.0986462545348,0.361377846737,0.621875235163,0.762217190429,0.460024101272,1.71003218129,1.09579849449,4.31142411439,0.263596504604,4.77945936169,16.0,3.16466231695e-07,4.53295245967e-16,8.12780853514,9.07981805736,6.02830536669,6.78154962396,PG,3500
202379,Jeremy,Evans,5.9,7,LAL@DAL,DAL,LAL,,,0.0,0.0,19,0.0,0.0,0.0,0.0,0.0,0.0,0.0,0.0,0.0,0.0,0.0,0.0,0.0,0.0,0.0,,,0.0,,0.815341340561,,PF,3500
1626145,Tyus,Jones,2.9,2,MIN@IND,MIN,IND,,,0.0,0.0,19,0.0,0.0,0.0,0.0,0.0,0.0,0.0,0.0,0.0,0.0,0.0,0.0,0.0,0.0,0.0,,,0.0,,0.807685603354,,PG,3500
203135,Robert,Sacre,3.4,1,LAL@DAL,LAL,DAL,,,0.0,0.0,19,0.0,0.0,0.0,0.0,0.0,0.0,0.0,0.0,0.0,0.0,0.0,0.0,0.0,0.0,0.0,,,0.0,,0.791501831316,,C,3500
2760,Anderson,Varejao,5.7,7,CLE@NY,CLE,NY,,,3.6,3.75,19,0.165533974976,0.0696510251155,0.0202664742194,0.169677753681,0.294127751115,0.381315900176,0.0992874477937,0.184690793166,0.675443651292,0.449878941746,8.71880954769e-08,0.911646485835,0.122773581071,1.02253155175,3.0,6.91601962513e-13,2.54978170202e-27,2.23455104842,2.36066867116,2.08948055894,1.85448727895,C,3500
203900,Markel,Brown,8.1,5,BKN@SAC,BKN,SAC,,,0.0,0.0,19,0.0,0.0,0.0,0.0,0.0,0.0,0.0,0.0,0.0,0.0,0.0,0.0,0.0,0.0,0.0,,,0.0,,0.685709187795,,SG,3500
203460,Andre,Roberson,11.4,8,PHI@OKC,OKC,PHI,,,9.9,10.5,19,0.798727520937,0.472940627146,1.42195851351,0.758332179081,0.73011059535,1.53897574473,0.644247098096,0.555586059884,2.26908634008,1.60987201359,0.404388969977,3.52100813164,0.436207452807,4.06034044996,19.0,1.07335976694e-05,1.72940570956e-13,9.66012473006,10.2535826624,4.51115804171,4.49729429317,SG,3500
1626166,Cameron,Payne,3.3,3,PHI@OKC,OKC,PHI,,,-1.0,-0.5,19,0.33492159937,0.0334929394995,0.252652275991,0.143900352138,0.0710553943767,0.214592165777,0.0696774445906,0.118084586738,0.285647560154,0.273755615607,0.0567037081881,0.705709323757,0.106017917272,0.710232856675,2.0,7.90791382631e-16,5.01310828317e-28,1.64364850936,1.74532503483,1.7485008642,1.68372320388,PG,3500
203909,K.J.,McDaniels,1.7,3,HOU@DEN,HOU,DEN,,,0.0,0.0,19,0.0,0.0,0.0,0.0,0.0,0.0,0.0,0.0,0.0,0.0,0.0,0.0,0.0,0.0,0.0,,,0.0,,0.825032501743,,SF,3500
2550,Kirk,Hinrich,1.5,1,CHA@CHI,CHI,CHA,GTD,Toe,6.5,7.0,19,0.897770209692,0.0749254739463,0.922847333765,0.278482628414,0.104427266222,0.104427266222,0.243855557354,0.3846468198,0.208854532444,0.851012859813,0.352226428297,2.15321219879,0.197476735223,2.25172888315,9.0,6.69646868103e-10,1.34063370455e-22,4.10192487942,4.48080423109,3.14614959104,3.2951731044,SG,3500
201627,Anthony,Morrow,4.9,7,PHI@OKC,OKC,PHI,,,15.2,16.25,19,0.511340930888,0.0798230617856,3.89154480354,0.643530807232,0.360225807717,0.672128535082,0.847654860653,0.440414005596,1.0323543428,2.96551428766,1.52490450271,6.80531857959,0.567912600804,8.02384567884,21.0,7.26591138218e-08,1.54111080904e-15,11.4442241258,12.4785012061,8.01491103332,8.83543598552,SG,3500
202734,E'Twaun,Moore,9.6,8,CHA@CHI,CHI,CHA,,,17.0,17.75,19,1.42627836962,0.277706172222,1.68461995649,0.536447371187,0.366072153162,1.40848727321,0.649838692673,0.793261741825,1.77455942637,2.88012553145,0.640057779266,6.27277825647,0.346111722876,6.74642056505,23.0,5.93972339095e-06,1.36269948203e-11,12.0771374191,12.8825340606,6.85642887992,6.84635902215,PG,3500
202353,Tibor,Pleiss,1.1,3,UTA@ORL,UTA,ORL,,,3.0,3.5,19,0.575735296019,0.320746545819,0.541262166106,0.692691996659,0.34115482525,1.20470072932,0.297250949781,0.581682954792,1.54585555457,1.41663194087,0.1490684863,3.18375700684,0.510337617008,3.49266998506,10.0,2.42264905093e-07,1.59303186053e-16,6.86561163097,7.30828049264,4.19551273319,3.97743590012,C,3500
203123,Kostas,Papanikolaou,4.7,4,HOU@DEN,DEN,HOU,,,0.2,0.75,19,0.377234186952,0.0557965997061,0.529752983769,0.0872318456417,0.206867824157,0.307529654451,0.140786025943,0.269086759371,0.514397478609,0.365081854079,0.171499853767,0.949372663133,0.0635087993154,0.965172361241,4.0,2.88701721434e-13,3.13707535273e-24,2.27237910793,2.51839228843,2.03206370592,2.12000463012,SF,3500
203961,Eric,Moreland,2.5,3,BKN@SAC,SAC,BKN,,,0.0,0.0,19,0.0,0.0,0.0,0.0,0.0,0.0,0.0,0.0,0.0,0.0,0.0,0.0,0.0,0.0,0.0,,,0.0,,0.838381179146,,PF,3500
202730,Lavoy,Allen,11.8,8,MIN@IND,IND,MIN,,,18.7,19.0,19,1.77321178925,0.828911380208,0.0201578182894,1.22114533861,2.79438176544,4.03770721318,0.437835604031,1.0572067603,6.83208897862,2.86664461141,0.00311535783826,7.06193376698,0.728723687197,6.46512826785,28.0,0.0389577673766,6.66596863165e-07,18.7997399342,19.7299440931,8.11163983675,7.82540827329,PF,3500
1626175,Jordan,Mickey,6.1,2,ATL@BOS,BOS,ATL,,,0.0,0.0,19,0.0,0.0,0.0,0.0,0.0,0.0,0.0,0.0,0.0,0.0,0.0,0.0,0.0,0.0,0.0,,,0.0,,0.940961584844,,PF,3500
202341,James,Anderson,5.7,8,BKN@SAC,SAC,BKN,,,0.0,0.0,19,0.366274009041,0.0680352048244,1.00253927785,0.341864050382,0.145892961309,0.214785420124,0.211153779076,0.359558015807,0.360678381433,0.682986246344,0.323794270958,1.82958106628,0.271491659765,1.96125842341,6.0,1.69176209736e-13,6.7754860847e-25,3.14230344669,3.50201350914,2.89579668245,3.08069015847,SG,3500
203099,Jared,Cunningham,5.5,7,CLE@NY,CLE,NY,,,0.0,0.0,19,0.0,0.0,0.0,0.0,0.0,0.0,0.0,0.0,0.0,0.0,0.0,0.0,0.0,0.0,0.0,,,0.0,,0.680921747039,,SG,3500
2419,Tayshaun,Prince,8.9,8,MIN@IND,MIN,IND,,,6.7,6.75,19,0.873062492782,0.147731352629,0.604251186975,0.743820124896,0.556787658307,1.22180016873,0.381599524922,0.41647610603,1.77858782703,1.83335213836,0.23086509765,4.0230795311,0.490612468014,4.38818184238,19.0,1.68700400065e-06,5.41588707236e-14,8.47426662307,8.88686914676,4.98969790565,4.78728388618,SF,3500
203488,Mike,Muscala,4.8,4,ATL@BOS,ATL,BOS,,,8.5,8.5,19,0.341383247577,0.22384587983,0.270715020304,0.456977719329,0.490140702598,0.584639497713,0.148347861045,0.263061786744,1.07478020031,0.92071656831,0.11688541738,1.78512167669,0.375248001976,2.33356655598,6.0,2.49416155457e-09,1.10187465845e-20,4.61670336272,4.86041597854,3.08291492115,2.86793978557,PF,3500
203482,Kelly,Olynyk,15.6,6,ATL@BOS,BOS,ATL,,,24.1,25.75,19,1.28288726605,0.61459989794,2.58201729502,1.45954286869,1.07907935965,1.55335012905,0.891444412329,1.2698106237,2.6324294887,3.0741382593,0.819298074771,6.86880806976,1.05852838388,8.02610297725,17.0,0.000173451286394,1.8737544778e-10,14.8516272596,16.0280632608,7.400451191,7.57246335088,C,3500
202713,Kyle,Singler,4.9,7,PHI@OKC,OKC,PHI,,,11.0,11.75,19,0.428942106324,0.277865100299,1.99864143835,0.692551371948,0.360258173205,0.967454746656,0.464205134261,0.674202360309,1.32771291986,1.18234684641,0.652492676663,3.75413778378,0.514790204743,3.53197657422,15.0,9.00620152951e-08,1.11649268234e-17,6.57858334635,7.30831664592,4.49169185694,4.94853311157,SF,3500
202714,Shelvin,Mack,0.4,1,ATL@BOS,ATL,BOS,,,0.0,0.0,19,0.176156799031,0.00210851944035,0.140052262269,0.0374362002456,0.0097876969165,0.0203563974369,0.0339415994987,0.0670164904006,0.0301440943534,0.133576457119,0.0445741581256,0.341273948567,0.0304263175494,0.342153389914,1.0,1.68997915728e-19,1.19700900052e-40,0.647645249161,0.704947778142,1.2940299968,1.27639145653,PG,3500
202498,Lance,Thomas,9.9,9,CLE@NY,NY,CLE,,,0.2,1.75,19,0.565428221862,0.0450346147309,0.58804546104,1.2491913622,0.535690772492,0.936629306494,0.269113399698,0.760985348754,1.47232007899,1.95966577062,0.253412351492,4.24947130783,0.966783030588,5.13952692332,16.0,5.08237593242e-07,2.8028497899e-16,7.621764031,8.20257964743,5.28880389142,5.0858361454,SF,3500
2756,Sasha,Vujacic,14.6,8,CLE@NY,NY,CLE,,,0.0,0.0,19,0.0,0.0,0.0,0.0,0.0,0.0,0.0,0.0,0.0,0.0,0.0,0.0,0.0,0.0,0.0,,,0.0,,0.760206436374,,SG,3500
202708,Norris,Cole,15.9,75,NO@TOR,NO,TOR,O,Ankle,0.0,0.0,19,0.0,0.0,0.0,0.0,0.0,0.0,0.0,0.0,0.0,0.0,0.0,0.0,0.0,0.0,0.0,,,0.0,,0.737434341042,,PG,3500
203934,Lamar,Patterson,5.7,7,ATL@BOS,ATL,BOS,,,0.0,0.0,19,0.0,0.0,0.0,0.0,0.0,0.0,0.0,0.0,0.0,0.0,0.0,0.0,0.0,0.0,0.0,,,0.0,,0.772013044387,,SG,3500
202338,Kevin,Seraphin,4.1,6,CLE@NY,NY,CLE,,,0.0,0.0,19,0.0,0.0,0.0,0.0,0.0,0.0,0.0,0.0,0.0,0.0,0.0,0.0,0.0,0.0,0.0,,,0.0,,0.813138532272,,PF,3500
201946,Tyler,Hansbrough,2.9,3,CHA@CHI,CHA,CHI,,,0.0,0.0,19,0.0,0.0,0.0,0.0,0.0,0.0,0.0,0.0,0.0,0.0,0.0,0.0,0.0,0.0,0.0,,,0.0,,0.724898551686,,PF,3500
202690,Jimmer,Fredette,5.5,1,NO@TOR,NO,TOR,,,0.0,0.0,19,0.231095242886,0.00825703842723,0.229194882855,0.152289153334,0.0307702383635,0.0308402134644,0.0655296503132,0.137359527831,0.0616104518279,0.289578387288,0.0653785378165,0.726646218201,0.143368475293,0.787903787685,2.0,2.52485393009e-17,1.47559648047e-35,1.21869304386,1.32314259927,1.70178604465,1.64056170296,SG,3500
204025,Tim,Frazier,1.2,4,POR@MEM,POR,MEM,,,0.0,0.0,19,0.0,0.0,0.0,0.0,0.0,0.0,0.0,0.0,0.0,0.0,0.0,0.0,0.0,0.0,0.0,,,0.0,,0.922192121459,,PG,3500
101236,Chuck,Hayes,6.8,2,HOU@DEN,HOU,DEN,,,0.0,0.0,19,0.0,0.0,0.0,0.0,0.0,0.0,0.0,0.0,0.0,0.0,0.0,0.0,0.0,0.0,0.0,,,0.0,,0.809432383888,,C,3500
202407,Elijah,Millsap,1.6,6,UTA@ORL,UTA,ORL,,,16.3,17.5,19,1.02636790155,0.296437858711,1.44554672537,1.63208745583,0.543057092373,0.912212355417,0.782926464513,1.04198265421,1.45526944779,1.35967351039,0.450912377647,4.02225064698,1.18079169005,4.35105108847,16.0,3.1169945391e-07,4.56049568439e-14,8.75367227038,9.57288372625,4.62587390427,4.79604585593,SF,3500
202337,Luke,Babbitt,14.1,6,NO@TOR,NO,TOR,,,6.4,6.5,19,0.625891438667,0.172693047132,2.55209327618,0.546651846076,0.207966126611,1.60507000657,0.219017727428,0.464081424174,1.81303613318,1.69684859047,0.961701068237,4.06114861672,0.389028440123,4.7444266893,17.0,2.9260570288e-06,4.21686657957e-15,8.17824733206,8.98179477401,5.46587052695,6.04418330568,SF,3500
202388,Donald,Sloan,3.7,2,BKN@SAC,BKN,SAC,,,0.0,0.0,19,0.0,0.0,0.0,0.0,0.0,0.0,0.0,0.0,0.0,0.0,0.0,0.0,0.0,0.0,0.0,,,0.0,,0.742629874112,,PG,3500
203552,Seth,Curry,6.8,4,BKN@SAC,SAC,BKN,GTD,Ankle,0.0,0.0,19,0.472726481012,0.0400744933275,0.4950839744,0.160475330211,0.0768748155122,0.291313474119,0.132450471164,0.157580636664,0.368188289631,0.613192016716,0.201256810003,1.38681642406,0.11822945552,1.54587029895,4.0,4.74595201918e-13,3.931604373e-24,2.88425526035,3.08208339817,2.50531825681,2.51862038843,SG,3500
1626245,Cristiano,Felicio,1.5,1,CHA@CHI,CHI,CHA,,,0.0,0.0,19,0.0,0.0,0.0,0.0,0.0,0.0,0.0,0.0,0.0,0.0,0.0,0.0,0.0,0.0,0.0,,,0.0,,0.884062911993,,C,3500
1626242,Luis,Montero,1.6,2,POR@MEM,POR,MEM,,,0.0,0.0,19,0.0,0.0,0.0,0.0,0.0,0.0,0.0,0.0,0.0,0.0,0.0,0.0,0.0,0.0,0.0,,,0.0,,0.817576197931,,SF,3500
201589,Darrell,Arthur,12.7,8,HOU@DEN,DEN,HOU,,,7.1,7.25,19,0.789237163701,0.502480947381,0.970931686734,0.444169007087,0.693787639444,1.16047189742,0.472307931212,0.410891222203,1.85425953687,1.37654015921,0.231239654318,4.01149218708,0.365114348632,3.34943432137,12.0,1.09228399101e-06,1.41010776302e-14,8.29708804614,8.71086809967,4.44225228118,4.39416254401,PF,3500
203524,Solomon,Hill,0.0,1,MIN@IND,IND,MIN,,,0.0,0.0,19,0.0,0.0,0.0,0.0,0.0,0.0,0.0,0.0,0.0,0.0,0.0,0.0,0.0,0.0,0.0,,,0.0,,0.666823594838,,SG,3500
203923,James,Young,0.0,1,ATL@BOS,BOS,ATL,,,0.0,0.0,19,0.0,0.0,0.0,0.0,0.0,0.0,0.0,0.0,0.0,0.0,0.0,0.0,0.0,0.0,0.0,,,0.0,,0.597620229554,,SF,3500
202087,Alonzo,Gee,8.7,8,NO@TOR,NO,TOR,,,11.8,12.0,19,0.88944989156,0.243075331019,1.41549144152,1.61563782772,1.21430148512,1.75568276599,1.27152772479,1.17628335217,2.96998425111,2.6746591081,0.364780188963,6.14788594859,1.15987749506,6.87397590022,25.0,0.000311150757447,3.11495384708e-10,13.6250545983,14.5445523085,6.71518660079,6.55706371379,SF,3500
1626202,Joseph,Young,-0.5,2,MIN@IND,IND,MIN,,,0.0,0.0,19,0.0,0.0,0.0,0.0,0.0,0.0,0.0,0.0,0.0,0.0,0.0,0.0,0.0,0.0,0.0,,,0.0,,0.815939319454,,SG,3500
203956,Mitch,McGary,4.3,3,PHI@OKC,OKC,PHI,,,2.5,2.5,19,0.0747404654382,0.0538638667503,0.0122917263613,0.202731880853,0.197583447038,0.239728583922,0.0571022061956,0.153458446094,0.43731203096,0.325706137422,0.00275867860152,0.632730285309,0.123647392326,0.777818345772,2.0,3.54140521829e-15,5.49242077786e-33,1.48317718088,1.58315134477,1.79013446101,1.58444793792,PF,3500
1626151,Aaron,Harrison,0.0,0,CHA@CHI,CHA,CHI,,,0.0,0.0,19,0.0,0.0,0.0,0.0,0.0,0.0,0.0,0.0,0.0,0.0,0.0,0.0,0.0,0.0,0.0,,,0.0,,0.845620626624,,PG,3500
203943,Noah,Vonleh,5.5,9,POR@MEM,POR,MEM,,,0.0,0.0,19,0.162764068015,0.206344854646,0.362230760194,0.554440913054,0.534224904697,0.89083457843,0.108290929854,0.356341707737,1.42505948313,0.70152635552,0.0838262187953,1.8180453661,0.386962768974,1.87384169881,7.0,1.25628141129e-08,4.41320453111e-22,4.10098904185,4.39232599812,2.75361333661,2.62089119242,PF,3500
203922,Glenn,Robinson III,7.7,5,MIN@IND,IND,MIN,,,19.5,20.75,19,0.961599015467,0.24913892941,1.42254763843,2.07883169778,1.01648638708,1.83592013055,0.538881360484,0.90113874229,2.85240651763,2.30683018415,0.35694813313,5.42114259253,1.44134068238,6.41194918381,21.0,0.000194799768062,1.52563356763e-11,11.9521373657,12.724093329,6.08847437341,5.97053612019,SF,3500
1626149,Montrezl,Harrell,8.0,7,HOU@DEN,HOU,DEN,,,6.4,7.0,19,0.368351068092,0.2825642621,0.204791933045,1.67599476647,0.897081315875,1.45532606319,0.329029874027,0.668695998664,2.35240737907,1.78955642289,0.0564015469346,3.40861525203,1.12922454057,4.76473893328,13.0,1.87277491028e-05,2.39755243136e-16,8.69464666388,9.17484389726,4.87565830834,4.49620713938,PF,3500
1626179,Terry,Rozier,4.5,5,ATL@BOS,BOS,ATL,,,0.0,0.0,19,0.0,0.0,0.0,0.0,0.0,0.0,0.0,0.0,0.0,0.0,0.0,0.0,0.0,0.0,0.0,,,0.0,,0.814676405404,,PG,3500
2555,Nick,Collison,4.6,5,PHI@OKC,OKC,PHI,,,18.6,20.0,19,1.4298945038,0.38697220765,0.748736968078,0.982382378058,1.68363541517,2.0017947662,0.658967750405,1.05705843428,3.68543018137,1.72501456517,0.177691183276,4.0130457851,0.731687524315,4.35940783793,19.0,0.000425505091857,1.15082606673e-09,11.9615872931,12.7638718721,4.88897421666,4.67531084961,PF,3500
1713,Vince,Carter,5.2,1,POR@MEM,MEM,POR,,,0.0,0.0,19,0.0,0.0,0.0,0.0,0.0,0.0,0.0,0.0,0.0,0.0,0.0,0.0,0.0,0.0,0.0,,,0.0,,0.698363826671,,SF,3500
1626171,Bobby,Portis,9.0,2,CHA@CHI,CHI,CHA,,,0.0,0.0,19,0.0,0.0,0.0,0.0,0.0,0.0,0.0,0.0,0.0,0.0,0.0,0.0,0.0,0.0,0.0,,,0.0,,0.832664324594,,PF,3500
1626178,Rondae,Hollis-Jefferson,13.1,8,BKN@SAC,BKN,SAC,,,12.9,13.75,19,1.32974572056,0.41436434691,0.164803096327,1.01287071601,1.20622264812,3.20355083536,0.782848938587,1.03054573126,4.40977348348,1.5438065427,0.0453882603394,3.29086713467,0.600032850309,3.73303419605,17.0,0.000770546948087,1.11177731862e-09,12.3832617968,13.1428732905,4.5627921059,4.25432615376,SF,3500
1626147,Justin,Anderson,7.1,7,LAL@DAL,DAL,LAL,,,2.0,2.0,19,0.151732411705,0.0839146054434,0.38144578983,0.173844028321,0.0855013301807,0.492712014143,0.0969929676734,0.164218201547,0.578213344323,0.491889880777,0.12313737397,1.10822901473,0.134593403064,1.24151053859,3.0,1.15232648302e-12,1.81598728616e-27,2.36056211402,2.533150569,2.23005931242,2.17046215605,SF,3500
1626185,Jarell,Martin,0.0,0,POR@MEM,MEM,POR,O,Foot,0.0,0.0,19,0.0,0.0,0.0,0.0,0.0,0.0,0.0,0.0,0.0,0.0,0.0,0.0,0.0,0.0,0.0,,,0.0,,0.845620626624,,PF,3500
203148,Brian,Roberts,3.2,5,CHA@CHI,CHA,CHI,,,0.0,0.0,19,0.0,0.0,0.0,0.0,0.0,0.0,0.0,0.0,0.0,0.0,0.0,0.0,0.0,0.0,0.0,,,0.0,,0.652212413892,,PG,3500
1626153,Delon,Wright,0.9,3,NO@TOR,TOR,NO,,,1.2,1.25,19,0.124624493872,0.0340506509773,0.19069003898,0.146740045695,0.114827161729,0.324355574973,0.0603152062881,0.118978431895,0.439182736702,0.283965907541,0.0471618641745,0.708283949178,0.108110048334,0.72320372759,2.0,8.24742548891e-15,1.83540980997e-30,1.50691303508,1.61194231995,1.71722007733,1.63494436563,PG,3500
203998,Bruno,Caboclo,0.0,1,NO@TOR,TOR,NO,,,0.0,0.0,19,0.0,0.0,0.0,0.0,0.0,0.0,0.0,0.0,0.0,0.0,0.0,0.0,0.0,0.0,0.0,,,0.0,,0.77495954723,,SF,3500
204002,Walter,Tavares,1.1,2,ATL@BOS,ATL,BOS,,,0.0,0.0,19,0.0,0.0,0.0,0.0,0.0,0.0,0.0,0.0,0.0,0.0,0.0,0.0,0.0,0.0,0.0,,,0.0,,0.849452254747,,C,3500
1889,Andre,Miller,6.2,4,MIN@IND,MIN,IND,,,21.3,23.0,19,4.97241831305,0.0905748095801,0.458721780266,1.50278900593,0.80980723867,0.910725909226,0.762144359753,1.99891841073,1.7205331479,2.89755668527,0.107194499922,5.43040368978,1.13660843554,7.03891630601,23.0,0.00975645541945,1.29341831985e-07,16.268703481,17.4224216649,6.74229730792,6.29529710201,PG,3500
1626154,RJ,Hunter,7.1,4,ATL@BOS,BOS,ATL,,,5.4,6.0,19,0.253164746033,0.12412603754,0.995389780298,0.248636990332,0.118596729554,1.15058374551,0.19419360322,0.370822503162,1.26918047506,0.829856230074,0.287155454562,2.1241607969,0.18318214987,2.13005006458,7.0,1.19646064788e-08,3.04678220812e-21,4.29863053206,4.69107855262,3.11030716895,3.19484124513,SG,3500
201160,Jason,Smith,10.3,6,UTA@ORL,ORL,UTA,O,Knee,0.0,0.0,19,0.0,0.0,0.0,0.0,0.0,0.0,0.0,0.0,0.0,0.0,0.0,0.0,0.0,0.0,0.0,,,0.0,,0.783172904788,,PF,3500
203112,Quincy,Acy,5.4,3,BKN@SAC,SAC,BKN,,,7.2,7.75,19,1.04196630255,0.380109326699,0.747485515223,1.5029128738,0.983384798793,1.43478322362,0.515765878777,0.877365172244,2.41816802241,2.01389553747,0.285816669654,4.14478475643,1.06488690802,5.37849465262,19.0,3.53262758123e-05,5.72146950784e-12,10.7576309721,11.4601832836,5.27249779602,5.06181635497,PF,3500
203498,Shabazz,Muhammad,11.0,8,MIN@IND,MIN,IND,,,13.3,14.5,19,0.641356526866,0.134293571144,1.07342851178,3.03910596658,1.19427677533,1.66333229053,0.291157252799,0.997215604624,2.85760906586,3.71135874249,0.270916325929,7.48767641516,2.22692132995,9.92055514087,19.0,0.000462403315457,8.39247345281e-13,14.1654068535,14.943046877,8.42218548213,8.06962894496,SF,3500
201976,Patrick,Beverley,12.2,6,HOU@DEN,HOU,DEN,,,0.5,1.0,19,0.752230218341,0.0927161980911,1.47952547813,0.174791696524,0.272908402957,0.736525109177,0.311373220997,0.514522978649,1.00943351213,0.936127722699,0.513268674478,2.55045672742,0.132631977497,2.51815609737,8.0,3.44037399011e-09,2.60809010552e-17,5.15147749897,5.7158450063,3.65188776392,3.9894356432,PG,3500
1626174,Christian,Wood,5.8,7,PHI@OKC,PHI,OKC,,,30.6,31.5,19,0.807903411017,0.462913774951,1.37837255761,2.43856903245,1.82916988232,2.86409551014,0.577910982192,0.761423440036,4.69326539246,3.2159685357,0.441813021856,7.30818729991,1.78558072607,8.65933081933,19.0,0.010578964543,1.74115917336e-10,16.8233304811,17.675480429,7.91628824883,7.76406546553,PF,3500
203798,P.J.,Hairston,9.4,8,CHA@CHI,CHA,CHI,,,7.2,8.25,19,0.515569552549,0.231660060687,3.13176423452,0.814288041041,0.238610348213,1.20164724868,0.289292331156,0.406093821677,1.4402575969,1.65606499087,0.87880224327,4.97270308237,0.698018995534,4.88895122054,15.0,4.24265066313e-07,9.75885740614e-17,8.02642562765,8.74088717636,5.88369866196,6.52591023735,SF,3500
203919,Jordan,Adams,9.0,2,POR@MEM,MEM,POR,GTD,Knee,0.0,0.0,19,0.0,0.0,0.0,0.0,0.0,0.0,0.0,0.0,0.0,0.0,0.0,0.0,0.0,0.0,0.0,,,0.0,,0.836764843022,,SG,3500
1626168,Trey,Lyles,4.1,8,UTA@ORL,UTA,ORL,,,12.1,12.75,19,0.849801172713,0.266411477326,1.16984047688,1.09635580501,1.42011743503,2.46061164545,0.445905677963,1.00246150152,3.88072908048,2.1992707806,0.290235082895,5.59210778495,0.743047955471,5.43182459956,17.0,0.00114948715875,2.88745672586e-11,11.7855740643,12.6276830413,6.05863421765,5.93042238657,PF,3500
1626192,Pat,Connaughton,1.7,3,POR@MEM,POR,MEM,,,0.0,0.0,19,0.0,0.0,0.0,0.0,0.0,0.0,0.0,0.0,0.0,0.0,0.0,0.0,0.0,0.0,0.0,,,0.0,,0.806425963377,,SG,3500
203921,Cleanthony,Early,2.6,5,CLE@NY,NY,CLE,,,0.0,0.0,19,0.0,0.0,0.0,0.0,0.0,0.0,0.0,0.0,0.0,0.0,0.0,0.0,0.0,0.0,0.0,,,0.0,,0.715401255468,,SF,3500
203508,Sergey,Karasev,1.4,3,BKN@SAC,BKN,SAC,,,0.0,0.0,19,0.0,0.0,0.0,0.0,0.0,0.0,0.0,0.0,0.0,0.0,0.0,0.0,0.0,0.0,0.0,,,0.0,,0.68691165551,,SF,3500
203512,Lucas,Nogueira,3.5,2,NO@TOR,TOR,NO,,,0.0,0.0,19,0.0,0.0,0.0,0.0,0.0,0.0,0.0,0.0,0.0,0.0,0.0,0.0,0.0,0.0,0.0,,,0.0,,0.837944180257,,C,3500
1626155,Sam,Dekker,1.1,3,HOU@DEN,HOU,DEN,,,0.0,0.0,19,0.0,0.0,0.0,0.0,0.0,0.0,0.0,0.0,0.0,0.0,0.0,0.0,0.0,0.0,0.0,,,0.0,,0.824869165214,,SF,3500
200745,Andrea,Bargnani,8.4,8,BKN@SAC,BKN,SAC,,,8.6,9.25,19,0.494927391337,0.380160430852,0.711529361762,1.5834592689,0.756870542101,0.846993688654,0.0804019682882,0.837071130218,1.60386423075,2.5738478763,0.256938612435,6.00221084309,1.3451979576,6.74983232263,14.0,2.10649387585e-06,3.52634938315e-16,9.5009141546,10.1281153972,6.80817516224,6.59367826171,C,3500
1626273,Marcelo,Huertas,9.6,6,LAL@DAL,LAL,DAL,,,0.0,0.0,19,0.0,0.0,0.0,0.0,0.0,0.0,0.0,0.0,0.0,0.0,0.0,0.0,0.0,0.0,0.0,,,0.0,,0.985002239681,,PG,3500
203526,Raul,Neto,9.1,8,UTA@ORL,UTA,ORL,,,18.7,20.25,19,3.25295174054,0.231076657957,2.92104029241,0.683852983371,0.573684006418,1.53119538413,1.09278687694,1.34918568526,2.10487939055,2.48465691996,0.955759247783,6.60214960517,0.480779407044,6.40585249476,24.0,0.000556192652323,3.80372668792e-08,15.1096767588,16.3682275979,6.97216213927,7.43314602885,PG,3500
201619,Sasha,Kaun,2.9,2,CLE@NY,CLE,NY,,,0.0,0.0,19,0.0,0.0,0.0,0.0,0.0,0.0,0.0,0.0,0.0,0.0,0.0,0.0,0.0,0.0,0.0,,,0.0,,0.905047090032,,C,3500
201150,Spencer,Hawes,12.2,8,CHA@CHI,CHA,CHI,GTD,Ankle,8.3,8.5,19,1.6060707032,0.461916799321,1.85233336459,0.729951798076,0.440902628443,1.57495639177,0.368506851634,0.900822049799,2.01585902021,2.02258364974,0.53587329073,5.18138473429,0.365224849613,4.94626543982,17.0,8.26714816723e-06,5.30951236527e-11,10.534427571,11.3535805931,5.64454007725,5.76317394153,C,3500
203094,Andrew,Nicholson,0.2,1,UTA@ORL,ORL,UTA,,,2.0,2.0,19,0.113721623512,0.0821404161043,0.24450915394,0.148288918284,0.109134676165,0.123771937712,0.0383382893696,0.153814057771,0.232906613877,0.482987231604,0.0728322960762,1.13200756344,0.0974952817776,1.13630204106,3.0,1.05477341742e-16,9.85193535587e-33,1.67351576616,1.79848427378,2.11221055503,1.98786924055,PF,3500
2210,Richard,Jefferson,12.8,8,CLE@NY,CLE,NY,,,3.2,3.25,19,0.789790525414,0.125308515595,2.30815342387,1.53879332156,0.212767491372,0.773636627496,0.476595744076,0.820283093785,0.986404118868,2.13699359648,0.96890971413,4.72851453106,1.04346225387,6.28635916096,19.0,2.86749142773e-08,3.25773191114e-16,9.03825531728,9.98217197019,5.92245215201,6.33724651547,SF,3500
