NBA_ID,First Name,Last Name,FPPG,Played,Game,Team,Opp,Status,Injury Details,Actual_FD,Actual_DK,Actual_MIN,AST,BLK,FG3A,FTA,OREB,DREB,STL,TOV,REB,FGM,FG3M,FGA,FTM,PTS,MIN,DD,TD,FD,DK,FD_std,DK_std,fd_Pos,fd_Salary
201939.0,Stephen,Curry,48.6,19,GS@CHA,GS,CHA,,,46.1,52.75,7,5.71917724286,0.151466116069,9.51840325794,5.21496231918,0.396095862803,3.49191875257,2.13135366826,3.25724002315,3.88801461538,9.04137631103,4.36670844467,17.5197494021,4.87898420539,27.3284452721,31.0,0.0725506567546,0.00044952637617,41.8812282204,45.9977777493,18.4690288958,20.4346823754,PG,10900
203076.0,Anthony,Davis,43.5,14,NO@HOU,NO,HOU,,,52.1,55.75,7,1.71550871428,2.7623245469,1.37029348874,7.62141208222,2.11942369598,7.64788285224,1.35478321058,2.00886068901,9.76730654822,8.81890308132,0.51540944197,17.2109612897,5.88802302919,24.0412386338,35.0,0.510783136181,0.000311547531244,44.560624389,47.0782341288,18.0749109223,17.6905422898,PF,10800
201935.0,James,Harden,48.2,18,NO@HOU,HOU,NO,,,49.0,51.5,7,6.46830230816,0.798697150429,8.29108381672,11.1790535803,0.959465770019,4.68010905956,1.84305046379,4.34458180851,5.63957482958,8.03295637682,2.50746134575,19.8357087526,9.72645592736,28.2998300268,38.0,0.16897888625,0.00683954542346,45.7086867044,49.6906739887,18.5377012283,19.7144327494,SG,10800
202331.0,Paul,George,43.3,16,IND@LAC,IND,LAC,,,57.0,61.5,7,4.5107299882,0.296507149613,8.03394375755,7.82703946015,1.48996039072,5.83470598064,1.94575345956,3.92970455668,7.32466637136,9.40599079278,3.53577659523,21.37460114,6.58016626114,28.9279244419,41.0,0.220311160335,0.00352872073346,45.0384357315,49.4784625287,19.9948050419,21.2840119064,SF,10000
203083.0,Andre,Drummond,44.5,18,PHO@DET,DET,PHO,,,40.4,43.5,7,0.868928695832,1.93904666423,0.0596575845186,8.094239237,6.8105137531,11.8851667047,2.04873367659,2.62252795736,18.6956804578,9.27253801735,7.51299191531e-05,17.313285179,2.96174285607,21.5068940207,42.0,0.978564241935,9.07052144646e-05,50.5981363381,54.3123403831,19.2960177561,18.7739021941,C,9400
201933.0,Blake,Griffin,43.0,18,IND@LAC,LAC,IND,,,28.8,31.0,7,5.15848961089,0.642785205011,0.523904017719,7.02732134809,1.99420204869,5.78560287429,0.818089586793,2.4296558771,7.77980492298,10.040107681,0.208672162599,19.1199254488,5.10649675292,25.3953842775,36.0,0.293698803209,0.00970760603177,42.960978308,45.1388035969,20.5679160849,20.0915238701,PF,9300
202695.0,Kawhi,Leonard,40.3,17,MIL@SA,SA,MIL,,,22.6,22.75,7,1.88877419322,0.831687481008,2.71282900689,2.71556327068,1.05372005111,3.72419992233,1.43617066752,1.0185246775,4.77791997344,5.86130000756,1.20263130414,11.7016101256,2.30217951342,15.2274108327,25.0,0.0218319063851,6.93658122196e-07,27.3112677102,28.6934916402,11.8429326995,11.8511307972,SF,9100
101108.0,Chris,Paul,34.5,15,IND@LAC,LAC,IND,GTD,Ribs,0.0,0.0,7,0.0,0.0,0.0,0.0,0.0,0.0,0.0,0.0,0.0,0.0,0.0,0.0,0.0,0.0,0.0,,,0.0,,1.02030910915,,PG,8800
202339.0,Eric,Bledsoe,38.0,16,PHO@DET,PHO,DET,,,37.3,41.5,7,7.45868782354,0.700996553515,4.99781796928,7.10436411487,0.728748493406,3.26857532821,2.19069242249,4.33231371758,3.99732382161,8.538749492,1.97061112171,18.5331132524,5.702731156,24.7508412617,41.0,0.225979788424,0.00178583696628,42.1867258174,45.8823816216,17.5534744724,17.9306978893,SG,8700
2546.0,Carmelo,Anthony,36.7,17,PHI@NY,NY,PHI,GTD,Illness,18.2,20.5,7,2.33610009614,0.401814987459,3.46759833829,4.35977631022,1.04466643966,3.8425924734,0.723319804934,1.68011860993,4.88725891306,5.88567731944,1.17687184224,14.1469786006,3.743644119,16.6918706001,26.0,0.0262476633028,4.25050333065e-06,26.6308824149,28.3431248331,13.4615339278,13.6208136235,SF,8700
200794.0,Paul,Millsap,39.1,20,TOR@ATL,ATL,TOR,,,32.8,34.25,7,3.54393349715,1.16789201154,2.95052178613,6.22636423449,2.78668148022,5.84413906848,1.98444080936,2.49326371652,8.63082054871,6.22739865344,0.942773610684,13.2731488234,4.89860212763,18.2961730452,34.0,0.354920200264,0.00128516868147,37.7804598746,40.4662553721,13.2824599384,13.2408667052,PF,8600
200768.0,Kyle,Lowry,38.9,18,TOR@ATL,TOR,ATL,,,46.5,48.75,7,6.52892487918,0.481325901201,6.95450215,6.23312683518,0.782027543019,3.61857792058,2.48942934227,3.11955651009,4.40060546359,6.65616527997,2.78418030028,15.7457644529,5.4370198471,21.5335307073,37.0,0.138064683007,0.00187208492073,39.4295985593,42.8142105169,15.4529630301,16.7030726759,PG,8500
202710.0,Jimmy,Butler,35.3,15,DEN@CHI,CHI,DEN,,,33.7,35.0,7,3.60755205894,0.831674019538,3.77565425621,7.39406500484,1.09596099623,3.87195924373,1.97351625039,1.95490784181,4.96792023996,6.75596626348,1.50220916154,14.9096300126,6.04013877649,21.054280465,39.0,0.034282008388,0.000124793408314,36.0825855394,38.1113374459,14.6187660908,14.8265704613,SG,8300
203110.0,Draymond,Green,35.8,19,GS@CHA,GS,CHA,,,31.7,34.75,7,6.23860764775,1.40551283973,3.54653299837,2.6185005156,1.4828370296,5.31039561893,1.08120419965,2.57174648322,6.79323264852,4.27046502839,1.31391074003,9.14974353838,1.83301150613,11.6878523029,31.0,0.184246893153,0.0108611592615,31.5993305483,34.1907746099,9.59362787595,10.000050672,PF,8200
202689.0,Kemba,Walker,33.5,17,GS@CHA,CHA,GS,,,10.6,10.75,7,4.43895534507,0.65055321151,3.75347967757,3.92320967836,0.583558543538,2.17684938643,1.50117067896,1.70533478185,2.76040792997,5.68446995243,1.33383487403,13.2400166805,3.17793592558,15.8807107045,31.0,0.0148826652549,8.56221820583e-06,28.4497462371,30.1297011461,12.7334947199,12.9995242981,PG,8200
202322.0,John,Wall,33.6,14,LAL@WAS,WAS,LAL,,,57.9,63.75,7,8.83172703882,0.852615688351,4.25408702244,5.38911426532,0.724346939402,2.58545826223,2.25918410665,4.49138858797,3.30980520163,6.92893916627,1.38146518926,16.1976055209,4.02743726547,19.2667807873,36.0,0.381496926487,0.000897510070615,38.2183485895,41.8952036581,15.2721823247,15.5169810588,PG,8100
202688.0,Brandon,Knight,36.0,17,PHO@DET,PHO,DET,,,29.4,31.5,7,5.76335702183,0.397029633196,6.94698680513,4.32103994733,0.823537170303,3.12039917753,1.52906305751,3.23459002178,3.94393634784,8.09738996303,2.69012950106,18.5356141861,3.58378252999,22.4686919571,38.0,0.0750537452326,0.000502588480437,36.4640464669,39.737691429,17.3117699188,18.3214391442,PG,7900
2730.0,Dwight,Howard,33.0,13,NO@HOU,HOU,NO,,,30.2,32.5,7,1.94381508604,1.96596506598,0.0176661126306,6.41051363041,4.297836984,7.57838687129,0.81602911032,3.16051685158,11.8762238553,6.12766766763,0.00810275076553,10.5647530374,3.53606201778,15.7995001038,37.0,0.691470855695,5.33511035375e-05,35.3701628602,38.585650191,12.7200404737,12.1687772821,C,7900
202328.0,Greg,Monroe,33.8,18,MIL@SA,MIL,SA,,,25.4,26.25,7,2.19963988952,0.808801080412,0.000179847250429,3.56387953303,2.7778081241,5.21374718374,1.04379375272,1.61731676444,7.99155530784,5.83747386795,1.1224084695e-07,11.6196494969,2.61148049442,14.2864283426,28.0,0.247593745264,2.49818278083e-05,29.2636274481,30.8433292152,13.2702073913,12.8366170058,C,7600
2200.0,Pau,Gasol,33.4,15,DEN@CHI,CHI,DEN,,,58.3,62.25,7,3.0331899915,2.07235397384,0.450149393533,4.28612480718,2.74495141887,9.02271283618,0.689342984985,1.88417460764,11.767664255,7.76688038519,0.0414109243541,16.9626375625,3.24880585109,18.8239775458,36.0,0.717375373689,0.000900538733933,41.1341789492,43.7641196046,18.0293719611,17.64242853,PF,7600
201599.0,DeAndre,Jordan,33.7,18,IND@LAC,LAC,IND,,,18.0,19.75,7,0.858220531512,2.17061234845,0.00779476527761,6.84722170271,3.22327764361,7.53974134885,0.568740070762,1.06706395308,10.7630189925,3.3004703091,0.00194851756345,4.9011991374,2.57625056194,9.1791396977,28.0,0.340194819198,3.0802338292e-05,27.7937341713,29.376775992,7.60130447877,7.0296669954,C,7500
201942.0,DeMar,DeRozan,32.7,18,TOR@ATL,TOR,ATL,,,24.8,26.5,7,3.98556151727,0.291664886338,1.48385634124,8.18356513671,0.639989380806,3.01101729877,1.03851847489,2.47384799851,3.65100667958,6.8348688065,0.38178426035,16.2526734942,6.76025943251,20.8117813059,36.0,0.0121868220544,3.46554020162e-05,31.3578503212,32.9866009839,16.6119219499,16.3485180919,SG,7500
202704.0,Reggie,Jackson,32.6,18,PHO@DET,DET,PHO,,,60.6,65.25,7,8.49286132605,0.145687795038,5.46133587515,5.19397132375,0.876753467558,3.63284977315,1.23981428186,4.08272169548,4.50960324071,9.06303296814,1.8817901526,20.9501340697,4.33759137957,24.3454474685,40.0,0.36152627614,0.0059617362959,41.1845458047,44.9524565139,19.1616789026,19.5542701748,PG,7400
201936.0,Tyreke,Evans,0.0,0,NO@HOU,NO,HOU,GTD,Knee,30.2,32.0,7,7.00241498564,0.598972067293,2.74921299113,4.26210492308,0.994208598942,2.00312502857,1.00086349279,2.66101701106,2.99733362751,5.72835525355,0.856547675077,12.9463449849,3.21449063435,15.5277488165,32.0,0.155147069591,0.000168843030059,30.1668257571,32.308701915,12.7422558601,12.7024764349,PG,7400
200746.0,LaMarcus,Aldridge,29.7,16,MIL@SA,SA,MIL,,,25.8,26.75,7,1.13967187736,0.872406813519,0.459008293326,2.7551617909,1.97062058263,4.21025655631,0.279186783953,1.1628803291,6.18087713894,4.91993934485,0.0764514211107,11.1568615823,2.28709809804,12.2034282088,23.0,0.075059943447,2.96564222593e-08,22.4702954575,23.5115951936,12.1089206084,11.7621880198,PF,7400
204001.0,Kristaps,Porzingis,29.7,18,PHI@NY,NY,PHI,,,38.0,42.0,7,1.0850878858,2.00439138666,2.91680890071,3.58731687198,2.61063655707,6.98473921759,0.830667735531,1.86824424383,9.59537577466,5.35450858013,0.931812631588,12.356331124,2.92748246694,14.5683122588,30.0,0.429431222955,2.04374913766e-05,31.5122690176,34.036274391,12.0667113504,12.12025397,PF,7200
201568.0,Danilo,Gallinari,29.7,18,DEN@CHI,DEN,CHI,,,27.0,27.75,7,2.48435135769,0.615164846521,5.02377160477,6.32098156631,1.31541020227,4.31057695194,0.660425664624,1.53327138743,5.62598715421,5.07998087988,1.8087257843,13.2779206789,5.69800171881,17.6666892629,35.0,0.057928363234,1.52336627339e-05,29.1623105193,31.2015467087,12.7245968907,13.4765303241,SF,7100
203078.0,Brad,Beal,28.9,11,LAL@WAS,WAS,LAL,,,23.4,26.5,7,3.39545219427,0.386920997903,5.46655878536,3.44338062575,0.99042959509,3.05666975717,1.32011945719,2.87568082899,4.04709935226,7.28942410433,2.07556588097,16.5675335033,2.72982045983,19.3842345495,38.0,0.0110721861647,2.27633673836e-05,29.8723321448,32.5669870367,15.5158218561,16.1414498307,SG,7000
1495.0,Tim,Duncan,28.2,17,MIL@SA,SA,MIL,,,29.5,32.5,7,2.10508390071,1.22422707525,0.0459630386221,2.10376785543,1.60317782642,4.14966944997,0.597330325372,1.36943990102,5.75284727639,3.1761662583,0.00415937192054,6.07013365907,1.61645123815,7.97294312668,20.0,0.0280366876535,1.99768937176e-06,20.3076606096,21.3241636345,7.68662360662,7.24310990987,C,7000
201587.0,Nicolas,Batum,31.0,17,GS@CHA,CHA,GS,,,39.1,41.0,7,3.91261631553,0.521632712889,4.70896477733,3.11283623968,0.999902071218,3.6616302536,1.03321028865,2.54833547859,4.66153232482,4.35034113045,1.77939456894,10.2889049656,2.73197887011,13.2120556999,30.0,0.0226803642843,0.00011960830004,25.2361694875,27.6674904988,10.6526100469,11.4660792756,SF,6900
201143.0,Al,Horford,31.9,20,TOR@ATL,ATL,TOR,,,28.3,29.25,7,2.89961709784,1.44914620599,2.72731315034,1.94553020941,2.396495551,4.3779237809,0.635734373219,1.34282721528,6.77441933191,6.72652699847,1.00099602909,13.5198933132,1.64154656691,16.0955965929,32.0,0.135622234444,0.000115994937026,31.4012593811,33.1156733064,13.3645492444,13.2510408172,C,6900
201565.0,Derrick,Rose,25.9,13,DEN@CHI,CHI,DEN,,,25.9,27.0,7,6.74927333636,0.417936715403,3.68795253619,3.59226203757,0.556006556385,2.71578245029,0.676726669557,3.08966083799,3.27178900668,6.3933492499,0.89562396881,17.7456215026,2.91847267678,16.6007951454,37.0,0.137158791322,0.000279171403904,29.7505178899,32.1133254448,15.969504715,16.0524271946,PG,6900
203507.0,Giannis,Antetokounmpo,29.7,17,MIL@SA,MIL,SA,,,16.8,18.0,7,2.00813130426,0.877140080409,1.11478586561,3.41223955837,1.01474997679,3.23387663659,0.74860508669,1.79505321515,4.24862661337,4.55557587213,0.333024495327,8.94483299063,2.80154743016,12.2457236697,26.0,0.00931700231611,4.46481250525e-07,21.8127096812,23.1031567101,9.87476722792,9.50368447559,SG,6900
201952.0,Jeff,Teague,30.0,17,TOR@ATL,ATL,TOR,,,33.0,35.75,7,7.5397398914,0.515007392505,3.54206627991,5.37346716592,0.667041690822,2.03571768483,1.51006972911,3.13090463241,2.70275937565,6.35456545228,1.32255887177,14.8029906757,4.5524373527,18.584127129,34.0,0.220751893463,0.000112248404315,34.0562978277,36.749632134,14.2145678182,14.3953745794,PG,6800
977.0,Kobe,Bryant,25.5,13,LAL@WAS,LAL,WAS,,,37.9,41.0,7,4.39847336289,0.116112916898,7.90046068458,5.85828174999,0.649083503964,3.06626339764,1.21766552343,2.9162375567,3.7153469016,6.83595982005,1.85447480764,20.6138753805,4.78873518724,20.315129635,36.0,0.0194301104436,7.25385300841e-05,31.1225752852,33.7230615937,17.6057414527,18.5638476516,SG,6700
202397.0,Ishmael,Smith,30.2,17,NO@HOU,NO,HOU,,,17.6,18.5,7,3.21239072137,0.141778598353,0.768072870278,0.801191785547,0.295775979766,1.31469601412,0.510734801392,0.985103322877,1.61047199388,2.06863407843,0.233110299847,5.12320401893,0.581125430559,4.95150388726,13.0,0.000243597241429,1.83209143596e-09,12.0225798386,12.712575651,5.82030862721,5.64830658262,PG,6600
201583.0,Ryan,Anderson,28.5,17,NO@HOU,NO,HOU,,,29.0,35.5,7,0.981667535877,0.429227956192,5.08561905778,2.43533822618,1.86869770423,3.45035099643,0.437363896026,1.32952278445,5.31904870066,5.50518983874,1.8790106531,12.4148725923,2.11007400319,14.9994643338,27.0,0.0392837016363,3.70187525148e-09,23.2584849984,25.1876297157,12.2421774465,12.979044952,PF,6500
101145.0,Monta,Ellis,26.6,16,IND@LAC,IND,LAC,,,21.3,22.0,7,4.984177413,0.493337541452,2.75539045999,2.92864774494,0.566122661157,2.50015202872,1.77557641702,2.72520870525,3.06627468988,5.71449889631,0.693749695542,13.2083552133,2.15348849139,14.2762359796,34.0,0.0281419413745,3.54222380265e-05,27.2446509386,29.1497630523,12.7502970419,12.6427716453,SG,6500
2744.0,Al,Jefferson,26.9,17,GS@CHA,CHA,GS,O,Calf,0.0,0.0,7,0.0,0.0,0.0,0.0,0.0,0.0,0.0,0.0,0.0,0.0,0.0,0.0,0.0,0.0,0.0,,,0.0,,0.860887458378,,C,6500
1626143.0,Jahlil,Okafor,30.2,18,PHI@NY,PHI,NY,,,0.0,0.0,7,0.0,0.0,0.0,0.0,0.0,0.0,0.0,0.0,0.0,0.0,0.0,0.0,0.0,0.0,0.0,,,0.0,,0.875637077991,,C,6400
202700.0,Donatas,Motiejunas,0.0,0,NO@HOU,HOU,NO,O,Back,0.0,0.0,7,0.0,0.0,0.0,0.0,0.0,0.0,0.0,0.0,0.0,0.0,0.0,0.0,0.0,0.0,0.0,,,0.0,,0.75313246111,,PF,6400
203496.0,Robert,Covington,28.1,9,PHI@NY,PHI,NY,,,18.3,21.0,7,1.75415753861,0.697081598233,6.02858416641,3.30272024641,0.800220100183,3.39400120992,2.24623683364,2.84504973378,4.1942213101,3.97565924455,2.03148735286,10.2703235158,2.6798232097,12.6626290517,27.0,0.00860447067662,1.14736679698e-06,23.3685180617,26.0294078186,11.2175203025,12.4587349453,SF,6400
203457.0,Nerlens,Noel,24.1,14,PHI@NY,PHI,NY,GTD,Knee,13.2,15.5,7,1.44629755635,1.14054678294,0.00538649358062,3.19538708063,2.16395907376,5.55734488037,1.54686429106,2.81717483185,7.72130395413,4.22456726131,0.00148349223251,9.96291431321,1.92874576452,10.3793637794,32.0,0.160457391915,1.39527815619e-06,24.372022175,26.4081068085,11.2331198224,10.9220081053,PF,6300
202702.0,Kenneth,Faried,25.5,15,DEN@CHI,DEN,CHI,,,27.3,29.75,7,1.24833584045,0.925873294154,0.029596402158,3.27580194499,3.44250041259,5.39727263523,0.743601813885,1.91457313389,8.83977304782,5.77325828465,0.00360963255843,10.0372562827,2.02376810939,13.5738943112,29.0,0.330530291534,2.91248525758e-07,27.4785028115,29.3753791582,11.8158493411,11.2608478182,PF,6300
201588.0,George,Hill,25.7,13,IND@LAC,IND,LAC,,,11.3,13.0,7,3.91662151463,0.288880550376,4.44921132355,3.13320887028,0.612066557974,2.73970241973,1.27641238709,1.82570567358,3.35176897771,4.47141080634,1.77759874366,10.4040172476,2.35042387852,13.0708442349,33.0,0.00758201094598,1.38022600966e-05,24.2727794814,26.2534345621,10.6946844571,11.4324730042,PG,6300
203903.0,Jordan,Clarkson,23.9,16,LAL@WAS,LAL,WAS,,,28.3,29.5,7,3.05169353637,0.260439311046,3.70807458013,2.81369019677,1.02265547361,2.56040744235,1.2378991798,2.00803260048,3.58306291596,6.93792686331,1.46522748243,14.8455074748,2.27945090251,17.6205321116,36.0,0.00486269331973,4.60334535707e-06,27.4863922965,29.4094833338,14.2642953933,14.4269587309,PG,6100
201960.0,DeMarre,Carroll,23.7,15,TOR@ATL,TOR,ATL,,,15.2,17.0,7,0.948122329309,0.168202346077,3.22388324227,1.66175757814,0.935258145299,2.05163131572,1.21079345212,1.00521652268,2.98688946102,3.10164623785,1.20153276642,7.52240312632,1.06021568625,8.46504092837,23.0,0.000490111413983,3.39239054912e-10,15.2242668493,16.477721135,8.00833772357,8.51822930555,SF,6000
2772.0,Trevor,Ariza,23.7,18,NO@HOU,HOU,NO,,,17.4,19.5,7,1.73394233223,0.227274648468,5.58136209573,1.98789170554,0.736708497904,3.64881727827,1.61481462922,1.63238514409,4.38552577618,3.67283768038,1.77948498082,9.77226616275,1.59696278933,10.7221231309,32.0,0.00940131240028,2.05475442535e-07,20.637460972,22.5767749082,10.3981160179,11.5095453126,SF,6000
202703.0,Nikola,Mirotic,22.6,15,DEN@CHI,CHI,DEN,,,8.6,9.25,7,0.298818848451,0.0862383731855,0.999427367994,0.72188652302,0.220023034454,0.77139787883,0.163447205278,0.357391225376,0.991420913284,0.746210606668,0.328067709743,1.9227499564,0.585162265038,2.40565118812,5.0,1.73465636336e-09,2.07424736727e-21,4.18556448828,4.57786500411,3.09293373041,3.24984674711,SF,5900
202691.0,Klay,Thompson,25.0,18,GS@CHA,GS,CHA,,,26.6,29.75,7,2.244479063,0.750868551903,6.07729964682,2.04800248457,0.350693615723,2.22898166256,0.581970801168,1.58075298061,2.57967527828,6.09945236822,2.57122924752,13.3291650547,1.68760272658,16.4577367105,29.0,0.00042892012353,3.80614234771e-08,24.0049913645,26.2106097369,13.4403201851,14.5396646772,SG,5900
203944.0,Julius,Randle,26.0,16,LAL@WAS,LAL,WAS,,,41.3,44.75,7,2.29923652132,0.589075484408,0.378239952278,3.89584166463,1.84238428244,7.64396439794,0.905773752611,1.94236075565,9.48634868038,4.98539402577,0.0664430034121,11.1467612621,2.57343495047,12.6106660054,31.0,0.381087336145,5.47093186418e-05,28.4904769222,30.540991368,12.3037631355,11.9666127136,PF,5900
101162.0,Marcin,Gortat,25.2,14,LAL@WAS,WAS,LAL,,,34.5,38.0,7,1.92386323999,1.55274484684,0.0111430364465,3.82843967282,3.06965665166,6.56952175696,0.839437165785,2.52592021604,9.63917840862,6.19986034142,0.000204831085138,11.8331618854,2.85295171115,15.2528772251,37.0,0.451052065234,1.772776613e-05,31.9641299846,34.3857827097,13.5531226964,13.0851440762,C,5900
203114.0,Khris,Middleton,24.1,18,MIL@SA,MIL,SA,,,22.1,23.75,7,2.64423531331,0.142324996337,3.88449265442,2.57798655173,0.311475323079,2.12050419197,1.2071311313,1.30455655652,2.43197951505,4.45210346609,1.78451744977,10.6377511631,2.25882308119,12.9475474632,30.0,0.000513456333133,7.56263196129e-08,21.2266315499,22.8935379402,10.5729182044,11.2039759779,SF,5800
1626144.0,Emmanuel,Mudiay,24.8,18,DEN@CHI,DEN,CHI,,,22.1,23.25,7,5.73795809042,0.725658501702,3.39555630907,3.2231841745,0.77508458991,2.92327229973,1.06433504686,3.49984287959,3.69835688964,4.63343449665,0.847681020356,13.6042435676,2.21456397289,12.3291139866,30.0,0.0552895284903,0.000248962129828,25.4542236073,27.8965845809,12.2678353127,12.4380801094,PG,5800
202694.0,Marcus,Morris,25.6,18,PHO@DET,DET,PHO,,,47.3,52.0,7,2.30788050108,0.320590194982,4.8210272643,4.14074647973,1.6249968037,4.67958396028,1.58271015863,1.88287828893,6.30458076398,5.91480485475,1.46991328535,14.3205488486,3.05409170787,16.3536147027,42.0,0.0983024285331,1.51583880964e-05,29.3046547894,31.4437787327,13.4338544363,13.8967558858,SF,5800
202685.0,Jonas,Valanciunas,24.9,14,TOR@ATL,TOR,ATL,O,Hand,0.0,0.0,7,0.0,0.0,0.0,0.0,0.0,0.0,0.0,0.0,0.0,0.0,0.0,0.0,0.0,0.0,0.0,,,0.0,,0.835640272524,,C,5700
203487.0,Michael,Carter-Williams,22.3,13,MIL@SA,MIL,SA,,,19.0,19.75,7,5.44069920521,0.717161354258,1.54351846686,3.34255821032,0.805048941338,2.42571004695,1.42011944533,3.43985014061,3.23075898829,4.17263122132,0.418622593027,10.2984574076,2.38771177695,11.1515968126,30.0,0.036827960549,6.7038111491e-05,24.0242678649,26.1704852363,10.4969043512,10.326901462,PG,5600
201569.0,Eric,Gordon,26.0,17,NO@HOU,NO,HOU,,,13.4,15.0,7,2.9941955611,0.214846436118,6.59575278203,3.12113590396,0.346760592189,1.52368511305,0.888919769005,1.54979991946,1.87044570524,5.30756137752,2.35631764691,13.0469906573,2.69158061103,15.663021013,33.0,0.000993988727139,2.59616955714e-08,23.0565816917,25.1046538211,13.1889718943,14.4445935918,SG,5600
203093.0,Terrence,Jones,20.1,13,NO@HOU,HOU,NO,,,27.3,28.0,7,1.0395698993,1.22851535789,1.66371661912,2.91376543118,1.93115262522,2.9127017904,0.457151650229,0.991297498788,4.84385441562,4.14303154278,0.635477459073,8.86846594954,1.68963248973,10.6111730344,25.0,0.0172602295255,1.49949850102e-08,20.3631896995,21.4446602885,9.42194883102,9.28244301184,PF,5500
202693.0,Markieff,Morris,22.4,15,PHO@DET,PHO,DET,,,0.0,0.0,7,0.0,0.0,0.0,0.0,0.0,0.0,0.0,0.0,0.0,0.0,0.0,0.0,0.0,0.0,0.0,,,0.0,,0.825687240289,,PF,5500
2225.0,Tony,Parker,23.6,18,MIL@SA,SA,MIL,,,16.7,17.75,7,3.20230094255,0.0841105408683,0.399517038363,1.78995739144,0.08536137299,1.00316272013,0.514036986375,1.20967051442,1.08852409312,3.56119074381,0.185296015336,6.59359740032,1.39541751689,8.70309501985,18.0,0.000859757427119,2.06742297583e-10,14.7993998855,15.5525989918,7.97353488218,7.5437192927,PG,5500
203490.0,Otto,Porter,23.3,14,LAL@WAS,WAS,LAL,,,13.7,15.0,7,1.8673305085,0.361987988282,3.04017186546,2.02518486412,1.0749377873,2.93150636741,1.23126475335,1.24477529248,4.00644415471,3.83353357897,0.831941182651,8.66627759892,1.6961251375,10.1951334781,30.0,0.00506954180413,1.36837135023e-07,19.7455924173,20.9918775858,8.76269670459,8.89102633607,SF,5400
203115.0,Will,Barton,24.7,18,DEN@CHI,DEN,CHI,,,28.6,29.5,7,1.98690691032,0.523262069205,2.91091377824,2.65002568712,0.752664252428,3.71851245277,1.13900499919,1.3655832632,4.4711767052,4.71936578153,1.13901646635,10.3125864392,2.2373953376,12.815143367,27.0,0.0130282779211,5.77111336075e-07,23.1198666523,24.6152695006,10.4044354409,10.5639488866,SG,5300
201579.0,Roy,Hibbert,22.5,16,LAL@WAS,LAL,WAS,,,9.1,10.25,7,1.71091812971,2.31233784609,0.103627469211,4.14496890584,2.38537811142,4.71357276866,0.40638019871,1.71471769063,7.09895088008,3.20118990364,0.000475664423457,7.0856919174,3.52164244308,9.92449791479,31.0,0.110047245452,1.79029026329e-05,24.7323345644,26.1100033628,8.58286505824,8.24653171924,C,5200
203084.0,Harrison,Barnes,23.5,17,GS@CHA,GS,CHA,O,Ankle,0.0,0.0,7,0.0,0.0,0.0,0.0,0.0,0.0,0.0,0.0,0.0,0.0,0.0,0.0,0.0,0.0,0.0,,,0.0,,0.722823339162,,SF,5200
201941.0,Jordan,Hill,22.2,14,IND@LAC,IND,LAC,,,24.6,25.5,7,1.15242845154,0.33908638715,0.0347156972491,1.98103998869,2.43295299244,3.67397244505,0.619841581642,1.09253611809,6.10692543749,3.37822069537,0.00930312101413,7.47909044951,1.43640932581,8.20215383756,20.0,0.039832865683,1.60373965669e-08,18.0844268593,19.0004420974,8.80987384381,8.46339275458,C,5100
1626156.0,D'Angelo,Russell,21.1,16,LAL@WAS,LAL,WAS,,,26.3,29.0,7,2.96543509393,0.248793515947,3.98206432319,1.1450718629,0.645005339208,3.84758067377,0.946038551074,1.74392968586,4.49258601298,4.24195185088,1.17458825698,10.426674642,0.843694171732,10.5021861305,27.0,0.011342865922,1.08291168365e-05,20.9871764351,22.6881114934,10.080794347,10.50307785,PG,5100
101133.0,Ian,Mahinmi,21.8,15,IND@LAC,IND,LAC,,,28.4,30.75,7,1.27750574179,1.58931738466,0.000941681781302,2.95987853545,2.32381833857,4.47312686983,0.986223752261,1.32825357794,6.79694520841,3.29761308391,7.46440847205e-06,6.13090460442,1.2266432685,7.82187690073,27.0,0.0591204946057,4.638800646e-07,21.7172984594,22.8099583745,7.86757098984,7.41093988218,C,5100
203145.0,Kent,Bazemore,22.7,15,TOR@ATL,ATL,TOR,,,15.6,16.75,7,1.93000203236,0.574217726774,3.11726874958,1.88895759268,0.248418279823,2.67292855293,1.31544195119,1.40831942664,2.92134683275,3.88640765105,1.24922396158,8.29540206994,1.46900384356,10.4910431072,26.0,0.000595575626638,2.06308861919e-08,19.2626622844,20.7383947455,8.81646291958,9.16385867141,SG,5100
101139.0,C.J.,Miles,22.0,13,IND@LAC,IND,LAC,,,15.6,17.25,7,1.20356812811,0.273520197965,5.93790493452,2.2994826634,0.290695010895,1.19831761777,1.01689608812,1.19245973502,1.48901262866,4.25124586292,2.36594923272,9.99678510708,1.83773160706,12.7061725656,24.0,3.49160281135e-06,2.17953701615e-12,17.6867127493,19.540373102,11.3111334562,12.6318882385,SF,5100
203484.0,Kentavious,Caldwell-Pope,21.3,18,PHO@DET,DET,PHO,,,24.2,26.0,7,2.12571590713,0.226354907695,5.81913649655,3.05429326634,0.984017923132,2.47105962837,1.80478435805,1.40984534539,3.4550775515,5.86729927269,1.71626783785,15.2363511808,2.34646876803,15.7973351513,46.0,0.00282093784169,2.64621455892e-07,25.7844352599,27.5244779297,13.9503126375,14.6883608985,SG,5000
101107.0,Marvin,Williams,23.8,17,GS@CHA,CHA,GS,,,18.7,19.0,7,1.38861710139,1.01813890458,3.93581843439,1.34876475194,1.38526946082,4.12688928551,0.714743111757,0.810612564823,5.51215874634,3.36084872798,1.49733709945,7.62178433825,1.1456791059,9.36471366131,30.0,0.0292009556011,6.51081714145e-08,20.7173812768,22.190765675,8.55274726358,9.28330830438,PF,5000
203953.0,Jabari,Parker,16.6,12,MIL@SA,MIL,SA,,,16.4,17.25,7,1.19106106598,0.349385014422,0.318540332632,2.26425905214,1.27077417266,2.66586775827,0.821061612709,1.08539240411,3.93664193093,4.36443276234,0.05907435551,9.13797620889,1.84726448611,10.6352043663,26.0,0.00485431895119,2.70466222049e-09,18.4012671325,19.1776140954,10.3536155996,9.95139855252,PF,5000
204456.0,T.J.,McConnell,22.3,18,PHI@NY,PHI,NY,,,17.6,17.75,7,5.51764453595,0.350528579797,1.4167386097,0.298233729464,0.612433986487,3.83141952656,1.13017709447,2.25500765393,4.44385351305,2.94855821196,0.428149252084,6.21902653559,0.195740059464,6.52100573546,26.0,0.0198816182616,0.000236343271844,20.8365004496,22.4308030355,6.87710443692,6.69121230123,PG,4900
203991.0,Clint,Capela,21.3,18,NO@HOU,HOU,NO,,,10.8,11.0,7,0.448494767141,1.12736003796,0.0580824852777,2.38578744451,1.9397799202,3.05279564443,0.627329926814,0.75511876382,4.99257556462,2.71652117813,0.0159964407326,4.83564474416,1.05609830934,6.50513710634,16.0,0.00822562373345,2.72233586013e-09,15.9232311003,16.5707559246,6.55385719331,6.076388764,C,4900
203471.0,Dennis,Schroder,20.4,20,TOR@ATL,ATL,TOR,,,16.4,17.5,7,2.86736860458,0.00972946582992,1.91843553021,1.17804214056,0.255715769978,1.04619313592,0.539120203643,1.23491004734,1.3019089059,2.45757260994,0.565968093424,6.25030026398,0.95934778901,6.44046110231,14.0,0.000210268609874,2.49436655277e-10,12.1665939879,13.1324439072,6.58226373737,6.65544745929,PG,4900
203924.0,Jerami,Grant,21.5,18,PHI@NY,PHI,NY,,,18.8,19.0,7,0.969624454309,1.29925175476,1.84051878127,2.67027643072,0.958797770875,2.25687097307,0.531147561471,0.931411855639,3.21566874395,2.46109249639,0.413666398209,6.05364482997,1.85091692806,7.18676831906,20.0,0.000606231066749,7.57850985615e-10,15.2293942701,16.0636261831,6.56216089554,6.50621909468,PF,4800
201951.0,Ty,Lawson,17.3,17,NO@HOU,HOU,NO,,,18.0,20.0,7,5.28906754324,0.151658662975,2.23896323535,2.86665625773,0.621124357965,1.47653191617,1.05120047298,2.27556552019,2.09765627414,2.99987657174,0.736909100955,7.97047277407,1.97536460861,8.71202685305,29.0,0.0211089065646,1.45032204906e-06,19.2929684486,20.9357562837,8.06917408701,8.21744784944,PG,4800
201167.0,Arron,Afflalo,20.3,10,PHI@NY,NY,PHI,,,23.6,25.0,7,1.34365245583,0.0671873910267,2.86379938801,1.03667256782,0.362841477417,1.91005651471,0.215263043547,0.820607363605,2.27289799213,4.04222376541,1.05697399829,8.94490604329,0.79824432864,9.93966585775,23.0,7.80227614127e-05,1.20927788907e-10,14.4269156376,15.4794682526,9.10045695228,9.30504403621,SG,4800
201950.0,Jrue,Holiday,19.0,13,NO@HOU,NO,HOU,,,0.0,0.0,7,0.0,0.0,0.0,0.0,0.0,0.0,0.0,0.0,0.0,0.0,0.0,0.0,0.0,0.0,0.0,,,0.0,,0.930187048299,,PG,4800
203087.0,Jeremy,Lamb,22.4,16,GS@CHA,CHA,GS,,,15.8,18.0,7,1.28945613907,0.383633282334,3.41912537843,1.45044435123,0.473179791516,2.65612444132,0.497286064054,0.831367836187,3.12930423283,4.12756599141,1.22036460321,8.55370941511,1.07862063315,10.5541172192,21.0,0.000954891002398,1.04122374036e-09,17.1739373638,18.3577011347,9.01595929027,9.34777397774,SG,4700
2738.0,Andre,Iguodala,21.4,19,GS@CHA,GS,CHA,,,20.1,21.25,7,2.4852516294,0.218672521432,1.91485912778,0.746580290891,0.703519989443,1.75181527865,0.827900915176,0.79958430765,2.45533526809,2.34667299346,0.875361064861,4.40619128367,0.426025920803,5.99473297259,19.0,0.000118720721361,1.4975800929e-08,13.962575304,14.9229928796,5.72163076163,5.92014737345,SF,4700
1938.0,Manu,Ginobili,20.5,14,MIL@SA,SA,MIL,,,10.5,11.5,7,2.00368184005,0.103397111036,2.11431377183,1.27906351236,0.279069361303,1.01841941732,0.638342116447,1.09442638772,1.29748877863,2.15679501592,0.721574729447,4.89067799044,0.981462979278,6.01662774056,12.0,1.1135622112e-05,1.25475621486e-11,10.9681891022,11.9410808032,5.83867951467,6.0562857832,SG,4700
201573.0,Jerryd,Bayless,22.0,18,MIL@SA,MIL,SA,,,0.0,0.0,7,0.0,0.0,0.0,0.0,0.0,0.0,0.0,0.0,0.0,0.0,0.0,0.0,0.0,0.0,0.0,,,0.0,,0.797216423531,,PG,4600
101106.0,Andrew,Bogut,20.7,13,GS@CHA,GS,CHA,,,22.2,22.75,7,2.49542061662,1.77535941147,0.000126601568762,0.897596242001,2.05494116089,4.16677229079,0.547629922647,1.45649327107,6.22171345168,3.08765912727,8.31736568085e-05,4.98455842733,0.44964317835,6.62504460655,23.0,0.026575741497,7.69851772474e-06,21.0237170707,22.1029776734,6.72161855496,6.12976544759,C,4600
200755.0,J.J.,Redick,17.9,15,IND@LAC,LAC,IND,,,2.0,2.0,7,0.0,0.0,0.0,0.0,0.0,0.0,0.0,0.0,0.0,0.0,0.0,0.0,0.0,0.0,0.0,,,0.0,,0.566550733914,,SG,4600
203105.0,Festus,Ezeli,20.3,19,GS@CHA,GS,CHA,,,15.2,16.0,7,0.698221677473,1.20162401876,0.00190154706949,2.47898256579,1.88349251056,2.93415170108,0.230824090924,0.824593390369,4.81764421164,2.36686688838,0.000523701718367,4.31818917236,1.42810909278,6.16236657127,16.0,0.00578388694399,3.3960895387e-09,15.0311749704,15.6932915677,6.08166053054,5.64005445276,C,4500
2594.0,Kyle,Korver,18.9,18,TOR@ATL,ATL,TOR,,,16.9,20.0,7,1.99344093834,0.284497903555,4.68565823202,1.00536068834,0.128168768178,3.05459098218,0.742837289194,1.40174347452,3.18275975036,3.91484532193,2.18316165389,7.79261541912,0.8452745782,10.8581268759,31.0,0.00112412083685,4.95609442499e-08,18.3205268949,20.2738037765,9.51751520975,10.5619506572,SG,4500
101150.0,Louis,Williams,19.0,14,LAL@WAS,LAL,WAS,GTD,Personal,32.4,34.5,7,3.09782270102,0.221392416859,5.62787175941,7.06940277685,0.284948453293,1.9218259513,1.45833911865,1.888802357,2.2067744046,4.7147152109,1.63702353087,12.7671797867,5.93978578184,17.0062397345,33.0,0.0014146561992,1.40426701638e-07,25.7717637856,27.6471378553,12.4245113761,13.2507663163,SG,4500
202391.0,Jeremy,Lin,19.2,17,GS@CHA,CHA,GS,GTD,Ankle,12.5,13.5,7,1.84630376071,0.290836453128,1.51916837583,1.94226457337,0.212164444774,0.969183128778,0.478925372979,1.05822785363,1.18134757355,1.94038185637,0.495613414114,4.69061800463,1.56122369452,5.93760082137,13.0,5.24451923829e-06,2.57408206464e-12,10.6059693493,11.4419652286,5.50829005945,5.56040431108,PG,4500
203477.0,Isaiah,Canaan,17.8,18,PHI@NY,PHI,NY,,,21.5,23.25,7,2.4834339291,0.334010395464,7.70254440472,2.55131174281,0.408169652268,1.979211213,0.946567251249,1.81122137746,2.38738086527,4.10107556221,2.79256797444,11.4830155908,2.10235940473,13.0970785036,30.0,0.000356833712588,3.98021207037e-08,20.4370203515,22.8588194407,13.1186229019,14.9629527669,PG,4400
2199.0,Tyson,Chandler,17.9,15,PHO@DET,PHO,DET,GTD,Hamstring,0.0,0.0,7,0.0,0.0,0.0,0.0,0.0,0.0,0.0,0.0,0.0,0.0,0.0,0.0,0.0,0.0,0.0,,,0.0,,0.902943515466,,C,4400
201155.0,Rodney,Stuckey,17.2,11,IND@LAC,IND,LAC,,,29.0,29.25,7,3.2465484151,0.275675655461,1.9161690385,3.7188198971,0.437271778706,2.93185414162,1.0568767162,2.01383086891,3.36912592032,5.27031064404,0.539203835196,12.3881578799,3.04618241933,14.1260075426,32.0,0.00388876152312,4.29475162296e-06,23.6900551441,25.1408748187,12.3837272799,12.20437504,SG,4400
202709.0,Cory,Joseph,18.1,18,TOR@ATL,TOR,ATL,,,21.2,21.25,7,4.1665635405,0.41399300896,1.35968084092,3.17557708327,0.783041934053,2.38029868639,1.05510488045,1.53805786496,3.16334062044,4.73873916898,0.458984369172,9.43008451468,2.44037603846,12.3768387456,34.0,0.00950188291462,1.33569366658e-05,23.8228307147,24.993811758,10.1883903473,9.87719967528,PG,4400
203933.0,T.J.,Warren,19.1,16,PHO@DET,PHO,DET,,,20.3,20.5,7,0.661006949149,0.275970142264,1.03508064479,1.17426185391,1.35758333242,1.94971089877,0.659455871863,0.800266242741,3.30729423119,4.61646494124,0.382366489265,8.73610460921,0.894700067228,10.509996439,21.0,0.00142803657177,6.80837299615e-12,16.5408457256,17.2996688581,9.60789278978,9.22212241383,SF,4400
2449.0,Luis,Scola,19.5,18,TOR@ATL,TOR,ATL,,,19.8,20.75,7,0.8342469044,0.19067718473,1.04697810988,1.34346904037,1.3929256374,3.39579792371,0.54334480844,0.94031957886,4.7887235611,3.67697183913,0.474903313351,7.6876030918,0.964490199515,8.79333719114,20.0,0.0121969420159,2.62319993313e-10,16.3189002285,17.2842432665,8.46806018567,8.24497095973,PF,4300
101181.0,Jose,Calderon,16.4,18,PHI@NY,NY,PHI,,,24.9,25.5,7,3.62927640075,0.00329871093577,3.17628275323,0.76555986198,0.296445400416,1.64666717633,0.960664049306,1.25776811968,1.94311257675,3.09709740869,1.28715653059,6.93178058604,0.708456997457,8.18980834542,27.0,0.00186065376428,6.77680933695e-08,16.6356154394,18.0080245774,7.72188419259,8.25847154526,PG,4300
201959.0,Taj,Gibson,16.4,15,DEN@CHI,CHI,DEN,,,22.2,23.25,7,1.07613656473,0.80510374905,0.085038136869,1.74771559392,1.77234320598,2.85516475055,0.434664808418,0.862654118829,4.62750795653,2.79250734399,2.91528436293e-07,5.62855303214,1.12185616793,6.70687114744,20.0,0.00567525296066,1.31631849396e-09,15.4909685385,16.1621840249,7.07778235231,6.66909820682,PF,4200
201149.0,Joakim,Noah,18.7,14,DEN@CHI,CHI,DEN,,,28.7,30.75,7,5.07132498275,1.56995417921,0.011670139643,2.48415699745,4.06660333037,7.21694471937,0.819328187084,2.76137188804,11.2835480497,2.8115497756,0.0,6.86866180244,1.25291777333,6.87601732453,35.0,,,30.0404553029,,8.08028797314,,C,4200
2399.0,Mike,Dunleavy,0.0,0,DEN@CHI,CHI,DEN,O,Back,0.0,0.0,7,0.0,0.0,0.0,0.0,0.0,0.0,0.0,0.0,0.0,0.0,0.0,0.0,0.0,0.0,0.0,,,0.0,,0.594152155376,,SF,4200
200757.0,Thabo,Sefolosha,19.2,16,TOR@ATL,ATL,TOR,,,28.5,29.25,7,2.00155081836,0.887018911771,2.59798833186,1.65686100048,1.1962957813,4.39684112652,1.96600098955,1.35495138627,5.59313690782,4.01555758767,0.951544020577,8.04048088547,1.07145650977,10.0541157057,33.0,0.0352985448541,3.07496844727e-06,24.119294639,25.60515623,8.56952231985,8.6479819722,SF,4200
204038.0,Langston,Galloway,18.3,18,PHI@NY,NY,PHI,,,7.6,7.75,7,1.85098792524,0.114746399042,2.77277513299,1.56267233732,0.619203844392,2.04389682966,0.872566127635,0.678684921037,2.66310067406,2.68611913394,1.15099619894,6.77850622276,1.16174223095,7.68497669777,22.0,0.000184098552191,4.28240287359e-09,14.9531195268,16.0013912812,7.28181898663,7.77631982104,SG,4200
201980.0,Danny,Green,17.5,18,MIL@SA,SA,MIL,,,13.8,14.0,7,1.5817918596,0.538838861722,3.75700330081,0.647036448612,0.438400164419,2.17174190255,0.656831678052,1.00191266771,2.61014206697,2.22091260132,1.26268771671,6.22113107591,0.523880798674,6.22839371802,21.0,0.000102642898156,6.53906907075e-10,13.1226803996,14.3856416615,7.21233337182,8.05274322063,SG,4100
2037.0,Jamal,Crawford,17.2,18,IND@LAC,LAC,IND,,,23.7,26.5,7,3.17455844066,0.130201120547,6.13627636332,5.36531197032,0.326924157141,1.95959868221,0.934293267845,2.19602841955,2.28652283935,5.97022798307,1.71961371164,16.2480328859,4.94400627683,18.6040759546,37.0,0.00173632130437,2.20416426452e-07,26.0427013801,28.1174537308,14.6669018616,15.4340564449,SG,4100
2403.0,Nene,Hilario,16.7,12,LAL@WAS,WAS,LAL,O,Calf,0.0,0.0,7,0.0,0.0,0.0,0.0,0.0,0.0,0.0,0.0,0.0,0.0,0.0,0.0,0.0,0.0,0.0,,,0.0,,0.86682779914,,PF,4100
101141.0,Ersan,Ilyasova,16.4,18,PHO@DET,DET,PHO,,,27.3,31.0,7,1.46390004236,0.461203272253,4.91456321677,2.77236159099,2.03013765841,2.58663812822,0.761665651223,1.44088989576,4.61677578663,5.34163481828,1.99940398004,11.9515413822,2.12584936274,14.8085229793,35.0,0.0172920279705,5.75132855556e-08,23.549351938,25.5262758798,11.980417488,12.7532453577,PF,4100
201196.0,Ramon,Sessions,16.1,14,LAL@WAS,WAS,LAL,,,9.7,10.25,7,1.79496779988,0.0285320175125,0.783542088549,2.12421858727,0.191191536434,0.902705941328,0.556686075813,0.796520425773,1.09389747776,1.41916275674,0.282738932626,3.67238027594,1.6295866593,4.7506511054,12.0,2.12013185421e-06,5.26567539215e-13,9.12969553941,9.7240232727,4.61343339717,4.56465131288,PG,4100
203914.0,Gary,Harris,16.9,16,DEN@CHI,DEN,CHI,O,Concussion,0.0,0.0,7,0.0,0.0,0.0,0.0,0.0,0.0,0.0,0.0,0.0,0.0,0.0,0.0,0.0,0.0,0.0,,,0.0,,0.729614526622,,SG,4000
203138.0,Hollis,Thompson,17.2,18,PHI@NY,PHI,NY,,,18.8,21.0,7,1.29187629307,0.382737009193,4.81668050168,1.30465540908,0.781887378574,2.67967722657,0.71474129113,1.3401801445,3.46156460515,3.20745698527,1.90474692967,8.02207671297,0.956657902295,9.27631880251,27.0,0.00161924881846,1.8036623743e-09,16.2227872244,18.0207578704,9.27892460753,10.4009303859,SF,4000
201577.0,Robin,Lopez,18.6,18,PHI@NY,NY,PHI,,,16.5,17.75,7,1.48554968639,1.03159469348,0.00338918560171,1.36458672063,2.35207532576,3.08705164507,0.231337224932,1.51092623783,5.43912697083,2.85057671274,3.49977860565e-08,6.14903611817,1.15785082733,6.85900428781,22.0,0.0149958302528,5.87161299974e-08,16.6292187814,17.6791321879,7.51438530995,7.15466215849,C,4000
201977.0,Marcus,Thornton,18.8,16,NO@HOU,HOU,NO,,,7.6,8.75,7,0.628338235586,0.0506338963574,2.37911061967,0.454273860734,0.416590364854,0.816142012406,0.433057492328,0.379292023192,1.23273237726,2.07779444252,0.82614246102,5.03320208043,0.368632801388,5.35036414744,11.0,1.33179209947e-07,2.04459918264e-16,8.36024110771,9.02459516845,5.8542006872,6.22519679804,SG,4000
201166.0,Aaron,Brooks,15.0,10,DEN@CHI,CHI,DEN,O,Hamstring,9.9,10.5,7,1.40901824301,0.124497799349,1.73512899894,0.684165250787,0.257198661658,0.604144056522,0.223725932737,0.592416330892,0.86134271818,1.74558323742,0.648763429361,4.07545393528,0.55644924875,4.69637915294,9.0,3.08897360059e-07,8.66444949493e-15,7.94754891256,8.61120639194,5.04174840616,5.26540575983,PG,4000
203141.0,Mirza,Teletovic,12.9,17,PHO@DET,PHO,DET,,,24.3,27.5,7,2.17017555199,0.711822905773,9.90627320833,1.23847374879,1.30725929906,3.72160590168,0.852671800535,1.47812063025,5.02886520074,5.98424805692,4.1295121584,14.796915837,0.964286551882,17.0622948241,39.0,0.0299337443579,2.69913823162e-06,28.0030651754,31.1032335437,16.9220601183,19.3531807654,PF,4000
203994.0,Jusuf,Nurkic,0.0,0,DEN@CHI,DEN,CHI,O,Knee,0.0,0.0,7,0.0,0.0,0.0,0.0,0.0,0.0,0.0,0.0,0.0,0.0,0.0,0.0,0.0,0.0,0.0,,,0.0,,0.959889227623,,C,4000
203999.0,Nikola,Jokic,16.5,17,DEN@CHI,DEN,CHI,,,12.6,13.25,7,0.49389181881,0.283878278069,0.270508825704,1.18478340527,1.04951382847,1.7499722869,0.405021768655,0.608292495195,2.79948611537,1.68450001555,0.0928499202086,3.31684774347,0.842459066156,4.30430901746,10.0,5.42104963135e-05,9.50962138351e-15,9.17403768237,9.66466451159,4.68188487639,4.35175752699,C,4000
2746.0,Josh,Smith,14.7,18,IND@LAC,LAC,IND,,,26.0,26.75,7,1.86596712375,1.23073730074,1.93446128249,1.85645807433,1.16770743101,2.73583475557,0.524628832059,1.57378363449,3.90354218659,2.49704025192,0.557945937251,6.19130210726,1.04035320245,6.59237964354,17.0,0.00194670523112,5.21980025251e-08,16.0125295842,17.2764916938,6.64629430507,6.70167678803,PF,3900
201581.0,J.J.,Hickson,16.3,14,DEN@CHI,DEN,CHI,,,18.7,19.5,7,0.788750943206,0.572351542383,0.0106233817085,2.4869246559,1.27538919049,2.59527942295,0.499560449461,0.843113020174,3.87066861345,2.7979604323,0.0,5.45653480428,1.30809776746,6.90401863206,16.0,,,14.0326583465,,7.08571957619,,PF,3900
202347.0,Quincy,Pondexter,0.0,0,NO@HOU,NO,HOU,O,Knee,0.0,0.0,7,0.0,0.0,0.0,0.0,0.0,0.0,0.0,0.0,0.0,0.0,0.0,0.0,0.0,0.0,0.0,,,0.0,,0.580124192446,,SF,3900
202730.0,Lavoy,Allen,15.0,15,IND@LAC,IND,LAC,,,2.9,4.5,7,1.34523794142,0.642184962448,0.0106331300085,0.767113534786,2.00686438701,3.31850979315,0.312933852004,0.967534462017,5.32537418016,2.41384555553,0.00164333284692,5.61057053102,0.425393816211,5.25472826011,21.0,0.00649815603823,1.03098383078e-08,14.6057373553,15.3663422267,6.77391430276,6.461119479,PF,3900
202687.0,Bismack,Biyombo,15.3,18,TOR@ATL,TOR,ATL,,,18.6,20.0,7,0.338891136449,1.74376688794,9.62145311808e-06,2.99392448874,3.10784387046,5.53702744495,0.253933550593,1.28940666289,8.64487131541,2.09113802869,2.6513663422e-06,4.30447344179,1.91529279354,6.09757150229,27.0,0.0786594184897,1.16754087452e-06,19.6857479996,20.8806888529,5.97961452897,5.6443538248,C,3900
201589.0,Darrell,Arthur,13.9,17,DEN@CHI,DEN,CHI,,,19.4,19.5,7,0.880289571369,0.634087099589,1.0586124582,0.717787379822,1.2798670408,1.84358910796,0.710171707722,0.755592051976,3.12345614876,2.76029777468,0.297413724268,6.6499610339,0.499269812701,6.31727908633,19.0,0.000371253278148,1.52351630147e-11,13.3187863845,14.0020189601,7.1412523628,6.95353010222,PF,3900
2749.0,Jameer,Nelson,15.3,16,DEN@CHI,DEN,CHI,,,6.9,7.0,7,3.14098989273,0.0216789337683,2.78718549113,0.563830582051,0.246567930421,1.13665781115,0.491146478169,1.30242716508,1.38322574157,2.20203276529,0.781706646984,6.00371480071,0.423668128533,5.60944030609,18.0,0.00031012339159,6.26729871428e-10,11.7040196939,12.8157130739,6.38060003113,6.76718256133,PG,3900
203088.0,Kendall,Marshall,0.0,0,PHI@NY,PHI,NY,O,Knee,0.0,0.0,7,0.0,0.0,0.0,0.0,0.0,0.0,0.0,0.0,0.0,0.0,0.0,0.0,0.0,0.0,0.0,,,0.0,,0.899244200232,,PG,3900
200782.0,P.J.,Tucker,14.4,17,PHO@DET,PHO,DET,,,17.7,20.0,7,1.82444501663,0.206753433037,3.36353020099,2.08987979804,2.03350124281,4.07681667233,1.52803586345,1.66117392455,6.11031791514,3.53239832318,1.03716728572,8.40697498443,1.52738376147,9.62934769356,39.0,0.0517698993017,1.37239402232e-06,21.5068013851,23.2391468521,8.62208570827,8.98401471764,SF,3800
201988.0,Patrick,Mills,15.1,18,MIL@SA,SA,MIL,,,21.1,22.75,7,2.24546177102,0.0966934199439,4.40790496815,0.421532793897,0.325650086237,1.38236916339,1.08158968957,1.01881505711,1.70801924963,3.56426058221,1.71475900007,8.29878060404,0.327170360567,9.17045052506,22.0,6.79421684403e-05,7.80287871854e-10,15.9260174431,17.3783073497,9.16364708022,10.0504997889,PG,3800
202338.0,Kevin,Seraphin,9.2,14,PHI@NY,NY,PHI,,,21.7,23.0,7,1.28050196952,0.949144556422,0.0120396825996,0.752497652649,1.16683454108,1.81038795249,0.315971448484,1.56299123412,2.97722249357,3.19435227175,9.97537298755e-06,6.66727484496,0.597931519527,6.98664603839,17.0,0.000316799867252,3.46565607879e-10,13.4473067607,14.3781436909,8.03946568942,7.64548509042,PF,3800
201564.0,O.J.,Mayo,16.5,7,MIL@SA,MIL,SA,,,12.7,14.5,7,2.42859537458,0.111542028528,4.30810472936,1.24151223405,0.380401315908,1.73223551593,0.924876934875,1.43992511997,2.11263683184,3.25939308449,1.32993203981,8.30217193676,0.967032599423,8.81575080821,24.0,0.000143987363645,7.88666524298e-09,15.6267208751,17.1174973013,8.76449840374,9.49994551775,SG,3800
2571.0,Leandro,Barbosa,12.8,16,GS@CHA,GS,CHA,,,5.0,5.0,7,1.20798069892,0.0936368713793,1.40379170616,0.618505467745,0.287457843795,0.469795650042,0.628410578345,0.559659639631,0.757253493837,2.01952036231,0.585349015629,4.4540110995,0.457693499118,5.08208323937,11.0,9.65484550181e-08,9.61110113618e-16,8.68719374018,9.29756088732,5.33624619546,5.40443004485,SG,3800
201156.0,Nick,Young,14.0,16,LAL@WAS,LAL,WAS,,,0.0,0.0,7,0.0,0.0,0.0,0.0,0.0,0.0,0.0,0.0,0.0,0.0,0.0,0.0,0.0,0.0,0.0,,,0.0,,0.602145604704,,SG,3700
2550.0,Kirk,Hinrich,13.6,7,DEN@CHI,CHI,DEN,O,Hip,0.0,0.0,7,0.0,0.0,0.0,0.0,0.0,0.0,0.0,0.0,0.0,0.0,0.0,0.0,0.0,0.0,0.0,,,0.0,,0.693922500448,,SG,3700
202720.0,Jon,Leuer,15.3,17,PHO@DET,PHO,DET,,,40.7,42.0,7,2.4638201264,0.553144373121,3.42985465483,2.44166922207,2.14653015494,6.81639796438,1.14391548418,1.5032219482,8.96292811932,6.08894644872,1.52632324906,13.371489819,1.70952525671,15.4137414032,39.0,0.363270379897,9.00122556281e-05,31.7558831024,34.2639777136,12.9741429421,13.2240724601,PF,3700
203488.0,Mike,Muscala,9.8,14,TOR@ATL,ATL,TOR,,,10.3,10.5,7,0.911103629753,0.880434929282,1.29978416928,1.21978624323,1.18726905842,2.29481291717,0.548506314917,0.949071981338,3.48208197559,2.5979416875,0.456383106306,5.36013601076,1.02048028551,6.67274676683,19.0,0.000915265032111,7.5725922571e-11,14.1267110892,15.0049156296,6.24814317318,6.10265916451,PF,3700
202362.0,Lance,Stephenson,11.4,17,IND@LAC,LAC,IND,,,27.1,29.75,7,3.18627102572,0.154561971265,2.05779974866,1.68345920019,0.949350983168,2.71265266364,0.767756079597,2.05722278994,3.66200364681,3.36405417899,0.726508096076,8.05416190362,1.12036690161,8.57498335566,28.0,0.00293738178441,3.6367728192e-06,17.5362075822,19.1155901905,8.26262992657,8.31279407383,SG,3700
202087.0,Alonzo,Gee,10.6,17,NO@HOU,NO,HOU,,,9.6,10.25,7,0.925140748862,0.241828261048,0.996068488121,0.979845545587,0.933027282702,2.03529698841,1.04089010618,1.03177578386,2.96832427112,1.99129870601,0.225044206539,4.38908006835,0.747857863306,4.95549948186,23.0,0.00013528525865,2.90926395529e-11,11.4388606811,12.2158898178,5.22383912408,4.98884140759,SF,3700
201976.0,Patrick,Beverley,13.1,11,NO@HOU,HOU,NO,,,25.9,27.0,7,2.62823889057,0.57616686798,4.13792838738,0.565755662008,0.652633480838,2.09331059514,1.23663477013,1.36295536253,2.74594407597,2.9004795704,1.4227509889,7.76828826718,0.474542755396,7.69825288509,26.0,0.000381317846119,9.08647600647e-08,17.1983920258,18.7291146547,8.35712717561,9.19721655499,PG,3700
201162.0,Jared,Dudley,13.9,13,LAL@WAS,WAS,LAL,,,13.1,15.25,7,1.81580471351,0.362541371911,3.57842469089,1.58330504761,0.615120838592,3.13511591673,0.87876608366,1.37401285638,3.75023675532,3.35826826088,1.56850607651,6.88457291357,1.29340169382,9.5784442921,32.0,0.00295530300433,6.15120920696e-08,17.9110375235,19.5742419668,8.15739021878,8.83174892416,SF,3700
203530.0,Joffrey,Lauvergne,16.6,5,DEN@CHI,DEN,CHI,,,24.4,25.25,7,1.37246455658,0.610665718372,1.26747056737,2.18695737878,1.99675514728,3.19285533087,0.519075842724,1.25275758557,5.18961047815,3.21159652459,0.447189126542,7.48484152101,1.63771605876,8.50809823447,21.0,0.0182698322052,3.45462229458e-08,17.8010531797,18.9379119117,8.04964574548,7.90896345108,PF,3700
1626169.0,Stanley,Johnson,15.5,18,PHO@DET,DET,PHO,,,9.9,11.0,7,1.1044546068,0.197337848593,2.68668142584,1.64107860174,0.946382771926,2.92692691777,0.702873081803,1.33778899668,3.87330968969,3.35001670802,0.809883550108,8.36775892614,1.19444063949,8.70435760564,21.0,0.00317774490399,8.83939479796e-10,15.4716440076,16.7439123855,8.36259920229,8.54073155859,SF,3600
203118.0,Mike,Scott,8.8,18,TOR@ATL,ATL,TOR,,,6.8,9.0,7,0.926008079769,0.10127729666,1.50978552096,0.876153586011,0.492083853421,0.925472766732,0.166765821227,0.530697941773,1.41755662015,1.85392445616,0.509008512392,4.14708782101,0.714499129411,4.93135655413,11.0,3.58344228461e-07,1.93622812355e-14,8.02682491197,8.61755650758,5.05886219774,5.11254564581,SF,3600
201975.0,Jodie,Meeks,1.7,2,PHO@DET,DET,PHO,O,Foot,0.0,0.0,7,0.0,0.0,0.0,0.0,0.0,0.0,0.0,0.0,0.0,0.0,0.0,0.0,0.0,0.0,0.0,,,0.0,,0.592046369819,,SG,3600
203469.0,Cody,Zeller,15.6,15,GS@CHA,CHA,GS,,,8.6,9.25,7,0.760048442379,0.460390997,0.279579117046,2.43149704756,1.20571781871,2.23817078819,0.51138025588,0.695332845884,3.4438886069,1.90006276933,0.00432508118065,4.19727022489,1.73296438939,5.53741500923,17.0,0.000484898556313,4.45673338204e-12,12.0583636609,12.5811144027,5.49905927826,5.15591727547,PF,3600
201575.0,Brandon,Rush,7.5,11,GS@CHA,GS,CHA,,,13.8,15.5,7,0.910969134903,0.568035719956,2.56653805548,0.855491346124,0.437987626543,1.43432902737,0.368074430488,0.987208463831,1.87231665391,1.71606827902,0.927475452666,4.77614944521,0.496055368346,4.85566737904,20.0,3.98817062644e-06,1.91522827046e-13,9.35391290315,10.4048766764,5.65152921671,6.2244182626,SG,3600
202349.0,Greivis,Vasquez,15.6,16,MIL@SA,MIL,SA,O,Ankle,0.0,0.0,7,0.0,0.0,0.0,0.0,0.0,0.0,0.0,0.0,0.0,0.0,0.0,0.0,0.0,0.0,0.0,,,0.0,,0.829123378637,,PG,3600
203917.0,Nik,Stauskas,15.5,16,PHI@NY,PHI,NY,,,13.4,15.0,7,1.78145684038,0.296446038585,4.80553266333,1.40596607188,0.22874095559,1.61617913341,0.640062541006,1.03484604842,1.844920089,2.67695577992,1.47008739365,7.76418722795,1.07039429012,7.89439324361,24.0,1.69558443305e-05,1.72639118274e-10,13.6186537217,14.9633918815,8.63256653976,9.65623951717,SG,3600
101138.0,Brandon,Bass,12.9,15,LAL@WAS,LAL,WAS,,,18.5,19.25,7,0.917355208609,0.423513669183,0.136944928054,1.55412664886,1.7008102833,2.09029466326,0.326572915485,0.856820845204,3.79110494657,2.63400901542,0.0276165847031,5.02367336923,1.25511820507,6.55075282061,17.0,0.00151389965645,7.67631704813e-11,13.1194638935,13.7535087055,6.50657637391,6.07185510502,PF,3600
2581.0,Steve,Blake,9.5,14,PHO@DET,DET,PHO,,,2.7,3.75,7,2.52640917006,0.088546063265,2.02026822993,0.154478290414,0.128026035403,0.677686851605,0.39869925569,1.10974622461,0.805712887009,1.08028893957,0.564646047265,3.15918749624,0.110248630455,2.83547255685,13.0,1.10365388896e-05,1.69161499478e-13,7.45668618965,8.33418452475,4.19974845311,4.59934425704,PG,3600
201578.0,Marreese,Speights,10.1,15,GS@CHA,GS,CHA,,,14.1,14.25,7,0.630976698035,0.33773576851,0.231340712541,1.59095978545,0.973920006096,1.81770644431,0.193740181284,0.866263502983,2.7916264504,2.46238802521,0.0263770432822,5.78158312807,1.21836056749,6.16951366119,11.0,0.000146947007007,2.29150226633e-13,10.6626188453,11.2487408615,6.86227575982,6.5490306615,PF,3600
203143.0,Pablo,Prigioni,5.4,5,IND@LAC,LAC,IND,,,8.7,8.75,7,1.73558684639,0.00861938028079,1.94641704133,0.397091545555,0.343022193659,0.451268300141,0.916351081542,0.690360443466,0.7942904938,0.85655023678,0.549461990592,2.73800296052,0.355258918628,2.61782138278,13.0,4.28501021492e-07,2.71396158347e-14,7.3339307251,7.99355710957,3.90506600843,4.36131124626,PG,3600
203948.0,Johnny,O'Bryant,9.2,16,MIL@SA,MIL,SA,,,6.4,6.5,7,0.341450631732,0.0967875211668,0.0114178041221,0.525324700109,0.490919273502,0.772212399308,0.10683591474,0.315367540238,1.26313167281,0.751393415307,0.00314456652007,1.80618736706,0.329055781376,1.83498717851,7.0,2.80005559156e-09,1.2191442045e-20,3.95480046506,4.17721310628,2.88551589444,2.66026809077,C,3500
203963.0,Shayne,Whittington,-2.0,1,IND@LAC,IND,LAC,,,0.0,0.0,7,0.0,0.0,0.0,0.0,0.0,0.0,0.0,0.0,0.0,0.0,0.0,0.0,0.0,0.0,0.0,,,0.0,,0.827925034471,,C,3500
203461.0,Anthony,Bennett,3.6,7,TOR@ATL,TOR,ATL,,,0.0,0.0,7,0.0,0.0,0.0,0.0,0.0,0.0,0.0,0.0,0.0,0.0,0.0,0.0,0.0,0.0,0.0,,,0.0,,0.756369668843,,PF,3500
201202.0,Joel,Anthony,5.7,2,PHO@DET,DET,PHO,,,0.0,0.0,7,0.0,0.0,0.0,0.0,0.0,0.0,0.0,0.0,0.0,0.0,0.0,0.0,0.0,0.0,0.0,,,0.0,,0.897750024864,,C,3500
1626181.0,Norman,Powell,3.2,8,TOR@ATL,TOR,ATL,,,0.0,0.0,7,0.0,0.0,0.0,0.0,0.0,0.0,0.0,0.0,0.0,0.0,0.0,0.0,0.0,0.0,0.0,,,0.0,,0.760235738429,,SG,3500
2034.0,Mike,Miller,4.3,13,DEN@CHI,DEN,CHI,,,7.6,7.75,7,0.970076371738,0.0971617151706,2.12409474539,0.0964164074213,0.0738881167269,0.863879768913,0.422958963108,0.518986793385,0.93776788564,1.05251330405,0.846164275157,2.54988587795,0.0759230858485,3.0271139691,14.0,8.71875370528e-09,3.11959225505e-16,6.12880455265,6.85826849428,4.38971268869,5.01142280404,SF,3500
200751.0,Randy,Foye,9.2,18,DEN@CHI,DEN,CHI,,,18.2,18.75,7,2.03306937333,0.26864587087,4.06109672982,0.869976664402,0.374182324444,1.00102596768,0.559604671132,1.15703226705,1.37520829212,2.17759605,1.08273605519,6.86169136414,0.727894638762,6.16582279396,21.0,1.38404338658e-05,2.56926143318e-11,11.3651456215,12.5538109579,7.32704767544,8.12032568546,SG,3500
201962.0,Toney,Douglas,13.0,15,NO@HOU,NO,HOU,,,5.2,6.25,7,0.926009592337,0.0618513349779,1.10844985645,0.567899559285,0.181657329701,0.294057043393,0.416257306899,0.491104154649,0.475714373094,1.06126327959,0.394119681912,2.58359379361,0.467674558677,2.98432079976,8.0,1.91138344681e-09,2.58888657696e-19,5.40930556508,5.87570320489,3.64329295403,3.77144708435,PG,3500
203501.0,Tim,Hardaway Jr.,5.0,4,TOR@ATL,ATL,TOR,,,0.0,0.0,7,0.0,0.0,0.0,0.0,0.0,0.0,0.0,0.0,0.0,0.0,0.0,0.0,0.0,0.0,0.0,,,0.0,,0.573187568624,,SG,3500
203382.0,Aron,Baynes,10.4,18,PHO@DET,DET,PHO,,,4.0,5.25,7,0.440849608254,0.253491776124,0.0443359568795,0.871305615994,1.22325062344,1.57692887005,0.172578163569,0.664012301756,2.80017949348,1.62929757644,0.00532453936874,3.29059478898,0.6772808589,3.94120055114,11.0,3.88518419891e-05,1.99927066472e-15,8.15081793333,8.62555360633,4.67057195009,4.30912817726,C,3500
203200.0,Justin,Holiday,7.5,14,TOR@ATL,ATL,TOR,,,0.0,0.0,7,0.0,0.0,0.0,0.0,0.0,0.0,0.0,0.0,0.0,0.0,0.0,0.0,0.0,0.0,0.0,,,0.0,,0.749383624788,,SG,3500
1626199.0,Darrun,Hilliard,4.9,2,PHO@DET,DET,PHO,,,0.0,0.0,7,0.0,0.0,0.0,0.0,0.0,0.0,0.0,0.0,0.0,0.0,0.0,0.0,0.0,0.0,0.0,,,0.0,,0.807594211164,,SG,3500
203458.0,Alex,Len,12.5,17,PHO@DET,PHO,DET,,,14.4,15.75,7,0.331214618601,0.798041920293,0.0116410664899,1.64147488123,1.48323868149,2.78879319128,0.462948426547,1.12425671377,4.27203187277,1.88139439713,0.00350938603772,3.95500145181,1.14802323254,4.91432141284,15.0,0.00145705483578,2.05356174104e-11,11.935305568,12.7149757938,5.4056373238,5.06332485544,C,3500
201582.0,Alexis,Ajinca,10.5,14,NO@HOU,NO,HOU,,,9.6,10.75,7,0.325460448055,0.452513155032,0.0111553638031,0.641442722934,0.907750592424,1.4537999409,0.209953742409,0.590422751998,2.36155053332,1.75888382164,0.00345597075682,3.19759986369,0.556891412934,4.07811502697,9.0,1.17625782133e-05,8.06547650227e-16,8.13467738193,8.54971191384,4.73209873605,4.30334167737,C,3500
201601.0,Luc Richard,Mbah a Moute,4.3,16,IND@LAC,LAC,IND,,,3.2,3.25,7,0.846541552602,0.418346633704,1.51104947926,1.27241409903,1.30650638736,1.2347688677,0.771746759237,0.668694944414,2.54127525506,2.28844929371,0.568033900839,5.42428952208,0.801001952728,5.94593444099,21.0,7.01246892879e-05,2.41773974158e-12,11.9767689174,12.7223022898,6.05250106321,6.09798644974,SF,3500
203475.0,Erick,Green,0.9,3,DEN@CHI,DEN,CHI,,,0.0,0.0,7,0.0,0.0,0.0,0.0,0.0,0.0,0.0,0.0,0.0,0.0,0.0,0.0,0.0,0.0,0.0,,,0.0,,0.673447419146,,SG,3500
1626167.0,Myles,Turner,11.5,8,IND@LAC,IND,LAC,O,Finger,0.0,0.0,7,0.0,0.0,0.0,0.0,0.0,0.0,0.0,0.0,0.0,0.0,0.0,0.0,0.0,0.0,0.0,,,0.0,,0.811034325937,,PF,3500
203462.0,Archie,Goodwin,7.8,11,PHO@DET,PHO,DET,,,0.0,0.0,7,0.0,0.0,0.0,0.0,0.0,0.0,0.0,0.0,0.0,0.0,0.0,0.0,0.0,0.0,0.0,,,0.0,,0.762858901274,,PG,3500
203082.0,Terrence,Ross,9.2,12,TOR@ATL,TOR,ATL,,,14.1,15.25,7,0.953218205069,0.387794692415,4.71081875974,0.818620392909,0.295907253285,1.60321654445,0.793455856124,1.00714443588,1.89912379774,3.19107483177,1.51785823029,8.49250932857,0.756684150011,8.65669204385,25.0,1.44379027181e-05,1.22823015802e-12,13.7208245699,15.0783037498,9.07043358368,9.99873271495,SG,3500
1626158.0,Richaun,Holmes,9.2,9,PHI@NY,PHI,NY,,,18.6,18.75,7,0.666170087973,1.02771103588,1.19353125633,2.22634992885,1.66873254179,1.34628243338,0.38304847174,0.805189469767,3.01501497517,2.16438893636,0.229591465874,4.86035698761,1.49698064686,6.05534998545,18.0,0.000251417424065,3.65625578606e-11,12.6889526331,13.3574709759,5.70586859472,5.47049647802,PF,3500
203503.0,Tony,Snell,11.9,15,DEN@CHI,CHI,DEN,,,12.3,13.5,7,0.904934252457,0.245417903404,2.70639838323,0.555230955845,0.21412656613,1.98718558656,0.301189823554,0.720634422988,2.20131215269,1.87728957841,1.1743752212,5.11802426926,0.504069806395,5.4330241844,19.0,1.99938362661e-05,8.93549997218e-13,9.80458117725,10.8621815977,6.01284034485,6.70705236982,SG,3500
1626148.0,Anthony,Brown,2.3,3,LAL@WAS,LAL,WAS,,,0.0,0.0,7,0.0,0.0,0.0,0.0,0.0,0.0,0.0,0.0,0.0,0.0,0.0,0.0,0.0,0.0,0.0,,,0.0,,0.787319822327,,SF,3500
1626173.0,Rashad,Vaughn,3.9,11,MIL@SA,MIL,SA,,,12.3,14.5,7,0.578805979229,0.458769442193,3.14597347459,0.695945754091,0.588202689673,1.77242621431,0.473285035923,1.06555616717,2.36062890398,2.51596342608,1.0293569895,6.47033384135,0.538814639167,6.60009848084,17.0,5.10661359394e-05,4.41288884362e-14,11.0996149235,12.2651795463,7.04192303361,7.57139349935,SG,3500
203960.0,Jakarr,Sampson,9.3,18,PHI@NY,PHI,NY,,,19.0,19.75,7,0.930713596425,0.428598992486,1.51518610677,2.65148740676,0.795295413713,2.57206951087,0.568482584717,1.76044712178,3.36736492458,3.14236772033,0.363171625714,6.78897679896,1.84070906636,8.48861613274,23.0,0.00117480078649,6.86854894328e-11,14.1592404695,15.3911802909,7.45827724512,7.22985171478,SF,3500
203946.0,Cameron,Bairstow,2.8,2,DEN@CHI,CHI,DEN,,,0.0,0.0,7,0.0,0.0,0.0,0.0,0.0,0.0,0.0,0.0,0.0,0.0,0.0,0.0,0.0,0.0,0.0,,,0.0,,0.764119583146,,PF,3500
1626163.0,Frank,Kaminsky,9.8,16,GS@CHA,CHA,GS,,,20.7,22.25,7,1.81014002542,0.783162319912,2.67763494542,1.4962675347,0.969934666481,3.00021132374,0.721561126139,0.90625468658,3.97014599022,3.44869790171,1.10974277709,7.89404908482,1.06786205965,9.07500064015,27.0,0.00399397046646,8.10247260107e-08,18.6575780721,19.8700753022,8.26217400128,8.56340097489,PF,3500
201971.0,DeJuan,Blair,4.6,6,LAL@WAS,WAS,LAL,,,0.0,0.0,7,0.0,0.0,0.0,0.0,0.0,0.0,0.0,0.0,0.0,0.0,0.0,0.0,0.0,0.0,0.0,,,0.0,,0.841716044253,,C,3500
1626176.0,Rakeem,Christmas,0.0,0,IND@LAC,IND,LAC,,,0.0,0.0,7,0.0,0.0,0.0,0.0,0.0,0.0,0.0,0.0,0.0,0.0,0.0,0.0,0.0,0.0,0.0,,,0.0,,0.845620626624,,PF,3500
201949.0,James,Johnson,8.4,14,TOR@ATL,TOR,ATL,,,0.0,0.0,7,0.0,0.0,0.0,0.0,0.0,0.0,0.0,0.0,0.0,0.0,0.0,0.0,0.0,0.0,0.0,,,0.0,,0.871339306419,,SF,3500
1626162.0,Kelly,Oubre,5.7,9,LAL@WAS,WAS,LAL,,,2.0,2.0,7,0.196922730528,0.0387129937008,0.78287011272,0.681395993234,0.0719321920551,0.823453241422,0.111760517909,0.241514479631,0.895385433477,0.776252892091,0.186234141738,2.04806751461,0.459099928473,2.19783985439,5.0,4.24689304811e-10,8.61392342186e-24,3.62711901395,3.88576259694,2.9675939879,2.94246420443,SF,3500
201229.0,Anthony,Tolliver,10.0,17,PHO@DET,DET,PHO,,,10.6,11.25,7,0.536881198792,0.168502263697,2.73763171912,0.481960171577,0.481381584624,1.42633101967,0.308539968842,0.248929567781,1.9077126043,1.24795098816,0.928177363219,3.55912603045,0.319190861332,3.74327020087,15.0,2.77635223381e-06,9.39856170787e-16,7.54300202151,8.22694528176,5.16395323053,5.88613521789,PF,3500
201603.0,Sonny,Weems,3.9,10,PHO@DET,PHO,DET,,,0.0,0.0,7,0.0,0.0,0.0,0.0,0.0,0.0,0.0,0.0,0.0,0.0,0.0,0.0,0.0,0.0,0.0,,,0.0,,0.737219791634,,SF,3500
2570.0,Kendrick,Perkins,9.5,3,NO@HOU,NO,HOU,O,Pectoral,0.0,0.0,7,0.0,0.0,0.0,0.0,0.0,0.0,0.0,0.0,0.0,0.0,0.0,0.0,0.0,0.0,0.0,,,0.0,,0.785342715413,,C,3500
201978.0,Chase,Budinger,10.0,16,IND@LAC,IND,LAC,,,5.3,6.0,7,0.518226856153,0.110397045562,0.937153650852,0.435090741075,0.23647229631,0.535955380917,0.241181417571,0.325437053713,0.772427677227,0.893896750509,0.357418517763,2.11527277203,0.31394783597,2.45915985475,8.0,2.12123956181e-10,4.99018953318e-20,4.5411332242,4.92118239412,3.23030590161,3.35768517695,SF,3500
203584.0,Troy,Daniels,2.2,5,GS@CHA,CHA,GS,,,8.2,8.75,7,0.451442723061,0.0274592074628,2.34266404478,0.376719126822,0.134838896762,0.338265681971,0.161715064168,0.39324868264,0.473104578733,1.30177435451,0.898999176349,3.33598505894,0.294064844663,3.79661273003,8.0,1.45932898323e-11,5.72983046154e-22,5.02660216973,5.69638132818,4.86433133417,5.48804094173,SG,3500
201967.0,Dante,Cunningham,12.4,17,NO@HOU,NO,HOU,,,10.1,10.75,7,0.360508542289,0.19647868153,0.618931855491,0.307793815987,0.517963653917,1.51428410873,0.282403833716,0.300440854481,2.03224776265,1.13510386778,0.179136588107,2.49097558545,0.15496333507,2.60430765874,12.0,1.06903057511e-06,8.63151028869e-18,6.24109196337,6.58249467634,3.50364907863,3.34112139981,PF,3500
1718.0,Paul,Pierce,10.6,17,IND@LAC,LAC,IND,,,8.9,9.5,7,0.859584965788,0.138613236389,2.28664183224,1.04929415332,0.210405303905,1.44170622815,0.331561101066,0.523832461652,1.65211153206,1.4210978625,0.682119588382,3.85264684893,0.859405310254,4.38372062363,14.0,1.00595788519e-06,2.79409006366e-14,8.07214812404,8.7577312346,4.92820247304,5.35281726183,SF,3500
2564.0,Boris,Diaw,13.3,18,MIL@SA,SA,MIL,,,21.9,23.75,7,3.44312867982,0.336471342251,1.42865554429,0.998672287115,1.08438927827,2.5884608641,0.485101173403,1.4679100175,3.67285014237,3.28953890576,0.550763068109,6.85203618921,0.672004871608,7.80184575124,25.0,0.00301441784692,5.41817136059e-06,17.5491939556,18.7467108868,7.53718033308,7.39046574504,PF,3500
1891.0,Jason,Terry,8.9,15,NO@HOU,HOU,NO,,,0.0,0.0,7,0.0,0.0,0.0,0.0,0.0,0.0,0.0,0.0,0.0,0.0,0.0,0.0,0.0,0.0,0.0,,,0.0,,0.703343825128,,PG,3500
2743.0,Kris,Humphries,13.9,14,LAL@WAS,WAS,LAL,,,15.3,16.0,7,0.443690339163,0.306391227803,1.09097811439,0.706134801152,0.801226800019,1.67776138547,0.150824575674,0.43831335949,2.47898818549,1.49889620058,0.389570926869,3.59952650354,0.615613248398,4.00297657643,11.0,2.01614323529e-05,1.12890268325e-15,8.11941615523,8.65733794983,4.45717648243,4.47840329068,PF,3500
2400.0,Drew,Gooden,10.7,6,LAL@WAS,WAS,LAL,GTD,Calf,0.0,0.0,7,0.0,0.0,0.0,0.0,0.0,0.0,0.0,0.0,0.0,0.0,0.0,0.0,0.0,0.0,0.0,,,0.0,,0.827079292319,,PF,3500
203915.0,Spencer,Dinwiddie,10.8,6,PHO@DET,DET,PHO,,,0.0,0.0,7,0.0,0.0,0.0,0.0,0.0,0.0,0.0,0.0,0.0,0.0,0.0,0.0,0.0,0.0,0.0,,,0.0,,0.843549742537,,PG,3500
203135.0,Robert,Sacre,3.4,1,LAL@WAS,LAL,WAS,,,0.0,0.0,7,0.0,0.0,0.0,0.0,0.0,0.0,0.0,0.0,0.0,0.0,0.0,0.0,0.0,0.0,0.0,,,0.0,,0.791501831316,,C,3500
204028.0,Tarik,Black,9.3,8,LAL@WAS,LAL,WAS,,,0.0,0.0,7,0.0,0.0,0.0,0.0,0.0,0.0,0.0,0.0,0.0,0.0,0.0,0.0,0.0,0.0,0.0,,,0.0,,0.817652716967,,C,3500
203909.0,K.J.,McDaniels,3.3,7,NO@HOU,HOU,NO,,,0.0,0.0,7,0.0,0.0,0.0,0.0,0.0,0.0,0.0,0.0,0.0,0.0,0.0,0.0,0.0,0.0,0.0,,,0.0,,0.831913088801,,SF,3500
202332.0,Cole,Aldrich,1.8,5,IND@LAC,LAC,IND,,,0.0,0.0,7,0.0,0.0,0.0,0.0,0.0,0.0,0.0,0.0,0.0,0.0,0.0,0.0,0.0,0.0,0.0,,,0.0,,0.941299552813,,C,3500
202734.0,E'Twaun,Moore,10.0,15,DEN@CHI,CHI,DEN,,,2.2,3.75,7,0.674721585088,0.0995518175727,0.767328910426,0.449130294823,0.131227723297,0.66834425529,0.396352558627,0.401100223534,0.799571978587,1.31266209358,0.276143474145,2.97242345007,0.240837917894,3.1423055792,11.0,6.62800581375e-10,1.61815865555e-18,5.70458286,6.08318330876,3.92383403517,3.84284143306,PG,3500
203123.0,Kostas,Papanikolaou,3.5,14,DEN@CHI,DEN,CHI,,,0.0,0.0,7,0.0,0.0,0.0,0.0,0.0,0.0,0.0,0.0,0.0,0.0,0.0,0.0,0.0,0.0,0.0,,,0.0,,0.787719232658,,SF,3500
1626246.0,Boban,Marjanovic,4.0,9,MIL@SA,SA,MIL,,,0.0,0.0,7,0.0,0.0,0.0,0.0,0.0,0.0,0.0,0.0,0.0,0.0,0.0,0.0,0.0,0.0,0.0,,,0.0,,0.925695020442,,C,3500
202714.0,Shelvin,Mack,9.1,8,TOR@ATL,ATL,TOR,,,0.0,0.0,7,0.0,0.0,0.0,0.0,0.0,0.0,0.0,0.0,0.0,0.0,0.0,0.0,0.0,0.0,0.0,,,0.0,,0.877559467951,,PG,3500
203492.0,Ray,McCallum,2.2,10,MIL@SA,SA,MIL,,,0.0,0.0,7,0.0,0.0,0.0,0.0,0.0,0.0,0.0,0.0,0.0,0.0,0.0,0.0,0.0,0.0,0.0,,,0.0,,0.780659142819,,PG,3500
202498.0,Lance,Thomas,8.9,18,PHI@NY,NY,PHI,,,13.4,14.0,7,0.694122206642,0.083565738768,1.21341870488,1.78933188557,0.790877468063,1.20686514528,0.292985680456,0.918401864483,1.99774261334,2.74365209918,0.402886587658,6.25192033786,1.48394795665,7.37413874268,22.0,1.62374924531e-05,6.19277030328e-14,10.6473141626,11.4078698756,6.91274318316,6.76658668144,SF,3500
2756.0,Sasha,Vujacic,9.6,13,PHI@NY,NY,PHI,,,2.9,3.5,7,0.48688462324,0.0387096680994,0.941079515042,0.222472054318,0.186473894667,0.502479424794,0.220136918618,0.339172970533,0.688953319461,0.660226838476,0.236374535751,2.00817955959,0.184718855788,1.74154706849,6.0,2.38807691647e-11,3.05471212309e-21,3.47713818961,3.79935960876,2.80261487259,2.90903533642,SG,3500
202708.0,Norris,Cole,0.0,0,NO@HOU,NO,HOU,GTD,Ankle,10.1,11.75,7,3.14075155789,0.144284274142,3.144234229,1.60992400683,0.134821505744,0.705465982207,0.59100036396,1.36467960496,0.840287487951,2.87966979384,0.787047558634,8.11062085698,1.03995816303,7.58634530933,24.0,0.000580084791238,1.35882222702e-11,13.411707303,14.5304553864,7.86699610073,8.18003502633,PG,3500
101187.0,Alan,Anderson,0.0,0,LAL@WAS,WAS,LAL,O,Ankle,0.0,0.0,7,0.0,0.0,0.0,0.0,0.0,0.0,0.0,0.0,0.0,0.0,0.0,0.0,0.0,0.0,0.0,,,0.0,,0.577654934554,,SG,3500
2446.0,Rasual,Butler,6.1,16,MIL@SA,SA,MIL,,,10.9,11.5,7,0.561639183135,0.389146251249,1.51317910742,0.352296683932,0.0931410587641,0.769758450359,0.285225847043,0.291256968429,0.862899509123,1.21349550557,0.475987592604,3.08057479755,0.268696822294,3.17167542603,10.0,1.31292799291e-09,6.87786688537e-19,6.10710083984,6.53386809778,4.04401647297,4.25513430121,SF,3500
203934.0,Lamar,Patterson,8.5,14,TOR@ATL,ATL,TOR,,,0.0,0.0,7,0.623808039524,0.0472066049282,0.844282068235,0.501900392647,0.115830429117,0.714038867294,0.166941296748,0.325589245024,0.829869296411,0.436758441508,0.205060047419,1.3252037938,0.343430866428,1.42200779686,6.0,6.71504115317e-11,8.76940353784e-20,3.45626957017,3.76308768131,2.37855294516,2.50593290604,SG,3500
201946.0,Tyler,Hansbrough,5.6,5,GS@CHA,CHA,GS,,,18.1,18.75,7,0.335999841812,0.291317676065,0.106602803641,1.69630620521,1.20258438015,1.1504379341,0.414481436563,0.31609881503,2.35302231425,1.13140817089,0.0595475632935,2.12610743546,1.20326848739,3.52563239246,11.0,6.43945664915e-06,2.12270900139e-16,7.94875834251,8.25424230657,3.6940236947,3.402577767,PF,3500
203101.0,Miles,Plumlee,4.2,14,MIL@SA,MIL,SA,,,2.2,2.75,7,0.205039171269,0.402933195044,0.000430273153249,0.241905486437,0.639447449464,0.746511369363,0.202843037231,0.438255852038,1.38595881883,0.846159843343,0.000118500873996,1.57916512597,0.146952284121,1.83939047168,7.0,6.33449146715e-09,1.36957596725e-19,4.58339642369,4.87188155059,2.93241289721,2.60060770751,C,3500
202335.0,Patrick,Patterson,12.5,18,TOR@ATL,TOR,ATL,,,17.4,19.25,7,1.13613351222,0.304649175869,3.89556994997,0.418709653232,1.06724936262,3.02017521734,0.72961027058,1.00674909273,4.08742457995,2.4677355715,1.358481953,6.30993791659,0.321783488889,6.61573658489,23.0,0.00275393468899,9.89345891168e-10,14.2866161493,15.6777338062,7.51369818295,8.36831666197,PF,3500
202690.0,Jimmer,Fredette,1.1,4,NO@HOU,NO,HOU,,,0.0,0.0,7,0.0,0.0,0.0,0.0,0.0,0.0,0.0,0.0,0.0,0.0,0.0,0.0,0.0,0.0,0.0,,,0.0,,0.716480655305,,SG,3500
203124.0,Kyle,O'Quinn,12.9,16,PHI@NY,NY,PHI,,,2.4,2.5,7,0.230017303798,0.187106510967,0.107260867539,0.235534627318,0.285595530733,0.416859144171,0.112573842048,0.215968037172,0.702454674904,0.428025956077,0.0168887087176,0.946177366587,0.17345734835,1.04639796922,3.0,1.57032673586e-12,1.64902644569e-25,2.61776220366,2.76931331035,2.11783612014,1.92712413717,C,3500
203527.0,Ryan,Kelly,11.2,6,LAL@WAS,LAL,WAS,,,0.0,0.0,7,0.0,0.0,0.0,0.0,0.0,0.0,0.0,0.0,0.0,0.0,0.0,0.0,0.0,0.0,0.0,,,0.0,,0.777282627425,,SF,3500
101236.0,Chuck,Hayes,6.8,2,NO@HOU,HOU,NO,,,0.0,0.0,7,0.0,0.0,0.0,0.0,0.0,0.0,0.0,0.0,0.0,0.0,0.0,0.0,0.0,0.0,0.0,,,0.0,,0.809432383888,,C,3500
202325.0,Wesley,Johnson,8.0,18,IND@LAC,LAC,IND,,,7.2,7.25,7,0.295990537206,0.178563437418,1.18733369704,0.295695957788,0.187943923562,0.657344881085,0.263439740885,0.282853451239,0.845288804647,1.18381281519,0.438887590789,2.52652472309,0.219979818707,3.02649303988,9.0,9.2448111363e-10,1.33499833693e-21,5.08597831664,5.48911327927,3.74005210402,3.84869088898,SF,3500
202682.0,Derrick,Williams,12.1,17,PHI@NY,NY,PHI,,,11.9,12.0,7,0.88393044565,0.218427032595,2.1336723322,3.91246262598,0.658203673273,1.84338615897,0.613060488225,0.875655692478,2.50158983225,3.04740824259,0.630545681023,7.32327336997,2.8198921019,9.54525426809,19.0,0.000157325834499,5.85390170747e-12,14.6603770844,15.5387932516,7.84832890009,7.88704770213,PF,3500
203085.0,Austin,Rivers,13.5,18,IND@LAC,LAC,IND,,,10.9,12.5,7,2.04233058176,0.302940622033,3.70829420076,2.78292943017,0.660746260587,1.49424184217,1.22916984581,1.28675276097,2.15498810276,4.65196123459,0.898159483733,11.1224648252,1.74558518671,11.9476671396,35.0,0.000104784055506,3.57014302536e-09,19.3746169103,20.5749796246,10.6002721909,10.764089126,PG,3500
202337.0,Luke,Babbitt,11.7,13,NO@HOU,NO,HOU,,,0.0,0.0,7,0.0,0.0,0.0,0.0,0.0,0.0,0.0,0.0,0.0,0.0,0.0,0.0,0.0,0.0,0.0,,,0.0,,0.618673104462,,SF,3500
1626245.0,Cristiano,Felicio,1.8,2,DEN@CHI,CHI,DEN,,,0.0,0.0,7,0.0,0.0,0.0,0.0,0.0,0.0,0.0,0.0,0.0,0.0,0.0,0.0,0.0,0.0,0.0,,,0.0,,0.864548022858,,C,3500
203955.0,Bryce,Cotton,0.0,0,PHO@DET,PHO,DET,,,0.0,0.0,7,0.0,0.0,0.0,0.0,0.0,0.0,0.0,0.0,0.0,0.0,0.0,0.0,0.0,0.0,0.0,,,0.0,,0.712676905194,,PG,3500
1897.0,Metta,World Peace,12.3,12,LAL@WAS,LAL,WAS,,,14.1,14.75,7,0.609210641528,0.262837825155,1.73407139862,0.813588292388,0.478911824933,0.998677942395,0.603650209591,0.435064693112,1.47758976733,1.4204401833,0.595803352493,3.85684302727,0.568141659605,4.00482537869,12.0,3.03711378766e-07,6.49999044229e-16,7.98966043816,8.5789744049,4.65317063132,4.94964200095,SF,3500
1626204.0,Larry,Nance Jr.,10.4,11,LAL@WAS,LAL,WAS,,,5.6,6.25,7,0.793586525336,0.193852891416,0.268905137836,0.712647813761,0.991541933232,2.41610713599,0.463797590796,0.79975301368,3.40764906923,1.83563640255,0.0852371174558,3.895204299,0.519158572131,4.27566849469,17.0,0.000226128850997,3.0262318134e-12,10.0707751165,10.6839918288,5.06346155771,4.75149267295,PF,3500
203524.0,Solomon,Hill,4.8,6,IND@LAC,IND,LAC,,,0.0,0.0,7,0.0,0.0,0.0,0.0,0.0,0.0,0.0,0.0,0.0,0.0,0.0,0.0,0.0,0.0,0.0,,,0.0,,0.716710703627,,SG,3500
1626202.0,Joseph,Young,3.3,6,IND@LAC,IND,LAC,,,0.0,0.0,7,0.0,0.0,0.0,0.0,0.0,0.0,0.0,0.0,0.0,0.0,0.0,0.0,0.0,0.0,0.0,,,0.0,,0.801486658726,,SG,3500
1626151.0,Aaron,Harrison,1.2,1,GS@CHA,CHA,GS,,,3.2,3.25,7,0.448490394853,0.121195376976,0.434601262549,0.80576339146,0.259433147904,1.02979756506,0.212132081716,0.36620981901,1.28923071297,0.840483898138,0.119693110676,1.91685366729,0.509138240706,2.30979914766,7.0,1.15559617037e-08,6.98376769144e-19,4.83005669387,5.1374697117,3.03469894925,2.88135359152,PG,3500
203546.0,Ian,Clark,7.2,15,GS@CHA,GS,CHA,,,3.4,4.0,7,0.757175603206,0.145084578812,1.37924860806,0.48429052628,0.206900291928,0.441126841661,0.326243190996,0.545943220197,0.648027133588,1.1760240664,0.539226995803,2.8562266466,0.41157792427,3.30285305288,8.0,5.38251284996e-10,8.74424508041e-19,5.61296133742,6.1879478029,3.9736910085,4.22792614891,SG,3500
203613.0,Jonathon,Simmons,6.8,5,MIL@SA,SA,MIL,,,11.2,11.75,7,1.64685023732,0.164838056605,1.66783774144,1.86928865489,0.488077837006,1.85414891573,0.682351598028,1.31142003401,2.34222675274,2.58426006723,0.385839190007,5.94915914578,1.4598880624,7.01424738687,20.0,5.54892290764e-05,4.80898013995e-10,12.6781541214,13.6439783063,6.49587391435,6.36457116086,SG,3500
203922.0,Glenn,Robinson III,9.0,11,IND@LAC,IND,LAC,,,0.0,0.0,7,0.0,0.0,0.0,0.0,0.0,0.0,0.0,0.0,0.0,0.0,0.0,0.0,0.0,0.0,0.0,,,0.0,,0.68231599318,,SF,3500
2561.0,David,West,11.7,18,MIL@SA,SA,MIL,,,24.6,25.0,7,2.00170917721,0.479910857506,0.14428094778,1.18419487346,0.834371828047,2.60821322159,0.51693061204,1.30797983289,3.44258504963,2.71643824141,0.052699408729,5.56205053008,0.845194507414,6.33077039896,18.0,0.000734016529537,3.38299204283e-08,14.1501393305,15.0037093301,6.90702351844,6.52884538378,PF,3500
1626149.0,Montrezl,Harrell,7.0,14,NO@HOU,HOU,NO,,,0.0,0.0,7,0.0,0.0,0.0,0.0,0.0,0.0,0.0,0.0,0.0,0.0,0.0,0.0,0.0,0.0,0.0,,,0.0,,0.781801538218,,PF,3500
201147.0,Corey,Brewer,12.4,18,NO@HOU,HOU,NO,,,24.2,24.75,7,1.65364588027,0.206390613009,3.1144423764,2.85702764981,0.6896880833,1.92899180864,1.27841807646,1.18780560654,2.61867989194,3.13799139633,0.725162465216,9.10895496546,2.1936286517,9.19477390957,26.0,0.000215757510256,2.20746538655e-09,16.5994703727,17.6872120461,8.62757979041,8.86096823319,SF,3500
202066.0,Garrett,Temple,10.0,12,LAL@WAS,WAS,LAL,,,13.8,15.0,7,1.05075714121,0.128158454038,1.89962998535,1.50505315198,0.478268597344,1.17103096885,0.825783136409,0.638423551138,1.64929956619,1.39251141736,0.556375229382,3.92467640067,1.05217065716,4.39356872126,15.0,9.60381191807e-07,1.8270475137e-13,9.21832354226,9.8981893514,4.75152548872,5.04130044564,PG,3500
1626171.0,Bobby,Portis,7.0,3,DEN@CHI,CHI,DEN,,,0.0,0.0,7,0.0,0.0,0.0,0.0,0.0,0.0,0.0,0.0,0.0,0.0,0.0,0.0,0.0,0.0,0.0,,,0.0,,0.834058311717,,PF,3500
203515.0,Phil (Flip),Pressey,11.9,12,PHI@NY,PHI,NY,,,9.5,10.75,7,2.30853602612,0.0746831694836,0.910584368996,0.881664124466,0.110111702444,0.749171652063,0.571911390283,0.888750067807,0.859283354506,1.10381852332,0.248115086076,2.9702199425,0.507761590249,2.96351372296,10.0,4.37440849104e-06,1.24116173261e-13,7.86189683928,8.47330014556,3.7902957683,3.77210016297,PG,3500
203142.0,Chris,Copeland,4.2,14,MIL@SA,MIL,SA,,,3.5,4.0,7,0.463761752622,0.0661324657171,1.46081958268,0.362764307811,0.146655933155,0.283246231758,0.104670140453,0.383570598495,0.429902164913,0.97367316918,0.469632466584,2.56795020309,0.273708079753,2.6906868847,7.0,3.58727308916e-12,9.72899337626e-23,3.86024672537,4.30834336616,3.6406184921,3.91686044106,SF,3500
203926.0,Doug,McDermott,12.3,15,DEN@CHI,CHI,DEN,,,16.6,17.75,7,0.893165826248,0.114407673916,4.23748308623,0.994122784633,0.571543157468,1.80783800767,0.3503527216,1.10963420153,2.37938116514,4.55699684779,1.74609362676,10.2420375315,0.761767315968,11.6218546383,29.0,0.000132476367622,5.25136011524e-12,15.6367473654,17.1837790523,10.4168356517,11.0924123783,SF,3500
2733.0,Shaun,Livingston,11.1,17,GS@CHA,GS,CHA,,,20.1,20.25,7,3.5435634609,0.216527696971,0.213734542848,1.34950148481,0.650077696779,1.50414572357,0.641372231621,1.32122168479,2.15422342035,2.92337540678,0.050640506709,5.90428445356,1.15240343354,7.04979475381,25.0,0.0011692864066,9.72697986316e-08,15.344786222,16.1401827102,7.22592244635,6.82480821306,PG,3500
203148.0,Brian,Roberts,3.6,7,GS@CHA,CHA,GS,,,23.7,24.5,7,2.57779665974,0.0627253225455,2.23115033462,1.06658251767,0.221938625102,0.890520442899,0.517477265375,0.707007302183,1.112459068,2.55086228787,0.726427358498,6.79653250703,0.900213207444,6.72836514168,20.0,0.000103973421473,3.03891422209e-11,12.3834088865,13.1559051305,6.94001252315,7.15131678195,PG,3500
1626153.0,Delon,Wright,1.0,4,TOR@ATL,TOR,ATL,,,0.0,0.0,7,0.0,0.0,0.0,0.0,0.0,0.0,0.0,0.0,0.0,0.0,0.0,0.0,0.0,0.0,0.0,,,0.0,,0.83942543237,,PG,3500
203998.0,Bruno,Caboclo,0.0,1,TOR@ATL,TOR,ATL,,,0.0,0.0,7,0.0,0.0,0.0,0.0,0.0,0.0,0.0,0.0,0.0,0.0,0.0,0.0,0.0,0.0,0.0,,,0.0,,0.77495954723,,SF,3500
,Martell,Webster,0.0,0,LAL@WAS,WAS,LAL,O,Hip,0.0,0.0,7,0.0,0.0,0.0,0.0,0.0,0.0,0.0,0.0,0.0,0.0,0.0,0.0,0.0,0.0,0.0,,,0.0,,0.77495954723,,SF,3500
204002.0,Walter,Tavares,1.3,3,TOR@ATL,ATL,TOR,,,0.0,0.0,7,0.0,0.0,0.0,0.0,0.0,0.0,0.0,0.0,0.0,0.0,0.0,0.0,0.0,0.0,0.0,,,0.0,,0.886898970594,,C,3500
203996.0,Damien,Inglis,4.3,5,MIL@SA,MIL,SA,,,0.0,0.0,7,0.0,0.0,0.0,0.0,0.0,0.0,0.0,0.0,0.0,0.0,0.0,0.0,0.0,0.0,0.0,,,0.0,,0.829738069957,,SF,3500
203949.0,James Michael,McAdoo,3.9,13,GS@CHA,GS,CHA,,,6.0,7.0,7,0.357426814168,0.38591849959,0.06748990778,1.66130060584,0.836824404809,1.03557187022,0.295056824461,0.488383867537,1.87239627503,1.44692136821,0.0185873298067,2.85686811549,0.887598140336,3.80002820657,9.0,1.37392858491e-06,3.03068916779e-17,7.45661073842,7.80371821174,4.34864146692,4.00415461562,PF,3500
203089.0,John,Henson,14.4,14,MIL@SA,MIL,SA,,,12.4,12.5,7,0.599812428638,1.19775252363,0.000594783595493,1.78472821591,1.43751331953,1.60110401973,0.289238909635,1.00644419771,3.03861733926,2.1416835243,8.33220563358e-05,3.79170758739,1.0946754662,5.37812583686,13.0,0.000188108149668,1.067136411e-10,11.8917239558,12.5472007451,5.51018250044,5.04917945794,PF,3500
203928.0,Cory,Jefferson,4.4,1,PHO@DET,PHO,DET,,,4.4,4.5,7,0.124241346143,0.143971827774,0.115094783979,0.430123775508,0.348846949376,0.419331351857,0.0855848958723,0.157091390154,0.768178301233,0.588456542817,0.0213945800383,1.31211437943,0.234589240804,1.43289690648,4.0,1.31336812552e-11,1.50539851742e-26,2.84309494431,2.97074684449,2.42445731667,2.20761832548,PF,3500
203493.0,Reggie,Bullock,1.4,10,PHO@DET,DET,PHO,,,0.0,0.0,7,0.0,0.0,0.0,0.0,0.0,0.0,0.0,0.0,0.0,0.0,0.0,0.0,0.0,0.0,0.0,,,0.0,,0.529679417499,,SF,3500
203937.0,Kyle,Anderson,7.6,18,MIL@SA,SA,MIL,,,16.0,17.25,7,1.40536642846,0.560803146015,0.630930055688,1.3176315357,0.29167625595,2.25865736101,0.847576067326,0.736019701699,2.55033361697,1.70408936569,0.217198605141,4.4598736977,0.858677609828,4.48405494635,19.0,3.20529683609e-05,7.47832087532e-11,11.7332436544,12.3374175683,5.18632341446,5.05704916091,SF,3500
1626174.0,Christian,Wood,8.8,11,PHI@NY,PHI,NY,,,2.2,2.25,7,0.0808164852042,0.0781860072259,0.142205147219,0.231111699036,0.165821419442,0.334384756549,0.0680784054494,0.0783608938201,0.50020617599,0.312200923378,0.0488107422675,0.715447591898,0.164940700255,0.838153289278,2.0,4.30585070491e-14,2.49236512807e-31,1.7737933598,1.86238948665,1.81742916866,1.73022180857,PF,3500
203798.0,P.J.,Hairston,8.9,14,GS@CHA,CHA,GS,,,3.5,3.5,7,0.198381325215,0.0859804536072,0.990204760679,0.240710033157,0.075602845024,0.465941845124,0.10095076714,0.132461832146,0.541544690148,0.511743630836,0.2699739984,1.55217688569,0.209545293411,1.50300655348,5.0,1.80093568579e-12,3.91847850833e-26,2.69183277883,2.92012792862,2.55145061962,2.7561935532,SF,3500
200811.0,Louis,Amundson,6.1,9,PHI@NY,NY,PHI,,,0.0,0.0,7,0.0,0.0,0.0,0.0,0.0,0.0,0.0,0.0,0.0,0.0,0.0,0.0,0.0,0.0,0.0,,,0.0,,0.893392561635,,PF,3500
1626164.0,Devin,Booker,7.8,13,PHO@DET,PHO,DET,,,20.7,22.25,7,0.891257086723,0.390274346537,2.2068263977,1.99193901756,0.278536454391,2.18386550051,0.733366843629,1.10562384349,2.4624019549,3.39903685112,1.18757957175,6.89613515314,1.48261203863,9.46826531262,23.0,0.000135253169388,6.12127065081e-12,14.9016918254,16.1716165106,7.69680901844,7.92717694803,SG,3500
1626170.0,Jerian,Grant,12.3,18,PHI@NY,NY,PHI,,,15.4,17.5,7,3.11638895951,0.107236076788,1.19292555091,2.42859997121,0.313180745183,2.14922878435,0.589427612904,1.42924053711,2.46240952953,2.47874245246,0.232751326222,6.01251438942,2.00870079199,7.19893702313,21.0,0.00056373180547,1.18768564822e-07,14.7924987401,15.7474611023,6.62974185194,6.41982701299,PG,3500
203921.0,Cleanthony,Early,2.2,6,PHI@NY,NY,PHI,,,2.0,2.0,7,0.161086159264,0.0637256675289,0.393614583334,0.192099620891,0.0884598171415,0.135870358792,0.107616072651,0.158110164507,0.224330175933,0.355586000778,0.102777051813,0.942677686407,0.143563775295,0.957512828664,3.0,5.08973083751e-17,1.398147596e-31,1.65291159453,1.79457171149,1.90542098633,1.88833893894,SF,3500
203898.0,Tyler,Ennis,7.1,8,MIL@SA,MIL,SA,,,9.1,10.25,7,3.30257324154,0.266369536829,2.02292452534,1.00582430965,0.523723059509,1.40909737186,0.761495584483,2.04848002366,1.93282043137,2.96752068447,0.567264352514,7.71108830798,0.744335685413,7.24664140687,24.0,0.000770763340101,2.66242966577e-08,14.5271360058,15.9328054403,7.70571129421,7.73314076584,PG,3500
203512.0,Lucas,Nogueira,4.5,3,TOR@ATL,TOR,ATL,,,14.4,14.75,7,0.68463217071,0.48332871767,0.630789667433,1.53833535268,0.864277272915,2.67977918995,0.664091309097,0.82357642792,3.54405646287,2.01735458617,0.156008236074,4.49426874796,1.07167225886,5.26238966728,16.0,0.000547256853615,3.2795762439e-12,12.0134693044,12.6812853448,5.50773332985,5.2426713769,C,3500
1626155.0,Sam,Dekker,1.1,3,NO@HOU,HOU,NO,O,Back,0.0,0.0,7,0.0,0.0,0.0,0.0,0.0,0.0,0.0,0.0,0.0,0.0,0.0,0.0,0.0,0.0,0.0,,,0.0,,0.824869165214,,SF,3500
101179.0,Ronnie,Price,8.3,15,PHO@DET,PHO,DET,,,3.0,3.0,7,1.0952643241,0.0673859257212,0.977477528571,0.270083623869,0.101498153807,0.278451997541,0.414524453204,0.39671263035,0.379950151349,0.592602489195,0.292764744151,1.62214261457,0.220891026887,1.69886074943,7.0,1.77405284245e-09,7.19716925121e-20,4.3648055447,4.72854174218,2.75749603925,2.93480538612,PG,3500
201600.0,Omer,Asik,7.4,10,NO@HOU,NO,HOU,,,10.3,11.5,7,0.447064032607,0.564492818665,4.90172420281e-05,2.41333561341,1.96258018844,4.06238276025,0.288798497808,1.31456271809,6.0249629487,1.48253375723,2.32067774036e-06,3.34304651736,1.37680194846,4.3418717836,22.0,0.00645012130452,3.88286771591e-12,12.6344432858,13.6026491346,4.80121682456,4.5194013329,C,3500
201168.0,Tiago,Splitter,11.7,14,TOR@ATL,ATL,TOR,O,Hip,0.0,0.0,7,0.0,0.0,0.0,0.0,0.0,0.0,0.0,0.0,0.0,0.0,0.0,0.0,0.0,0.0,0.0,,,0.0,,0.827119822022,,C,3500
1626273.0,Marcelo,Huertas,9.7,8,LAL@WAS,LAL,WAS,,,0.0,0.0,7,0.0,0.0,0.0,0.0,0.0,0.0,0.0,0.0,0.0,0.0,0.0,0.0,0.0,0.0,0.0,,,0.0,,0.966956516481,,PG,3500
201150.0,Spencer,Hawes,12.0,16,GS@CHA,CHA,GS,,,20.0,20.75,7,2.02138922151,0.490651766769,2.2800051857,1.17104813727,0.606694422398,2.53153451536,0.320007977254,1.14037540752,3.13822893775,2.56214014429,0.689166076257,6.33477972458,0.854322593589,6.66776895843,20.0,0.000458205530482,2.25002159903e-08,13.9466715965,15.0190411611,6.72052422394,6.89095246754,C,3500
201574.0,Jason,Thompson,5.8,9,GS@CHA,GS,CHA,,,5.8,6.5,7,0.367580048643,0.204271689081,0.0020478266988,0.365850518982,0.465680774258,0.733293574991,0.125382592084,0.291755036874,1.19897434925,0.634248461912,0.0,1.42700251283,0.220350588828,1.48884751265,6.0,,,3.84654033017,,2.57267019955,,PF,3500
202390.0,Gary,Neal,13.2,13,LAL@WAS,WAS,LAL,GTD,Groin,8.6,9.75,7,0.732564919767,0.00376582704682,1.63045095689,1.01330159824,0.11484508322,0.782717337592,0.297773473745,0.650153425178,0.897562420812,2.24698002669,0.627560047551,5.26645363663,0.941573093575,6.0630931945,13.0,1.11335919118e-08,6.10200179093e-17,8.19194065553,8.87567552964,5.92587898887,6.02386650997,SG,3500
2588.0,Matt,Bonner,1.4,4,MIL@SA,SA,MIL,,,1.7,2.25,7,0.358581318369,0.0883061276552,0.962312654895,0.307450849248,0.195273361459,0.30456028303,0.117566935898,0.124432340311,0.499833644489,0.667309707976,0.334828656507,1.67736882265,0.225448318371,1.89489639083,7.0,1.78675785827e-12,1.20044653027e-23,3.31988252856,3.5745047092,2.82114989431,3.01777090854,C,3500
