NBA_ID,First Name,Last Name,FPPG,Played,Game,Team,Opp,Status,Injury Details,Actual_FD,Actual_DK,Actual_MIN,AST,BLK,FG3A,FTA,OREB,DREB,STL,TOV,REB,FGM,FG3M,FGA,FTM,PTS,MIN,DD,TD,FD,DK,FD_std,DK_std,fd_Pos,fd_Salary
201939.0,Stephen,Curry,53.7,5,DEN@GS,GS,DEN,,,61.4,69.25,29,7.66234274968,0.326021427746,10.6776298515,5.88067824272,0.480126419668,3.12086429993,2.39485768192,2.77534558314,3.6009907196,10.5146665994,5.30918315097,19.6285782047,5.35356188271,31.6920782326,35.0,0.246310148377,0.00102501664334,50.1731938568,54.7680480323,20.6016173774,22.8600985935,PG,10900
203076.0,Anthony,Davis,39.9,4,ATL@NO,NO,ATL,,,72.5,75.5,29,2.2813818899,3.25186150523,1.40286842731,9.23425488784,2.78819966086,5.91472114511,1.75417422458,1.85554822899,8.70292080597,9.93681179773,0.66025989642,19.0479743444,7.42842783127,27.9623113232,41.0,0.371837826514,0.00078690374417,49.9844123558,52.2375799098,19.9825399646,19.5974009284,PF,10600
202326.0,DeMarcus,Cousins,38.0,3,HOU@SAC,SAC,HOU,O,Achilles,0.0,0.0,29,0.0,0.0,0.0,0.0,0.0,0.0,0.0,0.0,0.0,0.0,0.0,0.0,0.0,0.0,0.0,,,0.0,,1.02427101817,,C,10300
2544.0,LeBron,James,42.8,5,PHI@CLE,CLE,PHI,,,57.3,61.5,29,7.48941984381,0.661809394185,4.31573149229,6.97684629753,0.913474606965,3.10516387165,2.29622243208,3.53270535368,4.01863847861,9.53870782439,1.27064215214,19.4360555708,4.71080901543,25.0588668163,36.0,0.230105029344,0.00189036874443,43.4987210553,46.4521553823,18.4520059666,18.4242292532,SF,10100
201935.0,James,Harden,40.5,5,HOU@SAC,HOU,SAC,,,66.7,74.0,29,7.21980311288,0.970659758084,10.0556764276,12.6229016923,1.16741616761,3.61930115864,2.03473010088,4.78916883974,4.78671732625,8.22480472559,2.55635299939,21.5853236109,10.7310059876,29.7369684382,42.0,0.190177794931,0.00416459286616,47.5323447772,51.7422020341,19.8556374359,21.3078594715,SG,9800
2546.0,Carmelo,Anthony,39.2,5,MIL@NY,NY,MIL,,,25.8,29.0,29,3.50829256758,0.557811860622,4.517507208,6.15368630425,1.5973605974,3.89727995194,0.985807901168,2.06449224967,5.49464054934,7.60824385797,1.50252130689,18.9259399559,5.27993157799,21.9989406008,34.0,0.0562613807874,0.000178349075554,34.8776953853,37.0208613095,17.3908722936,17.6576971926,SF,9500
202322.0,John,Wall,42.8,4,WAS@BOS,WAS,BOS,,,35.0,39.25,29,7.19028242878,1.22832376312,2.90613124764,4.51270347312,0.594248746897,1.27230094761,1.75446249595,3.37993627718,1.86654969451,5.25731196863,0.824008711011,12.1468649244,3.38211094352,14.7207435918,28.0,0.167459063892,7.13294392654e-06,30.3316631093,32.7781730828,11.9488827457,11.9479524299,PG,9500
203083.0,Andre,Drummond,49.5,4,DET@PHO,DET,PHO,,,35.4,39.25,29,0.39474977276,1.80058701885,0.0147626941099,6.78846448621,6.18164252512,8.93734487427,1.4648150637,2.0221987095,15.1189873994,7.05148782114,0.000159934610873,13.3792816789,2.7589536185,16.8620891954,36.0,0.882445062189,2.00987955407e-05,40.1056041894,43.1964607711,15.3648451867,14.8808715514,C,9300
202331.0,Paul,George,36.4,5,MIA@IND,IND,MIA,,,58.9,64.0,29,3.89822214691,0.351021519954,7.06539209225,6.21369511762,1.76800628655,3.90111239325,2.06757554894,3.62721825218,5.6691186798,7.47996328451,2.45061485491,18.6734460969,5.19616047105,22.606701895,38.0,0.0692235716732,0.000432607878542,36.4669534167,39.8944590854,17.2132498534,18.2316830373,SF,8500
202328.0,Greg,Monroe,39.9,5,MIL@NY,MIL,NY,,,19.9,21.75,29,1.9767229405,0.552667611397,0.000309053620203,3.41946922989,2.2618649751,3.35665813489,0.95648432019,1.42684267658,5.61852310998,4.75048209915,1.92877233328e-07,9.14834023677,2.68443917408,12.1854035653,23.0,0.046794448019,1.97823330417e-06,23.4841768946,24.5487220915,10.8608737706,10.4007135692,C,8300
2730.0,Dwight,Howard,32.3,3,HOU@SAC,HOU,SAC,GTD,Rest,0.0,0.0,29,0.0,0.0,0.0,0.0,0.0,0.0,0.0,0.0,0.0,0.0,0.0,0.0,0.0,0.0,0.0,,,0.0,,0.909488055498,,C,8300
202339.0,Eric,Bledsoe,37.6,5,DET@PHO,PHO,DET,,,32.4,35.5,29,6.10531508242,0.76691976437,4.01815000491,6.32590362263,0.515707875933,2.4523543936,2.26936579911,3.42295531213,2.96806226953,7.31187294887,1.2250135276,16.9765253883,4.89470102144,20.7434604468,37.0,0.0910380950845,0.000103383433911,36.1127236087,38.721978435,16.0535093645,16.1712009472,SG,8100
203506.0,Victor,Oladipo,36.7,5,TOR@ORL,ORL,TOR,,,38.4,39.75,29,3.70977604889,0.488763642688,3.85886534161,2.80348809567,0.480248676887,3.77001975628,1.44484649589,1.78619813359,4.25026843317,5.24655583187,1.109217531,12.897375722,2.36209284465,13.9644220394,31.0,0.0143446142324,5.01628742268e-05,26.7104303761,28.39231904,12.1180471568,12.3610208806,SG,8000
200768.0,Kyle,Lowry,38.5,5,TOR@ORL,TOR,ORL,,,26.5,29.75,29,5.90408126783,0.426293663994,4.90431485354,4.79238010597,0.758262206498,2.42485197613,1.94447528123,2.84068989448,3.18311418263,5.62960940962,1.91380590685,13.2683048133,3.91853821636,17.0915629425,32.0,0.0741937960762,0.000125816481375,31.6682698593,34.3163416127,12.9450033701,13.6342100251,PG,8000
202355.0,Hassan,Whiteside,33.6,5,MIA@IND,MIA,IND,,,31.4,32.5,29,0.383041502211,3.73969371643,0.0208292297881,3.21976066879,2.83333486501,7.25282478696,0.771656308679,2.45936195278,10.086159652,6.63166026181,0.00573655737146,10.534813263,1.72226963377,14.9913267148,33.0,0.499656761195,0.00257731230078,34.2326186479,36.7266929642,12.3164797224,11.6438448997,C,8000
202704.0,Reggie,Jackson,31.1,4,DET@PHO,DET,PHO,,,38.7,41.5,29,5.7479838851,0.270918841565,3.28816157128,3.71350945036,0.502873395571,1.83549108972,0.768024875367,3.28706975053,2.33836448529,6.39826982073,1.03929494215,14.9730522695,2.83852319794,16.6743577816,30.0,0.063240594151,1.03552918792e-05,26.8931886749,29.2681812026,14.2608212548,14.3029535583,PG,8000
201942.0,DeMar,DeRozan,35.0,5,TOR@ORL,TOR,ORL,,,36.4,37.75,29,4.25283974186,0.422609884246,1.63519850331,10.8984849034,0.990652869723,2.83816482804,1.47020597309,2.65481499596,3.82881769776,7.65402411494,0.436572700883,18.1341913243,8.87532106882,24.6199419996,41.0,0.0174294737907,7.05959994257e-05,36.7245995684,38.4880903004,18.5887791524,18.3312645726,SG,8000
200794.0,Paul,Millsap,36.3,6,ATL@NO,ATL,NO,,,39.9,44.0,29,3.41207609444,0.983768417608,3.1758946882,5.33372618571,1.88075045846,5.20659984269,2.3723191273,2.23203480028,7.08735030115,5.61322451479,1.02791019925,11.9723921514,3.71050382061,15.9648630495,34.0,0.166887979672,0.000486508397317,34.067937842,36.3040693516,12.040882821,12.0926503218,PF,7900
201572.0,Brook,Lopez,32.8,5,LAL@BKN,BKN,LAL,,,42.5,45.5,29,1.59759759414,2.10977983801,0.291294174752,6.65207776268,3.44540407686,5.36293173533,0.351018199679,2.25545751063,8.80833581219,9.00398800034,0.00759479140822,17.1106989951,5.45812465585,23.4736954479,39.0,0.385596847868,3.04509221769e-05,39.1062333785,41.2566629447,18.6959725721,18.1890260228,C,7900
2547.0,Chris,Bosh,32.6,5,MIA@IND,MIA,IND,,,41.2,43.75,29,1.92892492069,0.870741408128,4.25618315438,4.60492287314,0.983301025461,5.8802633555,1.11958769849,1.16688256068,6.86356438096,6.66336818323,1.51803824477,15.431006923,3.78138494988,18.6261595611,35.0,0.150199243295,5.23258514831e-06,32.5695998519,34.4805530363,14.5872282542,14.9009943419,PF,7900
202696.0,Nikola,Vucevic,33.2,5,TOR@ORL,ORL,TOR,O,Knee,0.0,0.0,29,0.0,0.0,0.0,0.0,0.0,0.0,0.0,0.0,0.0,0.0,0.0,0.0,0.0,0.0,0.0,,,0.0,,0.902864604156,,C,7800
201143.0,Al,Horford,36.2,6,ATL@NO,ATL,NO,,,30.0,31.25,29,2.66928205677,1.50163664282,1.80543519815,1.60900876297,2.12694650462,3.89487938446,0.734237678707,1.53285076062,6.02182588909,7.01655248206,0.484436171267,13.1620117696,1.31288800339,15.8304291388,30.0,0.0782778114917,3.60979742922e-05,29.9994411733,31.4267009448,13.4116505792,12.9864105874,C,7700
200752.0,Rudy,Gay,30.6,5,HOU@SAC,SAC,HOU,,,24.0,25.75,29,2.46804087861,0.287354139808,2.47584772433,3.35041692963,1.33717247999,2.63368665672,0.975444872147,1.69684053692,3.9708591367,5.54336309656,0.928192240401,12.9667184048,2.68317254367,14.6980909772,26.0,0.00703457306891,1.71017164224e-06,23.9939407462,25.5155570818,12.7082793819,12.6905440181,SF,7700
203110.0,Draymond,Green,30.0,5,DEN@GS,GS,DEN,,,34.8,37.25,29,5.08528859861,1.24741898422,4.11279767244,2.6988046613,1.34838460338,3.7718840331,1.30910657405,1.97102824744,5.12026863648,4.38815570112,1.81591466956,9.65904607186,1.65714762159,12.2493736934,33.0,0.0535622257061,0.000950420105779,29.1636518242,31.3963313134,10.1914205963,10.892535982,PF,7600
201567.0,Kevin,Love,34.3,5,PHI@CLE,CLE,PHI,,,30.8,36.5,29,2.5867914327,0.368597999759,6.33006191353,3.67100333237,2.70612820318,5.82154442772,0.56106851622,2.02939598048,8.5276726309,5.97841256941,1.95082960043,14.312288009,3.11991800098,17.0275727402,34.0,0.327236201011,0.000118076470594,30.9709040978,33.8786090508,13.7089782419,14.6422356596,PF,7600
203457.0,Nerlens,Noel,32.3,4,PHI@CLE,PHI,CLE,,,46.4,50.0,29,1.93522014968,2.12780356949,0.0121722991319,3.3353307923,3.33195458408,5.45578237715,2.04121309159,2.71111668524,8.78773696123,5.64984384915,0.00335236846451,12.738707676,2.02691247004,13.3299525368,36.0,0.32067387935,5.36911429033e-05,32.4049837517,34.6827770191,14.0796625988,13.7364853378,PF,7500
977.0,Kobe,Bryant,25.1,4,LAL@BKN,LAL,BKN,,,23.1,25.25,29,4.17352249788,0.105471605147,6.13848545577,5.8378851254,0.834910762703,1.59260431274,1.05747528724,2.75462918679,2.42751507544,6.19747739192,1.49237803062,17.3544979628,4.94106113906,18.8283939535,31.0,0.0105589990211,2.28223360254e-06,27.5729603889,29.8336850966,15.333478285,15.9553068627,SG,7500
201952.0,Jeff,Teague,31.8,6,ATL@NO,ATL,NO,GTD,Finger,32.9,35.0,29,6.81906049635,0.470764750876,2.99950389658,6.02214100856,0.470691310284,1.74805921936,1.4406235013,2.71565229191,2.21875052965,6.05446009051,0.920639542445,13.5054273945,5.18304421099,18.2126039345,32.0,0.14640151453,1.62228323677e-05,32.210819527,34.359553911,13.2978806743,13.2754375066,PG,7400
203078.0,Brad,Beal,33.5,4,WAS@BOS,WAS,BOS,,,35.0,37.75,29,2.22043501048,0.313151939305,4.8321647527,2.94482911821,0.957782483628,1.98096894757,1.09033702318,2.07601266527,2.9387514312,6.97094431083,2.24651097742,14.9393982168,2.31778093326,18.5061805323,31.0,0.00100646410888,9.83296168531e-08,26.0943000252,28.4040094093,14.3620196941,14.9525017705,SG,7400
202738.0,Isaiah,Thomas,35.5,4,WAS@BOS,BOS,WAS,,,30.2,32.25,29,5.11692714165,0.0399596523045,4.77550540107,5.64404450016,0.428722123761,0.596002635957,1.29354109771,2.47532798364,1.02472475972,5.59114903324,1.66604395274,13.5686478026,5.03096640496,17.8793084242,26.0,0.034640513613,4.36829257036e-08,26.9760423647,29.1499254723,13.0258666413,13.5987036345,PG,7300
2548.0,Dwyane,Wade,33.1,5,MIA@IND,MIA,IND,,,23.2,23.25,29,4.51090467837,0.508745106653,1.92612296789,5.51546963174,0.773592646957,1.47447163916,1.23608420823,2.80335494186,2.24806428612,7.49829280503,0.63683132678,16.0964776111,4.37412796782,20.0075449047,30.0,0.0171347158464,2.05439946763e-06,30.1578827534,32.016087339,16.2663477983,16.0006127841,SG,7100
203487.0,Michael,Carter-Williams,30.0,4,MIL@NY,MIL,NY,GTD,Ankle,0.0,0.0,29,0.0,0.0,0.0,0.0,0.0,0.0,0.0,0.0,0.0,0.0,0.0,0.0,0.0,0.0,0.0,,,0.0,,1.01379996712,,PG,7000
202688.0,Brandon,Knight,33.3,5,DET@PHO,PHO,DET,,,32.9,35.5,29,5.80918939892,0.603611831511,6.87630969048,3.4193824647,0.756210919969,2.4168486297,1.65561397168,3.19895555563,3.17305954967,7.45170132762,2.46315800578,17.8070565967,2.96579733122,20.3323579922,39.0,0.0711787587685,0.000115997004033,34.173309601,37.2701354883,16.5139540129,17.5224427136,PG,7000
203507.0,Giannis,Antetokounmpo,35.1,4,MIL@NY,MIL,NY,,,34.9,35.75,29,2.49669544117,1.075037836,1.1641682059,5.05352481837,1.38486763099,3.89071545495,1.10534742887,2.58565670997,5.27558308594,6.51156313419,0.480285095959,12.0024369693,4.05020177844,17.5536131428,36.0,0.0413444843759,1.12975434139e-05,29.4044698274,31.2632705039,13.0227936637,12.6035629357,SG,7000
202702.0,Kenneth,Faried,29.4,5,DEN@GS,DEN,GS,,,23.7,24.75,29,0.89967786911,0.677536150856,0.0382031266406,2.80505802882,2.50265042418,3.92601056286,0.44226211762,1.24207730874,6.42866098704,4.02315094598,0.00465932477263,7.32739617984,1.90060523511,9.95156645185,21.0,0.0706938676757,3.21459201437e-09,20.0129956682,21.0638378454,9.05434765987,8.56015952558,PF,6900
201951.0,Ty,Lawson,26.0,5,HOU@SAC,HOU,SAC,,,23.0,26.25,29,8.31137104537,0.163336817954,3.52357721554,5.28554054305,0.794801824248,2.48535190374,1.43461870704,3.29702089204,3.28015372798,4.87503061092,1.29215367522,11.8713574032,3.61200225029,14.6542171474,41.0,0.284845555094,0.000595629278934,30.9563483469,33.8439985374,11.6967847875,12.0269375499,PG,6800
202691.0,Klay,Thompson,23.4,5,DEN@GS,GS,DEN,,,31.7,34.5,29,2.72849098997,0.782374825535,5.83313699058,2.53599220764,0.278777847492,2.38819377716,0.86008970238,1.66290740693,2.66697162465,6.89330012722,2.44484623316,15.1207804142,2.33326487653,18.5647113641,30.0,0.000952363050794,2.36201913383e-07,27.4798354476,29.668490102,14.5738016922,15.4503335868,SG,6800
203901.0,Elfrid,Payton,23.3,5,TOR@ORL,ORL,TOR,,,3.4,4.5,29,3.16603892382,0.153105734477,0.73712805764,0.709760317409,0.730585327858,0.929535112747,0.635402464384,1.27832303251,1.6601204406,1.72780107986,0.220705592743,4.71590261588,0.438252103782,4.11455985624,15.0,0.000130925425005,1.27372380283e-09,11.1544561359,11.9871728625,5.26414440229,5.14445509197,PG,6700
202699.0,Tobias,Harris,28.6,5,TOR@ORL,ORL,TOR,,,31.8,35.25,29,2.32712412078,0.462025860386,3.32128058062,4.260488194,2.410779607,3.87013428196,0.792768186275,2.57817817202,6.28091388896,7.17893707695,1.21948971196,14.8183376585,3.15982374896,18.7371876148,36.0,0.101063667153,1.5943777409e-05,29.696380384,32.0609033525,14.4736740746,14.4774550232,SF,6700
201568.0,Danilo,Gallinari,29.5,5,DEN@GS,DEN,GS,,,27.9,29.5,29,1.75644014853,0.771897705879,4.92149889362,6.14859804593,1.26629363605,2.09559705102,0.777222696081,0.906157980927,3.36189068708,5.50327000544,1.77578719711,13.2981607539,5.45201540811,18.2343426161,34.0,0.00241764353974,3.79602338816e-08,27.0953544864,28.6080481889,12.9165780582,13.5693417412,SF,6700
203903.0,Jordan,Clarkson,26.3,4,LAL@BKN,LAL,BKN,,,23.9,26.0,29,3.40855660199,0.454425186445,3.3424718404,3.31508412806,0.830646901957,1.61220848637,1.08567985296,1.89599366658,2.44285538833,6.57976456671,1.25708473595,13.2931045546,2.58952624325,17.0061401126,33.0,0.00279806073637,5.9832792755e-07,26.2346178938,27.9374987506,13.0832183813,13.1285833498,PG,6600
201588.0,George,Hill,27.7,5,MIA@IND,IND,MIA,,,18.0,19.5,29,5.00393180916,0.390733044793,5.99785696671,4.61374796023,0.648449596809,2.07361287465,1.81164534852,2.63634061743,2.72206247146,6.04352902476,2.63916530447,13.2608930644,3.41047639511,18.1366997491,40.0,0.0308282620222,1.67921817793e-05,30.6774885978,33.4976374519,13.5740626098,14.6725720734,PG,6500
202700.0,Donatas,Motiejunas,22.7,71,HOU@SAC,HOU,SAC,O,Back,0.0,0.0,29,0.0,0.0,0.0,0.0,0.0,0.0,0.0,0.0,0.0,0.0,0.0,0.0,0.0,0.0,0.0,,,0.0,,0.75313246111,,PF,6400
101145.0,Monta,Ellis,22.7,5,MIA@IND,IND,MIA,,,19.8,21.5,29,5.15523218542,0.351924672934,3.40001714819,2.95969594979,0.508938813032,1.73005395964,1.79513227378,3.13138901331,2.23899277267,6.12014498307,0.784259496466,15.7734918577,2.30509621298,15.3296456756,36.0,0.0341222455377,4.59582047633e-06,26.912010161,29.0329812103,14.5198922583,14.5208728912,SG,6300
202685.0,Jonas,Valanciunas,29.0,5,TOR@ORL,TOR,ORL,,,27.6,28.25,29,0.421817577714,0.844027726652,0.00534317775506,3.47268425625,2.32408535953,4.47534726045,0.311028478051,1.35160279452,6.79943261997,4.19494590722,7.66435345615e-05,7.21481845833,2.74206788577,11.1320363437,23.0,0.105938660904,2.49677879893e-09,20.8825914692,22.057310818,9.08839844355,8.54641823331,C,6300
201609.0,Goran,Dragic,24.4,5,MIA@IND,MIA,IND,,,14.4,17.5,29,4.27265521874,0.353870506425,2.67795250626,2.58445914489,0.795907498235,1.60688649591,0.881843320819,2.21194691523,2.40279399414,5.25806529949,1.03791786972,10.6847636951,2.1929184837,13.7469669524,31.0,0.0105536344071,2.11218399125e-06,23.2987833127,25.0596921931,10.8657382295,10.8651721809,PG,6300
201163.0,Wilson,Chandler,24.6,78,DEN@GS,DEN,GS,O,Hip,0.0,0.0,29,0.0,0.0,0.0,0.0,0.0,0.0,0.0,0.0,0.0,0.0,0.0,0.0,0.0,0.0,0.0,,,0.0,,0.647602079227,,SF,6200
2207.0,Joe,Johnson,19.8,5,LAL@BKN,BKN,LAL,,,31.6,33.75,29,3.99014854079,0.190496748382,4.20733644426,2.78311699398,1.067111434,2.34595426879,0.781397483216,1.46782916322,3.41306570279,5.17273180971,1.17743677907,13.594050205,2.35660084853,13.879501247,38.0,0.00908339261004,1.87466173741e-05,24.4363622015,25.9433297866,12.4706598493,12.811666048,SG,6100
200765.0,Rajon,Rondo,27.0,5,HOU@SAC,SAC,HOU,,,31.1,33.5,29,5.8195348023,0.0408603624304,1.43679916786,1.52634349629,0.865887448569,2.34276356992,1.20361084027,2.35565492621,3.20865101849,4.00939360903,0.392212514671,9.18851431102,0.579899987364,8.9908997201,24.0,0.0374982085402,6.56312956931e-05,21.7038706249,23.294681103,9.50953810587,9.29034735869,PG,6100
101127.0,Jarrett,Jack,24.4,4,LAL@BKN,BKN,LAL,,,44.4,47.75,29,7.48010347754,0.232078321158,3.02034968449,2.8153397598,0.632939698507,2.51674486684,0.857758658711,3.11051896078,3.14968456535,6.28845594609,0.814082518146,15.4273539026,2.35348444029,15.7444788506,38.0,0.203018948372,0.000316831193958,29.8134105443,32.2386744282,14.5278146875,14.4980764546,PG,6100
201960.0,DeMarre,Carroll,23.7,5,TOR@ORL,TOR,ORL,,,14.4,15.0,29,1.79719746844,0.218197412432,4.71000484295,3.08076513605,1.66251075442,2.62230143646,1.4358693679,1.48911071902,4.28481219088,4.72610308928,1.69592591107,11.8858278628,2.13448918659,13.2826212762,36.0,0.0101860746387,2.23139911337e-07,22.9392149496,24.7612536555,11.5506949387,12.2650377565,SF,6000
2199.0,Tyson,Chandler,25.9,5,DET@PHO,PHO,DET,,,17.0,18.0,29,1.03677805788,1.08809367876,0.105480664921,4.28810556927,4.3355735514,7.06179258548,0.837547438833,1.5044992051,11.3973661369,3.82375721548,0.0,6.39094305998,3.01969168979,10.6672061207,35.0,,,28.2459956019,,8.36063046922,,C,6000
101162.0,Marcin,Gortat,19.9,4,WAS@BOS,WAS,BOS,,,34.1,35.0,29,1.41590986967,1.22149585262,0.0161862827274,2.45913438722,1.61543455983,3.68345161816,0.443853131532,1.68728124403,5.29888617799,3.92199086318,0.000297535942856,7.45183996778,1.90382237012,9.74810163241,26.0,0.0258908574891,8.17252666486e-08,19.8740465748,21.0216168051,9.09856137223,8.63390786601,C,6000
203953.0,Jabari,Parker,8.3,1,MIL@NY,MIL,NY,,,7.7,8.25,29,1.04537042843,0.113472320901,0.344779958285,1.32662168746,0.987590023219,1.43452279989,0.608212695678,1.02981739514,2.42211282311,2.94089297195,0.0893048236377,6.28422372009,0.932761761624,6.90385252917,18.0,6.54636082914e-05,1.09759720331e-11,11.7919961976,12.4727611435,7.41316908277,7.05810742648,PF,5900
201950.0,Jrue,Holiday,23.5,3,ATL@NO,NO,ATL,,,12.2,16.25,29,4.9850105493,0.336633202956,2.61082928094,2.08564752595,0.365106913807,0.888446971261,0.978043691502,2.46988163871,1.25355388507,4.27100524928,0.995114466623,10.2479899813,1.69330865075,11.2304336159,23.0,0.0216416230086,2.03567329277e-08,20.3716862522,22.1993244947,10.127124307,10.2650528513,PG,5900
1626143.0,Jahlil,Okafor,27.4,4,PHI@CLE,PHI,CLE,,,27.7,29.0,29,1.34889079757,0.833117497192,0.326797313459,3.9338595481,1.88532126031,4.24255230676,0.823616144912,2.74063310175,6.12787356707,8.10880575787,0.0900029299938,16.1268232912,3.02517996758,19.3327944133,37.0,0.0907659120962,1.50911005402e-07,29.2824130726,31.1402740877,17.4724919804,17.0153288362,C,5800
203935.0,Marcus,Smart,25.6,3,WAS@BOS,BOS,WAS,GTD,Toe,0.0,0.0,29,0.0,0.0,0.0,0.0,0.0,0.0,0.0,0.0,0.0,0.0,0.0,0.0,0.0,0.0,0.0,,,0.0,,0.824131534107,,PG,5800
202694.0,Marcus,Morris,28.9,4,DET@PHO,DET,PHO,,,33.2,35.0,29,1.88644805926,0.405653965177,4.63801367154,3.85522831055,1.4664490591,3.18902806375,1.1183239973,1.8435733813,4.65547712285,6.29683584865,1.82978219179,13.5695934612,2.58255684015,17.0060107292,39.0,0.0195650893576,5.6645956202e-07,26.6266379092,28.7254388853,13.2531383643,13.7614729162,SF,5800
202340.0,Avery,Bradley,23.4,4,WAS@BOS,BOS,WAS,,,11.0,13.0,29,1.8071115296,0.164976230621,3.95931881314,1.22287633423,0.587861231922,1.16728749428,0.945387552614,1.34608236103,1.7551487262,4.28370454619,1.41410006047,10.2667949233,1.02289455594,11.0044037088,26.0,2.38630922184e-05,2.11131671676e-10,16.6958946801,18.1637791224,10.1481612367,10.6782834099,SG,5800
202693.0,Markieff,Morris,23.0,5,DET@PHO,PHO,DET,GTD,Illness,24.8,26.5,29,2.05232978587,0.612114994202,3.09916229538,2.53046934701,1.50786494346,2.92129947312,0.958536661505,2.02711334538,4.42916441658,6.07928705355,0.892065237876,14.9433427928,1.82522075188,14.8758600969,30.0,0.0137173705011,7.86232029142e-07,24.3835420416,26.0851679685,14.0522199868,14.0596483287,PF,5800
2772.0,Trevor,Ariza,22.4,5,HOU@SAC,HOU,SAC,,,32.1,35.0,29,2.18894291768,0.189990157169,6.65586073426,2.0539361784,0.809241283546,3.26847360565,1.98148345615,1.73148321023,4.0777148892,4.21546324205,2.50260015853,11.1192596845,1.73891501031,12.6724416529,37.0,0.00711377482537,9.8388649148e-07,23.4605779129,25.7921789556,12.1348647865,13.6577355571,SF,5800
203496.0,Robert,Covington,10.4,1,PHI@CLE,PHI,CLE,O,Knee,0.0,0.0,29,0.0,0.0,0.0,0.0,0.0,0.0,0.0,0.0,0.0,0.0,0.0,0.0,0.0,0.0,0.0,,,0.0,,0.752592088016,,SF,5800
201583.0,Ryan,Anderson,26.3,4,ATL@NO,NO,ATL,,,25.0,26.75,29,1.05873503821,0.610109118164,6.41637061719,2.13088803028,1.74438990733,3.07949068904,0.736053638403,1.02556111973,4.82388059636,5.56108824815,2.2873544356,13.6970288835,1.71510451153,15.1246354434,30.0,0.0225711534246,4.39550042625e-09,24.1681591098,26.0996676606,13.4161546919,14.5697424527,PF,5700
203114.0,Khris,Middleton,22.3,5,MIL@NY,MIL,NY,,,22.0,23.75,29,2.54295506525,0.179525596069,4.55485784589,3.27472631517,0.633059196285,2.04812276118,1.21594780443,1.57807108453,2.68118195746,5.67251713249,1.75352240657,13.9724722536,2.92415980886,16.0227164804,38.0,0.000721365602313,1.37423648282e-07,24.2674431437,26.0683814478,13.1444645411,13.7075294733,SF,5700
1626144.0,Emmanuel,Mudiay,22.3,5,DEN@GS,DEN,GS,,,31.3,33.5,29,5.19523711202,0.646515975652,3.83032648416,3.04701513591,0.778410833353,3.42074905882,1.12489175606,3.8208402348,4.19915989218,4.86773649195,1.33398025502,13.048401088,2.04878964893,13.1182428879,30.0,0.0406765466071,0.000351989526438,25.6720656551,28.5215046831,12.1213401338,12.5171478405,PG,5700
203093.0,Terrence,Jones,18.3,2,HOU@SAC,HOU,SAC,O,Eye,0.0,0.0,29,0.0,0.0,0.0,0.0,0.0,0.0,0.0,0.0,0.0,0.0,0.0,0.0,0.0,0.0,0.0,,,0.0,,0.84140420564,,PF,5700
2590.0,Mo,Williams,25.3,5,PHI@CLE,CLE,PHI,,,32.4,33.5,29,5.80311092367,0.11438905186,5.15125925387,2.40804643819,0.19698673618,1.30983584637,0.795708966095,2.23208243339,1.50682258255,5.74420146592,1.67828831712,13.0318425619,2.21618882356,15.3828800725,31.0,0.0632135615998,2.70233376557e-07,25.4838471596,27.6091948171,12.5530721306,13.1784397192,PG,5700
202323.0,Evan,Turner,14.1,4,WAS@BOS,BOS,WAS,,,30.2,32.5,29,4.64214479219,0.35597598897,1.89870100861,1.78012210643,0.639774317306,2.3688593812,1.05896364743,2.69695914061,3.00863369851,4.33442942503,0.584286720389,10.365197523,1.29003167597,10.5431772464,30.0,0.0140252716792,1.49686918294e-05,21.2496750051,23.0618124341,10.3564878369,10.2461468654,SF,5700
203944.0,Julius,Randle,28.3,4,LAL@BKN,LAL,BKN,,,27.9,29.75,29,2.47590989556,0.618676049963,0.306696398603,5.26980234203,0.608906598959,6.90960573433,1.10388047479,2.38296578374,7.51851233329,5.52100385676,0.0844669565998,11.8048920268,3.19369059195,14.3201652621,32.0,0.198836350051,5.11361372012e-05,28.1183921711,30.0264420914,13.2439159552,12.8758189124,PF,5700
201152.0,Thaddeus,Young,24.3,5,LAL@BKN,BKN,LAL,,,25.0,26.25,29,2.35289243027,0.572874965904,1.32074281929,1.93266202121,2.26434692103,3.57675142876,1.33634660221,2.0988851189,5.84109834979,6.54989723338,0.368317844941,13.5501021585,1.07525265415,14.5433649659,34.0,0.0640829272825,1.11159058176e-05,26.8015796483,28.4233937864,13.997239307,13.6334587016,PF,5600
203490.0,Otto,Porter,25.0,4,WAS@BOS,WAS,BOS,,,15.7,16.25,29,1.54615717931,0.376850837832,2.02440180658,1.15548715542,0.968595130538,1.99221686626,0.796240028175,0.958810313442,2.9608119968,3.17289014085,0.498181542171,6.63012304603,0.906210717086,7.75017254095,24.0,0.000394035849542,2.09169561953e-09,15.0097541246,15.8868817123,7.11255504189,6.96070784817,SF,5500
203095.0,Evan,Fournier,32.2,5,TOR@ORL,ORL,TOR,,,12.7,13.75,29,1.94399263514,0.0180229725244,4.22257803254,2.55763073822,0.350009621887,1.93428584176,0.790928581078,1.18242246327,2.28429546364,4.90731635748,1.47987824162,10.9705124703,1.91569070738,13.210201664,28.0,0.000139209249388,4.0350788469e-09,19.302825817,20.7483997686,10.937186233,11.4297012112,SG,5500
201954.0,Darren,Collison,22.3,5,HOU@SAC,SAC,HOU,,,36.5,39.5,29,5.11092059085,0.129227553125,3.18783776366,3.76739121801,0.370592810794,0.637435580984,1.07867589422,2.112904679,1.00802839178,5.54868383683,1.27002026512,12.0065777651,2.87939517893,15.2467831177,31.0,0.032188386138,1.0982204775e-08,24.4257002898,26.2158467936,11.9394063582,12.0959580937,PG,5500
2747.0,J.R.,Smith,13.0,4,PHI@CLE,CLE,PHI,O,Knee,0.0,0.0,29,0.0,0.0,0.0,0.0,0.0,0.0,0.0,0.0,0.0,0.0,0.0,0.0,0.0,0.0,0.0,,,0.0,,0.738934475926,,SG,5400
101106.0,Andrew,Bogut,29.5,1,DEN@GS,GS,DEN,O,Concussion,0.0,0.0,29,0.0,0.0,0.0,0.0,0.0,0.0,0.0,0.0,0.0,0.0,0.0,0.0,0.0,0.0,0.0,,,0.0,,0.97707945395,,C,5400
2736.0,Luol,Deng,18.6,5,MIA@IND,MIA,IND,,,9.4,11.0,29,1.23497168375,0.352759807982,2.67907478684,2.06006709046,1.18707299162,1.74713720944,0.584701522776,1.05660555202,2.93421020106,3.88340923782,0.887444315731,8.6925286187,1.50270478244,10.1569675738,26.0,0.000571844667027,4.25605019661e-10,16.3487944502,17.4683876624,8.89981783898,9.01512674087,SF,5300
201569.0,Eric,Gordon,23.7,4,ATL@NO,NO,ATL,,,30.4,32.5,29,3.74926457612,0.27078046199,7.04319973168,3.23883737705,0.673268693317,1.18626277419,0.916737183893,2.03543375653,1.85953146751,6.19071510271,2.82899949902,14.6714527755,2.56944771498,17.7798774194,39.0,0.00499525273683,1.26778109785e-07,25.9748135799,28.5075000405,14.6373299299,16.0076240355,SG,5300
2594.0,Kyle,Korver,16.5,4,ATL@NO,ATL,NO,GTD,Ankle,45.9,48.25,29,2.8457643227,0.422048269415,5.51805771015,1.10460445591,0.116325858345,2.27894177926,0.96917347941,1.37163334292,2.3952676376,4.58762726732,2.55816918593,8.62046729025,1.01644314146,12.749866862,33.0,0.000718190297204,1.1259760432e-07,21.3036446659,23.3893869355,10.720241689,11.9379773069,SG,5200
203096.0,Jared,Sullinger,24.1,4,WAS@BOS,BOS,WAS,,,39.1,42.0,29,1.90623077902,0.835830671958,2.58050782206,1.35532498776,2.32248220968,3.20777402552,0.843269436714,1.15332698279,5.53025623519,4.63292937146,0.914765168767,9.68105337888,0.993833220822,11.1744571325,22.0,0.0379796433988,1.18907789362e-06,22.8749840178,24.2425159377,9.85799916001,9.86869138787,PF,5200
202684.0,Tristan,Thompson,22.6,5,PHI@CLE,CLE,PHI,,,16.2,16.75,29,0.568980794125,0.76057794828,0.000386448722567,2.31282134166,2.51696043144,4.80170918844,0.204157486029,0.744515327547,7.31866961988,2.99946141217,4.64462714024e-06,5.02004623024,1.37314213128,7.37206960025,23.0,0.0709265423346,6.76948824383e-10,18.1928998764,19.037483159,6.83978055907,6.30685163956,PF,5200
101150.0,Louis,Williams,25.8,4,LAL@BKN,LAL,BKN,,,17.7,17.75,29,2.16235146955,0.231878477365,5.18062430701,5.56819654492,0.155933452854,1.23750237953,1.07707367663,1.19050463217,1.39343583239,4.04745472521,1.41456719329,10.5987141437,4.9589459398,14.4684225835,25.0,7.88816796141e-05,1.82923610929e-10,20.8114724625,22.1837984899,10.6850865766,11.4427192671,SG,5200
1626156.0,D'Angelo,Russell,15.1,4,LAL@BKN,LAL,BKN,,,25.8,27.5,29,2.09859241471,0.275155410032,4.13877829948,1.1117229937,0.69398304453,2.38615534991,0.745642127735,1.32205093234,3.08013839444,3.76397085793,1.2264686707,9.43262343478,0.822729153789,9.57713954034,23.0,0.000782632982027,5.12792935907e-08,17.1407383789,18.5701792035,9.37393698127,9.92849917772,PG,5100
201579.0,Roy,Hibbert,21.8,4,LAL@BKN,LAL,BKN,,,15.9,17.25,29,1.34393100486,2.36638994562,0.113298807696,3.57232747289,2.51386614237,3.0894837174,0.148971745556,1.63941151688,5.60334985978,3.29765204077,0.000960417927355,7.49530383466,3.081254017,9.67751851647,27.0,0.034926805445,6.33370455942e-06,21.808746721,22.9615093906,8.854154173,8.51858491426,C,5100
204001.0,Kristaps,Porzingis,26.0,5,MIL@NY,NY,MIL,,,31.1,34.75,29,1.03018495771,1.15755472719,3.57141950327,3.59607598675,3.81690953221,4.87415182489,1.25257316797,1.87913148179,8.6910613571,5.0581231628,0.825260977099,12.3350504953,2.79133827498,13.7328455777,28.0,0.31360125601,4.41334188253e-07,28.6485209513,30.9056734566,11.6458018218,11.7459073195,PF,5000
203484.0,Kentavious,Caldwell-Pope,23.0,4,DET@PHO,DET,PHO,,,22.9,24.0,29,1.80383559343,0.24390358411,4.70277386116,2.48177262045,0.447976219622,2.06642820805,1.13145369829,1.45603118752,2.51440442767,4.91796462699,1.4067138943,12.1044412011,2.03569093534,13.2783340836,36.0,0.000250929057216,4.71729586415e-09,20.2960561642,21.8535253343,11.5364194627,12.0849416582,SG,5000
203115.0,Will,Barton,22.2,5,DEN@GS,DEN,GS,,,39.1,42.0,29,2.7768724975,0.860116026317,3.78455196242,4.51699612643,1.07836664977,3.28689976864,1.99371621307,1.62597295559,4.36526641841,6.49631885555,1.06785101266,15.2408835321,3.86974310474,17.9302318285,39.0,0.0142044167895,9.05576741545e-06,31.4155518,33.0020608975,14.3401951414,14.4313961893,SG,5000
101135.0,David,Lee,16.9,4,WAS@BOS,BOS,WAS,,,6.6,7.25,29,1.20797264012,0.272536095429,0.0167685410919,1.44120949397,1.14399968599,1.7269339426,0.374336236397,0.821285192689,2.87093362859,2.06392026957,9.71557094339e-08,4.53220192172,1.06620827532,5.19404891161,13.0,0.000111655849947,6.8192557242e-11,10.9235876971,11.4779445074,5.87566536805,5.5434509957,PF,5000
203084.0,Harrison,Barnes,23.5,5,DEN@GS,GS,DEN,,,30.5,31.75,29,2.03556481949,0.235794065175,2.6192495369,2.59558024065,1.30771550582,3.23655607386,0.634721975169,0.913589035627,4.54427157967,4.74449699807,1.00897206096,9.30472835649,2.2952197326,12.7931857897,31.0,0.0144071071915,7.7176927787e-07,22.1271019596,23.337209063,9.72409619265,9.73634652126,SF,5000
203477.0,Isaiah,Canaan,15.8,4,PHI@CLE,PHI,CLE,,,22.0,24.0,29,1.96361577216,0.136410885798,5.04660199848,2.35534974246,0.399249792496,1.19499645583,0.533273792208,1.47070233413,1.59424624832,2.8884779194,1.77690930893,7.90874687163,1.95786748703,9.51173263476,22.0,2.57278766404e-05,1.51870495552e-10,14.2389188129,15.9424755391,9.24490095792,10.4094898885,PG,4900
1626161.0,Willie,Cauley-Stein,18.6,5,HOU@SAC,SAC,HOU,,,27.3,27.75,29,0.727296471571,1.08434388035,0.245717115567,2.62442474751,2.28848694525,3.69677868932,0.883386899438,1.02269700103,5.98526563457,2.3431583179,0.0676727116162,4.45919106081,1.61510828679,6.36909763421,22.0,0.0203896850159,5.58280357462e-09,17.5551256616,18.4301583439,6.04070031145,5.64597705885,C,4900
101161.0,Amir,Johnson,18.9,4,WAS@BOS,BOS,WAS,GTD,Ankle,10.2,11.5,29,0.973294833321,0.534421677124,0.726860491241,1.51526861039,1.47756274266,2.21583279487,0.379243082666,1.1417082551,3.69339553753,2.71629380818,0.237893765654,4.87886743885,1.04045089746,6.71093227948,18.0,0.00137032337869,1.19775664254e-10,13.288570439,14.1650967117,6.15050200257,5.74829817029,C,4900
203145.0,Kent,Bazemore,22.1,6,ATL@NO,ATL,NO,,,28.0,29.25,29,2.65102834235,0.765861325045,3.50392314063,2.75275135054,0.44219835431,2.73356795374,1.79717463936,1.61792536731,3.17576630805,4.12315383429,1.6540427379,9.08407976253,2.03505227322,11.9354026797,33.0,0.001550619304,5.60547064894e-07,23.2310113244,25.028111303,9.56931036073,10.1242283625,SG,4800
204038.0,Langston,Galloway,22.1,5,MIL@NY,NY,MIL,,,26.4,27.75,29,2.85907667157,0.231606854317,4.02844247612,3.01955654461,1.09177982933,2.81935082755,1.13414329389,0.965806209974,3.91113065688,4.17082419459,1.92811187005,9.82693182289,2.25947267039,12.5292329296,32.0,0.00594456562844,4.13501290532e-06,23.2768988117,24.928343638,10.1337920515,10.8930026438,SG,4800
203109.0,Jae,Crowder,22.6,4,WAS@BOS,BOS,WAS,,,38.0,40.5,29,1.80825515735,0.491560982437,3.27376800706,3.25608885146,1.25405443182,2.67991459981,1.98161487321,1.51030914874,3.93396903163,3.32877195253,0.904640926599,8.20697167552,2.53452688394,10.0967117156,28.0,0.00447630287363,2.8119363389e-07,20.9658998521,22.3767886393,8.44626916502,8.74453993327,SF,4700
201941.0,Jordan,Hill,20.1,4,MIA@IND,IND,MIA,,,22.0,25.0,29,0.824803896933,0.487582979258,0.0759931704929,1.95949538794,2.60916345225,3.45810775335,0.592798815933,1.20306301217,6.0672712056,4.42368444526,0.0203646683594,9.58032121341,1.44644211487,10.3141756738,24.0,0.0561744777578,1.12430858876e-09,19.7898075441,20.7891466646,10.8936909547,10.5211628713,C,4700
201155.0,Rodney,Stuckey,19.6,5,MIA@IND,IND,MIA,,,8.7,8.75,29,0.988396712774,0.0624752508964,0.56475433836,1.10968394,0.171758014134,0.706923488252,0.295291197064,0.644033584456,0.878681502386,1.8377780058,0.186145536531,4.04086284074,0.927815445939,4.78951699406,10.0,1.57749588013e-08,4.01405057638e-16,7.39802917755,7.85705283683,5.07558696898,4.83932328046,SG,4700
203124.0,Kyle,O'Quinn,21.4,5,MIL@NY,NY,MIL,,,16.0,17.25,29,1.25347328003,1.04880082699,0.569026196399,1.00735831061,1.66740355748,1.78338504881,0.608693394509,1.26368318534,3.4507886063,2.7845069357,0.125649109436,5.43816853221,0.774732461534,6.46939544237,17.0,0.000781462721005,7.98390492037e-10,14.5418569476,15.4102347218,6.59242725173,6.18164800227,C,4700
101141.0,Ersan,Ilyasova,16.7,4,DET@PHO,DET,PHO,,,12.8,14.5,29,0.648549647706,0.256716432129,2.91358255381,1.15707793309,1.44308415963,1.36499700184,0.600232715319,0.772436529928,2.80808116148,3.43475464705,1.0876105993,7.8682540324,0.796513600842,8.75363349425,21.0,0.000327620817599,9.78182440566e-13,14.0376171245,15.1085361785,8.21735413432,8.54727506731,PF,4700
2749.0,Jameer,Nelson,17.4,5,DEN@GS,DEN,GS,,,18.7,21.75,29,4.23783156989,0.0460143211872,3.75676149559,0.724438814714,0.320929926665,1.13060762896,0.772583600355,1.88729793075,1.45153755563,2.71717308949,1.1868886421,7.48019679191,0.561885220275,7.18312004135,21.0,0.00403087328689,1.24603080434e-08,15.0316103753,16.6473268868,7.85158605915,8.53534860882,PG,4700
101139.0,C.J.,Miles,19.1,4,MIA@IND,IND,MIA,GTD,Ankle,0.0,0.0,29,0.0,0.0,0.0,0.0,0.0,0.0,0.0,0.0,0.0,0.0,0.0,0.0,0.0,0.0,0.0,,,0.0,,0.674015295179,,SF,4700
201167.0,Arron,Afflalo,19.3,78,MIL@NY,NY,MIL,O,Hamstring,0.0,0.0,29,0.0,0.0,0.0,0.0,0.0,0.0,0.0,0.0,0.0,0.0,0.0,0.0,0.0,0.0,0.0,,,0.0,,0.525658574592,,SG,4600
2738.0,Andre,Iguodala,21.1,5,DEN@GS,GS,DEN,,,20.9,21.0,29,3.16344945362,0.302321991089,2.4184605196,1.15971409068,0.731575761784,1.57847386993,1.15569656004,0.768705853595,2.31004963171,2.46873260087,0.672225428928,5.52188914943,0.650044606786,6.25973523745,23.0,0.000449147314527,6.14456235643e-08,15.9243002246,16.7609422527,6.25097437902,6.39553613961,SF,4600
203471.0,Dennis,Schroder,20.9,6,ATL@NO,ATL,NO,,,21.5,23.5,29,3.32598215911,0.0264957114014,2.13031671834,1.69328010707,0.3176264334,0.955310515708,0.648529951827,1.84712612252,1.27293694911,3.7236845072,0.783107195997,8.49953869427,1.41308880763,9.64356501803,19.0,0.00131813865574,1.28519550631e-09,15.6629877996,17.0437285181,8.75233219472,8.77980448242,PG,4600
201574.0,Jason,Thompson,11.2,2,DEN@GS,GS,DEN,,,1.2,2.25,29,0.330168109991,0.212909177379,0.00289222964371,0.441113586213,0.506515842629,0.657700055053,0.177082977364,0.3742615515,1.16421589768,0.782386954446,0.0,1.59965758719,0.273414120778,1.83818802967,7.0,,,4.13622202986,,2.85531308446,,PF,4600
101133.0,Ian,Mahinmi,17.5,4,MIA@IND,IND,MIA,GTD,Back,21.2,22.0,29,0.872465305989,1.36731136305,0.00176477383603,1.78760420332,2.11724591088,3.19137714011,0.595125564921,1.05708346332,5.30862305098,2.95759435821,1.39887943406e-05,5.49256856366,0.598132380841,6.51333508606,25.0,0.0114434083099,2.12966455312e-08,17.0601710989,17.8713161538,7.08673231963,6.62338730207,C,4500
202397.0,Ishmael,Smith,21.9,4,ATL@NO,NO,ATL,,,33.3,33.5,29,8.34572746745,0.187943030518,2.44548779049,1.67068341398,0.828416379083,1.69773806263,1.62137221084,2.87992866999,2.52615444171,4.91911878059,0.664515569094,13.5912995572,0.844249638769,11.347002769,34.0,0.229023340117,7.06266148939e-05,27.635681113,29.8779578446,12.6460648234,12.6402588506,PG,4500
203991.0,Clint,Capela,18.2,5,HOU@SAC,HOU,SAC,,,36.4,39.5,29,0.945493563066,2.28071637316,0.200307632925,3.51988955761,2.69655612087,4.32414737199,0.734340466415,1.51755465932,7.02070349286,4.24730585609,0.0551665302037,7.78844148562,1.36146285224,9.91124109463,26.0,0.102774011257,1.38300970984e-05,24.2668846505,25.5584829271,9.42549550681,8.9430547153,C,4500
2449.0,Luis,Scola,19.6,5,TOR@ORL,TOR,ORL,,,20.2,22.0,29,1.30542368313,0.199083334374,0.417484882214,1.69609978393,1.87383380116,3.36306871463,0.748039222152,1.25085932147,5.23690251579,3.54486217349,0.245637172349,7.9522053862,1.16123196515,8.49659348447,21.0,0.0191516690212,2.34408456573e-08,17.3823978197,18.4212187662,8.94330763145,8.66994128103,PF,4400
203089.0,John,Henson,7.7,1,MIL@NY,MIL,NY,GTD,Achilles,36.5,37.25,29,1.17430832582,2.45546958229,0.00206429573236,2.90480397322,2.49369858339,2.04079550457,0.550075529484,1.56493558335,4.53449408796,4.25697155079,0.000289183102239,7.48823298713,1.87092082215,10.3851531068,23.0,0.0116759592777,2.78260942991e-06,22.0341631413,23.0610225157,9.30017133694,8.76423033083,PF,4400
202389.0,Timofey,Mozgov,16.3,5,PHI@CLE,CLE,PHI,,,19.2,20.0,29,0.527445135252,0.905975303743,0.112812974517,1.94952063035,1.63478950785,2.41354911911,0.184847754711,1.08676415715,4.04833862696,3.11080767708,0.0121435955241,5.60560454975,1.53238805402,7.76614700371,19.0,0.00343222433534,1.56057820014e-10,14.5102030187,15.2672221634,7.21174703794,6.71203404712,C,4400
200782.0,P.J.,Tucker,10.9,5,DET@PHO,PHO,DET,,,21.0,22.5,29,1.69436890506,0.171258879016,3.2900833228,2.08838622212,1.53673179515,2.86996117944,1.35249470651,1.27259174952,4.40669297459,3.1669761991,1.19603347024,6.99965534064,1.24020268538,8.77018855382,34.0,0.00731911323372,9.72823540955e-08,18.3746889024,19.8403151227,7.86716838778,8.35072767437,SF,4300
201577.0,Robin,Lopez,18.1,5,MIL@NY,NY,MIL,,,15.4,16.0,29,1.06658212252,0.999561077745,0.00668697232111,1.3112955796,2.01667223471,2.36194182669,0.180220211582,1.53097425742,4.3786140614,3.5526626172,6.90517587888e-08,6.88414999968,1.11056069957,8.21588600302,22.0,0.00628302286677,1.95337768691e-09,15.8986843817,16.8925267882,8.41500034844,7.96603609573,C,4300
202349.0,Greivis,Vasquez,18.5,5,MIL@NY,MIL,NY,,,21.3,22.5,29,5.64765980923,0.0779645207979,4.98534249983,2.24800134955,0.47507579109,1.66236577271,0.760858504225,1.96665242934,2.1374415638,3.68428535043,1.45934010743,10.6076570296,2.02042466863,10.8483354769,31.0,0.0407410183492,3.25303511971e-06,21.595748688,23.4767383212,10.2597986195,11.1020951964,PG,4300
203521.0,Matthew,Dellavedova,22.0,5,PHI@CLE,CLE,PHI,,,13.7,15.25,29,4.75181121818,0.0255928943997,2.97366398382,0.938747936588,0.819034643679,1.25862096026,0.614415236237,1.34230989371,2.07765560393,2.67509438028,1.22875971335,6.72561030908,0.753847973305,7.33279644721,26.0,0.00845097389025,5.35124893153e-07,16.8914063668,18.2935020167,7.29926897128,7.87405611595,PG,4200
201585.0,Kosta,Koufos,22.2,5,HOU@SAC,SAC,HOU,,,17.4,18.25,29,0.594668357226,1.16854498947,9.1669471316e-05,0.990954184757,2.85739507491,3.01329943879,0.597672243145,1.13470793561,5.8706945137,3.92495297133,2.64156576222e-06,7.17216291932,0.617315813658,8.46722439788,25.0,0.0339986378957,1.55123079333e-08,18.8017868798,19.7136748974,8.76575118048,8.26530291963,C,4200
204456.0,T.J.,McConnell,24.2,4,PHI@CLE,PHI,CLE,,,14.2,16.75,29,5.85369938401,0.270301676828,1.23852108468,0.523146931869,0.819854907615,3.02015390446,0.991797083404,1.62663814693,3.84000881208,2.21959655345,0.453825059473,4.84995245046,0.385426076587,5.27844424295,25.0,0.013888853229,7.74838888536e-05,19.564563267,20.8178610423,5.6829170533,5.61034391051,PG,4200
202682.0,Derrick,Williams,15.0,5,MIL@NY,NY,MIL,,,18.2,18.25,29,0.581889324278,0.198450563732,2.2838116492,3.7695686687,0.752258323797,1.13281686755,0.527574874681,0.949142861459,1.88507519135,3.52240562743,0.631748886535,8.17982246124,2.77661660546,10.4531767469,20.0,1.83370063721e-05,1.84966509182e-14,14.0910089783,14.9757361173,8.54328482763,8.52877689039,PF,4200
1626170.0,Jerian,Grant,17.7,5,MIL@NY,NY,MIL,,,15.9,16.5,29,3.13393394259,0.125718555614,1.1394393979,2.94084755702,0.490376231131,2.65328158774,0.912453316731,1.31897532258,3.14365781887,2.75493211517,0.263599008119,6.27396579185,2.2615431508,8.03500638926,23.0,0.0012827781619,9.82206959466e-07,17.2656651079,18.2160622781,7.08027367152,6.84679698134,PG,4200
101181.0,Jose,Calderon,10.1,5,MIL@NY,NY,MIL,,,8.9,9.5,29,2.36220271015,0.00452226223126,1.95895536627,0.39621038481,0.243074983973,0.515287241317,0.391469971676,0.853217744024,0.75836222529,1.5237440425,0.675737039951,4.33086995645,0.372369490887,4.09559461584,16.0,1.65695049488e-05,1.44737612969e-13,8.4877000752,9.29012043271,4.95919233383,5.32550456741,PG,4200
201600.0,Omer,Asik,3.2,1,ATL@NO,NO,ATL,GTD,Calf,0.0,0.0,29,0.0,0.0,0.0,0.0,0.0,0.0,0.0,0.0,0.0,0.0,0.0,0.0,0.0,0.0,0.0,,,0.0,,0.803643691601,,C,4200
203458.0,Alex,Len,13.9,5,DET@PHO,PHO,DET,,,10.4,11.75,29,0.195198664645,0.472045831787,0.0131976496161,0.959513165543,0.996060612829,1.36007391054,0.237538258452,0.732663203094,2.35613452336,1.19669840196,0.00397864296484,2.60825884496,0.652787613062,3.05016305994,9.0,3.99402094294e-06,3.94547385269e-16,6.85682746233,7.34296110256,3.91991606455,3.6272668214,C,4100
203924.0,Jerami,Grant,20.5,4,PHI@CLE,PHI,CLE,,,19.8,20.0,29,1.6356762632,1.49252902962,2.54814991037,3.70882642876,0.920395863677,2.50635491275,0.731090142644,1.40348479378,3.42675077643,2.83023022634,0.623903267929,7.50520477247,2.48805645648,8.77242017708,27.0,0.00140979814119,1.76385507465e-08,18.3817890543,19.5689353741,7.7249767698,7.85215940562,PF,4100
203499.0,Shane,Larkin,12.9,5,LAL@BKN,BKN,LAL,,,1.7,2.25,29,1.46251292475,0.106564740748,0.512817174276,0.460701133189,0.101762283209,0.374892255737,0.465141776534,0.679380536817,0.476654538947,1.13187000268,0.120584462898,2.5541711079,0.32207808026,2.70640254851,10.0,6.52497813674e-08,1.26520625614e-17,5.93618988012,6.3600052048,3.57601186359,3.35922621045,PG,4100
201977.0,Marcus,Thornton,24.8,3,HOU@SAC,HOU,SAC,,,28.4,31.25,29,2.21273365357,0.215916594785,8.58376138679,1.80350121287,1.80602215401,2.19593668275,1.26865503566,1.5512314096,4.00195883676,7.95510922452,3.43399342895,18.7860165997,1.47841663833,20.8226285163,42.0,0.00803065736942,8.45281591054e-07,30.3619914521,33.0667503351,17.9247423587,19.54273625,SG,4100
203080.0,Thomas,Robinson,11.3,5,LAL@BKN,BKN,LAL,,,16.4,17.25,29,0.487032203363,0.39466371195,0.0194697982475,1.42078486868,1.42602028584,2.02849786224,0.460334716017,0.894877116906,3.45451814808,1.80000575151,0.000475789586054,3.64914241463,0.724150322958,4.32463761556,12.0,0.000241963210812,5.52192542261e-14,10.0157274373,10.6364927428,5.1028253558,4.73830942616,PF,4100
203932.0,Aaron,Gordon,19.8,5,TOR@ORL,ORL,TOR,,,12.3,13.5,29,0.485436151881,0.463672326508,0.750579403378,1.49879846506,0.995258579059,1.25144183486,0.330496616679,0.659519312041,2.24670041392,1.72370975529,0.208023123848,3.68593525584,1.07624642856,4.73168906299,12.0,1.34440764174e-05,2.89287327186e-15,9.08470236185,9.63082876661,4.78536119988,4.56001970151,PF,4100
2403.0,Nene,Hilario,13.5,4,WAS@BOS,WAS,BOS,,,7.8,9.0,29,1.21170287029,0.141803541957,0.0289765350043,2.22687016737,0.719443993819,1.37503519283,0.502535745306,1.07789313062,2.09447918665,2.38118867692,0.00578118199048,4.8118418294,1.26817478098,6.0363333168,15.0,1.46484806743e-05,9.12063453618e-12,10.5780480901,11.2246311785,6.34500567554,5.9600826703,PF,4100
201147.0,Corey,Brewer,19.7,5,HOU@SAC,HOU,SAC,GTD,Thigh,7.7,8.25,29,1.46116659343,0.189032553294,1.61392396441,1.79729820945,0.542028416042,1.19078619008,0.965144070338,0.804353676038,1.73281460612,2.29041878453,0.367559070302,6.02542331938,1.23217106018,6.18056769954,17.0,4.12110568721e-06,1.119926521e-11,11.9556946883,12.6282979734,6.34064394304,6.28583383806,SF,4100
200757.0,Thabo,Sefolosha,17.3,4,ATL@NO,ATL,NO,,,0.0,0.0,29,0.0,0.0,0.0,0.0,0.0,0.0,0.0,0.0,0.0,0.0,0.0,0.0,0.0,0.0,0.0,,,0.0,,0.851430771782,,SF,4100
1626169.0,Stanley,Johnson,13.1,4,DET@PHO,DET,PHO,,,13.0,14.75,29,1.73032579783,0.193820973763,2.2702139534,2.82912630584,1.43022349891,3.55190115675,0.689578290497,1.38695848427,4.98212465565,3.37937022563,0.491965168599,8.78453212253,1.90889456434,9.15960018421,22.0,0.0164789573848,2.29101637205e-07,18.113478512,19.3267656946,8.6747798051,8.6366420599,SF,4000
203914.0,Gary,Harris,15.0,5,DEN@GS,DEN,GS,,,23.6,25.25,29,1.73798484102,0.339096975753,3.18757050585,1.53850420941,0.626488644069,2.0070384186,1.38218206168,1.61694863242,2.63352706267,3.26286313167,0.983543512166,8.1712851853,1.10456419377,8.61383396927,29.0,0.000203985302235,3.24004481178e-09,16.2066531485,17.6388815616,8.2733418922,8.63075065552,SG,4000
201967.0,Dante,Cunningham,13.3,4,ATL@NO,NO,ATL,,,13.1,13.75,29,0.727131662113,0.427896535671,0.873913241242,0.693691072944,0.736933071466,1.96596769223,0.59301830067,0.313383696301,2.7029007637,2.13047147307,0.271345972808,4.6973588921,0.438861982667,4.97115090161,23.0,6.96371925155e-05,4.73101867999e-13,11.0337752876,11.4613896161,5.52774863582,5.32519023094,PF,4000
204028.0,Tarik,Black,8.4,2,LAL@BKN,LAL,BKN,,,14.2,15.5,29,0.509510104053,0.283697393313,0.0311084526997,2.29681231776,2.00681588218,2.67940938279,0.344526974005,0.854180726165,4.68622526497,2.1617585278,0.00769380871637,3.87816621857,1.33261243729,5.6638233016,18.0,0.00390476730146,8.20443097481e-13,12.4538267841,13.1249324658,5.59839401006,5.15249434813,C,4000
202335.0,Patrick,Patterson,14.5,5,TOR@ORL,TOR,ORL,,,7.6,8.25,29,1.38421975713,0.477826671494,3.37722202065,0.609514321547,0.881793966061,1.86283179801,0.721373382966,0.771916479345,2.74462576408,2.44426331038,1.25978968732,6.02641797192,0.508944930515,6.65726123859,22.0,0.000168970291673,3.43765282074e-10,13.6536254207,14.8069632488,7.09057051058,7.80454656569,PF,4000
203527.0,Ryan,Kelly,14.0,4,LAL@BKN,LAL,BKN,,,0.0,0.0,29,0.0,0.0,0.0,0.0,0.0,0.0,0.0,0.0,0.0,0.0,0.0,0.0,0.0,0.0,0.0,,,0.0,,0.759158911713,,SF,4000
201196.0,Ramon,Sessions,16.4,4,WAS@BOS,WAS,BOS,,,15.6,16.25,29,2.79556517387,0.00640260412459,1.14049127228,3.76272949707,0.406800725017,0.871256779805,0.861155244327,1.33343343393,1.27805750482,2.31092385894,0.443490431065,6.22035582621,3.08385645309,8.14919460204,20.0,0.000279681403609,2.89566300222e-10,14.2778936316,15.2306779623,6.84172961703,6.81672169786,PG,4000
203994.0,Jusuf,Nurkic,18.0,62,DEN@GS,DEN,GS,O,Knee,0.0,0.0,29,0.0,0.0,0.0,0.0,0.0,0.0,0.0,0.0,0.0,0.0,0.0,0.0,0.0,0.0,0.0,,,0.0,,0.959889227623,,C,4000
203092.0,Tyler,Zeller,6.0,4,WAS@BOS,BOS,WAS,,,9.4,9.5,29,0.323951238866,0.146851066611,0.000428139506201,0.577558071605,0.390747895217,0.415112919197,0.0442298696173,0.228929990193,0.805860814414,0.987357247444,3.94532494852e-05,1.88976327664,0.472653332162,2.4474072803,5.0,1.50213762578e-10,3.92748783338e-22,4.05359899816,4.20837676083,3.2671820169,2.93193169737,C,4000
201168.0,Tiago,Splitter,15.2,6,ATL@NO,ATL,NO,,,12.0,12.25,29,1.3087961931,0.480872955439,0.00371676167932,2.32142068565,1.68490411651,2.3021081375,0.732483981104,1.10898202092,3.98701225401,3.02887036192,5.87036739066e-06,5.88816695669,1.884350616,7.94209721021,20.0,0.00325594214598,4.0717551232e-09,16.0074380568,16.7661665406,7.5092422162,7.08115549862,C,4000
203530.0,Joffrey,Lauvergne,21.9,3,DEN@GS,DEN,GS,O,Back,0.0,0.0,29,0.0,0.0,0.0,0.0,0.0,0.0,0.0,0.0,0.0,0.0,0.0,0.0,0.0,0.0,0.0,,,0.0,,0.887919704646,,PF,4000
201962.0,Toney,Douglas,24.9,2,ATL@NO,NO,ATL,,,2.0,3.0,29,0.996862006647,0.097718378744,0.996538721791,0.51987398265,0.198211677225,0.264806990421,0.39128027688,0.509529431397,0.463018667646,1.0329714656,0.311911099488,2.48362757548,0.361530545942,2.73938457664,8.0,2.77938974422e-09,2.7282602552e-19,5.25876786764,5.69263907063,3.50883589254,3.54689500667,PG,3900
203501.0,Tim,Hardaway Jr.,16.7,70,ATL@NO,ATL,NO,,,0.0,0.0,29,0.0,0.0,0.0,0.0,0.0,0.0,0.0,0.0,0.0,0.0,0.0,0.0,0.0,0.0,0.0,,,0.0,,0.561033765165,,SG,3900
201956.0,Omri,Casspi,16.7,5,HOU@SAC,SAC,HOU,,,30.3,32.5,29,2.14946135074,0.126612654413,2.44215921119,4.28698313386,1.44939155169,3.48938857817,1.06673820437,2.28870563276,4.93878012986,5.00056606582,1.24301738417,9.99107232941,2.78741914975,14.0315686656,33.0,0.0252688686746,2.11289978591e-06,23.2802929323,25.331003089,10.566083365,10.6332754434,SF,3900
2743.0,Kris,Humphries,12.3,4,WAS@BOS,WAS,BOS,,,18.2,20.0,29,0.801695556568,0.359470038985,1.08281356006,1.64700064915,1.63959023866,2.58066445464,0.407366717013,0.784376889349,4.2202546933,2.94563334711,0.470537107988,6.41777552439,1.35544056459,7.7172443668,21.0,0.00444524407385,6.51066343552e-11,14.7333899563,15.5785275559,7.20724540215,7.05856512012,PF,3900
201581.0,J.J.,Hickson,17.5,3,DEN@GS,DEN,GS,,,6.2,7.25,29,0.305393483272,0.251853781682,0.00867629321,1.0763337958,0.672039738029,0.91843434041,0.161604758978,0.53458784584,1.59047407844,1.23796392763,0.0,2.33128961333,0.513957427043,2.98988528231,7.0,,,5.64887363682,,3.80830903268,,PF,3900
202347.0,Quincy,Pondexter,12.6,75,ATL@NO,NO,ATL,O,Knee,0.0,0.0,29,0.0,0.0,0.0,0.0,0.0,0.0,0.0,0.0,0.0,0.0,0.0,0.0,0.0,0.0,0.0,,,0.0,,0.580124192446,,SF,3900
202711.0,Bojan,Bogdanovic,15.4,5,LAL@BKN,BKN,LAL,,,7.2,8.25,29,0.836574360417,0.0576616572225,2.78713239881,1.48913211729,0.369957868615,1.03603127121,0.497134543914,1.24776084197,1.40598913982,3.36801951626,0.887786871152,7.25600205426,1.08872888402,8.7125547877,22.0,1.1377862321e-06,2.46235851256e-14,11.5164348564,12.6545098766,7.7577085541,7.93767600353,SF,3900
203917.0,Nik,Stauskas,21.1,3,PHI@CLE,PHI,CLE,,,19.6,22.25,29,2.50161153316,0.325371427431,7.17739571477,2.5929539621,0.367689286579,2.48840839257,0.696728251852,2.13183930006,2.85609767915,4.50529138652,2.26293649823,11.769301452,2.25539491099,13.5289141823,38.0,0.00084621035368,1.72932397108e-07,20.6210087555,22.9624713729,12.5823972655,14.050049405,SG,3900
2405.0,Amar'e,Stoudemire,5.6,1,MIA@IND,MIA,IND,GTD,Knee,0.0,0.0,29,0.0,0.0,0.0,0.0,0.0,0.0,0.0,0.0,0.0,0.0,0.0,0.0,0.0,0.0,0.0,,,0.0,,0.764982710592,,PF,3900
203088.0,Kendall,Marshall,10.3,28,PHI@CLE,PHI,CLE,O,Knee,0.0,0.0,29,0.0,0.0,0.0,0.0,0.0,0.0,0.0,0.0,0.0,0.0,0.0,0.0,0.0,0.0,0.0,,,0.0,,0.899244200232,,PG,3900
201158.0,Marco,Belinelli,18.1,5,HOU@SAC,SAC,HOU,,,9.2,9.25,29,2.11240061434,0.0273823402728,4.081074202,2.05331063016,0.211002274294,0.850786545219,0.55366751719,0.812060890871,1.06178881951,3.01564588256,1.3775966278,8.09634046543,1.64076863311,9.04965702603,23.0,3.72134371148e-05,7.14083069913e-12,13.842443355,14.9904173755,8.57003020326,9.34520421847,SG,3900
203105.0,Festus,Ezeli,21.5,5,DEN@GS,GS,DEN,,,30.4,32.25,29,0.585002258241,1.54095268279,0.00407373011718,2.69941549332,2.03099633618,2.82577474578,0.311066938923,1.09610726209,4.85677108195,2.81792992767,0.00112193881328,4.81730572426,1.421162656,7.05814445015,18.0,0.00851664845563,4.40332666213e-08,16.3717051172,17.1759333765,6.67362346877,6.16063793405,C,3800
203138.0,Hollis,Thompson,17.5,4,PHI@CLE,PHI,CLE,,,22.1,23.5,29,1.62409823832,0.270821624713,4.07369219778,1.32310430359,0.824778227614,2.06139258145,0.59426368511,1.23723079378,2.88617080906,2.90006791662,1.58098464908,7.38051039496,1.04659064662,8.42771112894,26.0,0.000380621913777,3.05968344492e-09,14.8202032832,16.3741904871,8.32966482967,9.23057921624,SF,3800
204020.0,Tyler,Johnson,14.8,4,MIA@IND,MIA,IND,,,11.2,12.25,29,1.56514425332,0.266945848554,1.52772293557,1.6665158695,0.688727863589,1.14964898064,0.916935639672,0.867502353602,1.83837684423,2.34987112026,0.584119799482,5.14541209472,1.06737286968,6.35123490967,19.0,7.49085655218e-06,3.55891601321e-11,12.4052641256,13.2230052807,6.01121857945,6.02948761786,PG,3800
201229.0,Anthony,Tolliver,9.7,3,DET@PHO,DET,PHO,,,11.2,12.0,29,0.858314997119,0.184874795232,4.86633068414,1.25876785938,0.668175748686,2.04159985634,0.468434611682,0.656618301235,2.70977560503,2.31339103535,1.61026867408,6.30731116849,0.701127553481,6.93817829827,25.0,0.000169344064547,4.66837525039e-12,12.1273820326,13.3965683166,8.33048102351,9.50221494849,PF,3800
203933.0,T.J.,Warren,16.2,5,DET@PHO,PHO,DET,,,10.6,10.75,29,0.604928866374,0.135968102877,0.888938437043,0.759944670729,1.03640290604,1.48009098263,0.441041480093,0.590410611082,2.51649388867,2.95351436969,0.247659847396,6.20645278335,0.467412338958,6.62210092573,16.0,8.08764103187e-05,8.86537379301e-14,11.1128954466,11.6578766848,7.02518590643,6.7200070082,SF,3800
202687.0,Bismack,Biyombo,13.9,5,TOR@ORL,TOR,ORL,,,9.2,9.5,29,0.124932614905,1.09931651151,1.19324410294e-05,2.17717590698,2.20031570934,2.554762797,0.137712677624,0.713040729123,4.75507850634,1.4119961041,3.28820107913e-06,3.15272212545,1.2529734784,4.0769689748,16.0,0.00145178456817,3.81267459571e-10,11.7314797539,12.3279333659,4.60644999324,4.32389870347,C,3800
201564.0,O.J.,Mayo,19.0,71,MIL@NY,MIL,NY,O,Hamstring,0.0,0.0,29,0.0,0.0,0.0,0.0,0.0,0.0,0.0,0.0,0.0,0.0,0.0,0.0,0.0,0.0,0.0,,,0.0,,0.744187689592,,SG,3800
203515.0,Phil (Flip),Pressey,2.7,1,PHI@CLE,PHI,CLE,,,5.7,7.25,29,1.58210744232,0.0681289264933,0.879104640057,0.556635491181,0.15948851694,0.245117626633,0.428867650948,0.608293983912,0.404606143574,0.799031786859,0.239429020826,2.26087040591,0.374166348715,2.21165894326,8.0,7.9094827048e-08,4.88370811264e-18,5.45604665,5.90013857819,3.13102724947,3.18148826935,PG,3800
201578.0,Marreese,Speights,15.4,5,DEN@GS,GS,DEN,,,10.2,11.5,29,0.776500516417,0.453974763314,0.275237542348,1.99231097373,1.18252324232,1.97632885194,0.212070958423,0.944966525943,3.15885209426,3.22945576917,0.0443118126348,7.21789076699,1.5931684992,8.09639185018,14.0,0.000682117983474,7.45720876824e-12,13.4388900555,14.0924950065,8.35978404772,8.01228432551,PF,3800
201156.0,Nick,Young,15.7,4,LAL@BKN,LAL,BKN,,,13.2,14.25,29,0.630341971379,0.230349256268,3.88532257529,2.22820367744,0.177863848612,0.659708473913,0.486918567833,0.594793884148,0.837572322526,2.78971978271,1.52231364864,7.19527520627,2.04381264107,9.14556585513,16.0,1.22392878685e-08,1.91368417691e-17,11.9359073633,13.0363397642,8.13897684699,8.99548940677,SG,3700
203473.0,Dewayne,Dedmon,15.8,4,TOR@ORL,ORL,TOR,,,21.3,22.0,29,0.446772151825,2.2186771079,0.0319413432844,2.15165771655,3.33387668333,4.7738167811,0.706025788569,1.46444511653,8.10769346443,3.25840864487,0.00678764371598,6.32581515266,1.27570335927,7.79930829273,30.0,0.116803197756,1.2605679162e-05,22.5836593542,23.8999030212,7.91279410213,7.49293464082,C,3700
203960.0,Jakarr,Sampson,8.5,4,PHI@CLE,PHI,CLE,,,8.4,9.0,29,0.49948084403,0.153394158385,0.831138812823,0.858881993383,0.296167103101,0.748847316196,0.350347447307,0.780825268412,1.0450144193,1.28192128111,0.22565255378,2.86619812978,0.592547897155,3.38204301315,10.0,7.16110178061e-09,1.25096670542e-18,5.61193952532,6.16742916812,3.8867532077,3.74773818074,SF,3700
203463.0,Ben,McLemore,7.5,5,HOU@SAC,SAC,HOU,,,24.8,27.0,29,1.37549007321,0.096814533903,3.06828907195,1.5760279436,0.250750678988,1.10216144759,0.722359178205,1.45507836112,1.35291212658,2.92159967173,1.03903928248,7.16454769842,1.25331805796,8.13555668391,23.0,1.54181840048e-06,1.3838623473e-12,12.0055554087,13.3202621496,7.62043502119,8.0498102494,SG,3700
203482.0,Kelly,Olynyk,11.6,3,WAS@BOS,BOS,WAS,,,40.4,43.75,29,2.04618317663,0.970629243359,4.00874227201,2.50667893902,1.87840559558,2.80516949803,1.62535763126,2.02060584471,4.68357509361,4.62478513432,1.25540976773,10.427009,1.7233692911,12.2283493275,27.0,0.0164224638335,1.05346697144e-06,24.0892821093,25.9861055263,10.392542724,10.7817013974,C,3700
202709.0,Cory,Joseph,13.6,5,TOR@ORL,TOR,ORL,,,19.2,19.75,29,3.36749380872,0.19122859587,0.881714960474,2.8758306502,0.581947088266,1.33370240139,1.17073926128,1.48786755541,1.91564948965,3.94035599613,0.273186221884,7.60723270636,2.19343746249,10.3473356766,29.0,0.00163575993516,5.33716788504e-08,18.9334239362,19.9121870993,8.70456834796,8.31701051387,PG,3700
201596.0,Mario,Chalmers,13.3,4,MIA@IND,MIA,IND,O,Ankle,6.7,6.75,29,2.5388914852,0.0526731730355,1.99544649477,2.05514891404,0.201455452147,0.573696658932,1.1382938771,1.31851773239,0.775152111079,1.86899556074,0.450175861049,5.10982661032,1.6834221446,5.87158912713,19.0,6.45516628371e-05,2.38530834358e-11,11.6735252561,12.596726486,5.58432166221,5.68121184759,PG,3700
101138.0,Brandon,Bass,11.9,4,LAL@BKN,LAL,BKN,,,3.2,3.25,29,0.143531528174,0.0357019188362,0.0312586670642,0.334223563979,0.269199281912,0.294046626041,0.0544746960859,0.161493449619,0.563245907953,0.45505555245,0.00880906679587,0.94398372499,0.276117639751,1.19503781145,3.0,2.64671146505e-13,2.37579198519e-28,2.10508997348,2.21840352708,2.10134468134,1.88542783992,PF,3700
201162.0,Jared,Dudley,11.4,3,WAS@BOS,WAS,BOS,,,17.9,19.75,29,1.85455617442,0.219404671566,2.86190162408,1.11599801261,0.564208210676,2.28303397814,1.14367766049,1.17097787758,2.84724218882,2.7900030348,0.982074628669,5.98829293446,0.704368031631,7.2664487299,27.0,0.000269574231988,6.59100707377e-09,15.0201604046,16.2394531483,6.92446905233,7.27591799315,SF,3700
2571.0,Leandro,Barbosa,10.5,5,DEN@GS,GS,DEN,,,11.1,12.75,29,1.14125833283,0.121489615987,1.25911901012,0.877648238337,0.28259462328,0.37623740449,0.520881415487,0.584588097829,0.65883202777,2.17859735833,0.537121622078,4.58806304098,0.635412295939,5.52972863468,12.0,6.96060196265e-08,1.79055149328e-16,8.73236853237,9.32616509812,5.52745562924,5.50375843978,SG,3700
200745.0,Andrea,Bargnani,10.0,5,LAL@BKN,BKN,LAL,,,-1.0,-0.5,29,0.367459418713,0.27371546464,0.507577053998,1.21978688184,0.507805442651,0.581419835467,0.065673939527,0.646929283633,1.08922527812,1.84472016809,0.173065413113,4.16658221562,1.02517026632,4.8876760156,10.0,2.9780336131e-08,2.78966321436e-19,6.77778500212,7.24224365907,5.17430256658,4.94307510716,C,3700
101123.0,Gerald,Green,10.6,3,MIA@IND,MIA,IND,O,Undisclosed,0.0,0.0,29,0.0,0.0,0.0,0.0,0.0,0.0,0.0,0.0,0.0,0.0,0.0,0.0,0.0,0.0,0.0,,,0.0,,0.587259530617,,SG,3600
203200.0,Justin,Holiday,11.0,3,ATL@NO,ATL,NO,,,6.9,7.5,29,1.09604113686,0.473898470961,2.1567663634,0.741557360284,0.179862827489,0.521352325007,0.667547883379,0.7080487378,0.701215152496,1.99000965135,0.585096615468,5.08874583952,0.591396638423,5.15651255659,15.0,4.19559746429e-08,2.8537308229e-16,9.21687641575,9.89850991294,5.63023858796,5.81956558025,SG,3600
1626167.0,Myles,Turner,16.7,4,MIA@IND,IND,MIA,,,3.4,4.0,29,0.374844764783,0.666099482467,0.208685308253,1.19314220558,0.702367378937,1.8662783614,0.423167511682,0.675091681689,2.56864574033,1.966866176,0.0574738176107,4.14642326602,0.825843766467,4.81704993608,13.0,3.93842330206e-05,1.03794487214e-13,9.96513427826,10.4599083913,5.41237224543,5.07845731436,PF,3600
201961.0,Wayne,Ellington,8.2,5,LAL@BKN,BKN,LAL,,,3.2,3.25,29,0.655311034174,0.0617531664308,1.93661245999,0.311161126665,0.202306080084,0.496109018532,0.374570641312,0.246779161865,0.698415098616,1.63373834501,0.646995296798,4.27462444141,0.255634415681,4.17010640251,12.0,6.10579611868e-10,8.80180587933e-19,6.61703952573,7.09884751091,4.99209847175,5.29730272459,SG,3600
201975.0,Jodie,Meeks,1.7,2,DET@PHO,DET,PHO,O,Foot,0.0,0.0,29,0.0,0.0,0.0,0.0,0.0,0.0,0.0,0.0,0.0,0.0,0.0,0.0,0.0,0.0,0.0,,,0.0,,0.592046369819,,SG,3600
201978.0,Chase,Budinger,7.4,5,MIA@IND,IND,MIA,,,3.2,3.75,29,0.837814706017,0.0736086597586,1.87108058302,0.912247115942,0.315162706481,0.838183916677,0.446923658313,0.49241116432,1.15334662316,1.61215913093,0.597910717932,4.07214578684,0.686963621661,4.50919260146,15.0,4.83564754879e-08,1.01073286765e-15,7.69858408009,8.30141242491,4.92173631564,5.17262745157,SF,3600
1626159.0,Justise,Winslow,12.9,5,MIA@IND,MIA,IND,,,24.1,24.5,29,1.65450450755,0.290185153088,2.13545484998,0.857666601769,1.17655928636,4.25480295024,0.7889861023,1.49120897485,5.43136223659,3.29333917793,0.584942905583,7.54210132324,0.66402204172,7.83564330317,31.0,0.0201513799563,1.91815974208e-07,17.5021682843,18.8420399818,7.76348755102,7.72808401404,SF,3600
2400.0,Drew,Gooden,14.2,4,WAS@BOS,WAS,BOS,,,0.0,0.0,29,0.0,0.0,0.0,0.0,0.0,0.0,0.0,0.0,0.0,0.0,0.0,0.0,0.0,0.0,0.0,,,0.0,,0.82573521243,,PF,3600
202730.0,Lavoy,Allen,10.5,5,MIA@IND,IND,MIA,,,13.0,13.25,29,1.4960216931,0.688989705089,0.0206212776975,1.09023921202,2.54066348976,3.01769818387,0.28894149655,1.08148081786,5.55836167363,2.53505056108,0.00318698473155,5.8729739503,0.586515993138,5.65980410002,23.0,0.0101971032452,4.08658366437e-08,15.4482522335,16.2837999959,7.05404252289,6.73837747348,PF,3600
202341.0,James,Anderson,7.1,4,HOU@SAC,SAC,HOU,,,8.0,8.25,29,1.07294085582,0.16281775899,3.28394086966,1.2321934481,0.443438092211,0.774148039996,0.760783997687,1.04877456774,1.21758613221,2.29680297839,1.08467737893,6.01769579691,0.978547595167,6.65683093087,18.0,2.56414380633e-07,4.27880681494e-14,10.5257745189,11.6533801834,6.87962348717,7.51146241325,SG,3600
201228.0,C.J.,Watson,12.1,5,TOR@ORL,ORL,TOR,,,21.0,22.25,29,3.67870838077,0.099718251875,3.12953442101,2.40822326179,0.39042020436,1.2252559286,1.19828995553,1.43561911363,1.61567613296,3.09407795197,1.22736556691,7.43968295866,1.91212277948,9.32764425033,27.0,0.00250699839033,2.08550220316e-08,17.9449154822,19.3609521893,8.03135192086,8.53336945929,PG,3600
202720.0,Jon,Leuer,16.4,5,DET@PHO,PHO,DET,,,7.3,9.0,29,0.760187962812,0.152144787209,0.843253094328,0.974089371752,0.841377126667,1.70634273651,0.236799628109,0.498455747967,2.54771986318,1.94868650924,0.375950342232,4.25443123071,0.577911689376,4.85123505008,13.0,4.2276067869e-05,3.76960485222e-13,9.32821391278,9.89286636514,5.20579547312,5.09784228993,PF,3600
2756.0,Sasha,Vujacic,16.3,5,MIL@NY,NY,MIL,,,8.3,10.0,29,2.34325034309,0.129942338531,4.17642916171,1.05646379824,0.77613670163,1.93306530844,0.96100236179,1.61470692505,2.70920201007,3.29518531185,1.21544908112,9.12755701367,0.849136387341,8.65495609215,27.0,0.000324417588117,4.08920567625e-08,15.9880564945,17.5390813471,8.97864080545,9.62997729919,SG,3600
202337.0,Luke,Babbitt,16.4,2,ATL@NO,NO,ATL,,,18.3,19.5,29,0.995346432765,0.28555953787,4.72366618417,0.710599113265,0.365409180929,2.26361688621,0.495578276381,0.839769175068,2.62902606714,3.31299321346,1.7555993777,7.50758064195,0.564294529857,8.94588033448,29.0,0.000203924387035,2.18045312039e-11,14.3162377176,15.745679184,9.00242235617,10.0094484968,SF,3600
2733.0,Shaun,Livingston,10.2,5,DEN@GS,GS,DEN,,,8.8,10.5,29,2.87544105653,0.321613048444,0.0189784761112,1.33284920631,0.592466489888,0.965573793612,0.57953608317,1.36546609756,1.5580402835,2.02888442902,0.000595926985508,4.44171059472,1.04009541084,5.09846019587,19.0,0.000107611741006,6.07594114878e-10,11.7181022865,12.4791967324,5.77326655754,5.43766777805,PG,3600
201160.0,Jason,Smith,9.7,4,TOR@ORL,ORL,TOR,,,3.6,3.75,29,0.487739009815,0.266606352568,0.203119281566,0.656207314866,0.374307393176,0.630765928376,0.143127906857,0.415124133696,1.00507332155,1.24992303518,0.0828379852884,2.86162317341,0.531596678156,3.1142807338,8.0,3.36017228415e-09,4.53976979517e-19,5.45632161954,5.75555635015,3.9608204509,3.73051904786,PF,3600
201976.0,Patrick,Beverley,12.3,5,HOU@SAC,HOU,SAC,O,Concussion,0.0,0.0,29,0.0,0.0,0.0,0.0,0.0,0.0,0.0,0.0,0.0,0.0,0.0,0.0,0.0,0.0,0.0,,,0.0,,0.800547583419,,PG,3600
101112.0,Channing,Frye,4.9,1,TOR@ORL,ORL,TOR,,,7.6,8.75,29,0.685761024371,0.263294464388,2.64948024111,0.402734875354,0.269921520464,0.495841319441,0.309464262879,0.584493829999,0.765762839906,1.44768018802,0.964440674963,3.72667510534,0.296206761929,4.15600781293,14.0,1.4106508586e-09,3.5415184504e-18,6.66458838191,7.4773437785,5.28926986515,5.95824602383,PF,3600
203948.0,Johnny,O'Bryant,10.5,5,MIL@NY,MIL,NY,,,14.6,14.75,29,0.743927920203,0.226116196532,0.0404550960768,1.50143790476,1.09885674521,1.2986140564,0.258216329252,0.66045466478,2.39747080162,1.83017913376,0.0111416993433,4.29880051427,0.928402322745,4.59990228962,16.0,1.94006072554e-05,1.41419236998e-13,8.90096951865,9.3566703417,5.49358227214,5.20538237882,C,3500
2592.0,James,Jones,4.7,5,PHI@CLE,CLE,PHI,,,9.8,11.0,29,0.506739043838,0.154793658821,3.26075239435,0.780339532754,0.217413755518,0.31425654428,0.192994941018,0.293164183796,0.531670299798,1.5340065655,1.30715854634,3.96579593252,0.660444722348,5.03561639968,13.0,8.88644063751e-11,1.05747208798e-20,6.83614234108,7.66288722127,6.11525835392,7.04557860177,SF,3500
203963.0,Shayne,Whittington,-2.0,1,MIA@IND,IND,MIA,,,0.0,0.0,29,0.0,0.0,0.0,0.0,0.0,0.0,0.0,0.0,0.0,0.0,0.0,0.0,0.0,0.0,0.0,,,0.0,,0.827925034471,,C,3500
1626209.0,Mario,Hezonja,4.1,5,TOR@ORL,ORL,TOR,,,9.5,9.5,29,1.16477792102,0.158346177078,2.93241270225,0.948153816262,0.462153756365,1.77471991602,0.627363954018,1.73229303422,2.23687367239,2.46631522327,0.998531556952,6.20223687856,0.734078990182,6.66524099368,22.0,3.39493154132e-05,1.49812744424e-11,10.93578351,12.4130904133,6.84332927083,7.32599917545,SF,3500
203461.0,Anthony,Bennett,3.5,2,TOR@ORL,TOR,ORL,,,7.2,7.25,29,0.280980929701,0.0963440915306,0.254151493223,0.49421318679,0.403724145314,0.472222049082,0.264991083448,0.347875259619,0.875946194396,0.807590765591,0.0544748944471,1.97283240646,0.340258282289,2.00991470792,6.0,1.91294286372e-10,1.96033124977e-22,3.85731662608,4.10228901312,2.9726274545,2.77547554897,PF,3500
201202.0,Joel,Anthony,6.5,49,DET@PHO,DET,PHO,,,0.0,0.0,29,0.0,0.0,0.0,0.0,0.0,0.0,0.0,0.0,0.0,0.0,0.0,0.0,0.0,0.0,0.0,,,0.0,,0.883784498561,,C,3500
201177.0,Josh,McRoberts,4.2,5,MIA@IND,MIA,IND,,,15.9,18.0,29,2.1562458061,0.171676313086,1.3991179735,0.532769636108,0.422370032521,1.03316537155,0.446162347167,1.05554308006,1.45553540407,1.47749959069,0.526659172406,3.06011103328,0.347449383421,3.82910773721,17.0,6.65160046684e-06,2.02490003264e-11,8.9902531717,9.8541410456,4.31101894996,4.42453994184,PF,3500
1626181.0,Norman,Powell,1.6,2,TOR@ORL,TOR,ORL,,,0.0,0.0,29,0.0,0.0,0.0,0.0,0.0,0.0,0.0,0.0,0.0,0.0,0.0,0.0,0.0,0.0,0.0,,,0.0,,0.820455394417,,SG,3500
2406.0,Caron,Butler,5.8,4,HOU@SAC,SAC,HOU,,,0.0,0.0,29,0.0,0.0,0.0,0.0,0.0,0.0,0.0,0.0,0.0,0.0,0.0,0.0,0.0,0.0,0.0,,,0.0,,0.562908871743,,SF,3500
2034.0,Mike,Miller,2.9,5,DEN@GS,DEN,GS,,,6.4,6.5,29,0.504178957669,0.0357558094698,1.21987556529,0.0721415783064,0.0552852517672,0.276945831234,0.205639987199,0.277490820712,0.332231083001,0.565860682358,0.448407728661,1.5015215244,0.056807875231,1.63693696861,8.0,2.19240630634e-12,7.25767234212e-24,2.99718347734,3.37674430618,2.88211694684,3.2667036407,SF,3500
200751.0,Randy,Foye,8.1,5,DEN@GS,DEN,GS,,,4.6,5.75,29,1.75867870011,0.194053852082,4.52741191573,0.761101305267,0.105336256175,0.716613561762,0.494709777932,0.98707082843,0.821949817937,2.14507394486,1.33370655963,6.66581994949,0.650622984398,6.27447743375,18.0,4.2558753019e-06,7.8946843428e-14,10.289291697,11.4907842658,7.76777286058,8.78915044738,SG,3500
203382.0,Aron,Baynes,8.3,4,DET@PHO,DET,PHO,,,7.5,7.5,29,0.455519919749,0.240256478042,0.0351232328019,1.16235796061,1.11147021995,1.28259885436,0.185595752304,0.58217932256,2.39406907431,1.76388345501,0.00874047830686,3.38450517157,0.933019320851,4.46952670919,12.0,1.7437717923e-05,1.22523572605e-15,8.29521461612,8.71040412684,4.86650401304,4.47450444244,C,3500
1626199.0,Darrun,Hilliard,0.0,0,DET@PHO,DET,PHO,,,0.0,0.0,29,0.0,0.0,0.0,0.0,0.0,0.0,0.0,0.0,0.0,0.0,0.0,0.0,0.0,0.0,0.0,,,0.0,,0.845620626624,,SG,3500
201582.0,Alexis,Ajinca,11.0,4,ATL@NO,NO,ATL,,,10.4,10.5,29,0.427880430902,0.504679158566,0.0174538015875,0.840817135103,1.01367383702,1.05553439168,0.246923011822,0.558051494201,2.06920822869,1.61421914482,0.00540724883084,3.05176537642,0.708648760923,3.9424942994,9.0,3.60841862847e-06,8.13666005463e-16,8.01251766676,8.39771286234,4.55042384596,4.15858149095,C,3500
203925.0,Joe,Harris,2.8,3,PHI@CLE,CLE,PHI,,,1.2,1.25,29,0.185439676944,0.0154500279768,0.516238521241,0.0972361332284,0.0455454775298,0.11827441325,0.0540973846407,0.154153406273,0.16381989078,0.292957819302,0.184604684171,0.743756873169,0.0642649327608,0.834785255535,3.0,1.60863476333e-17,4.10566100363e-32,1.29447005885,1.47204009861,1.82540743826,1.97301527385,SG,3500
203118.0,Mike,Scott,6.8,6,ATL@NO,ATL,NO,,,10.9,12.5,29,1.07247818448,0.0286720645628,2.04054034271,1.03162588845,0.564777382607,0.902991163773,0.212314021105,0.471799125795,1.46776854638,2.14938718888,0.653939883771,5.20875003401,0.88532603195,5.83804029348,14.0,7.7217804413e-07,1.5280037964e-13,9.21825287139,9.85451196176,5.85648178003,6.04439395387,SF,3500
203475.0,Erick,Green,0.9,3,DEN@GS,DEN,GS,,,0.0,0.0,29,0.0,0.0,0.0,0.0,0.0,0.0,0.0,0.0,0.0,0.0,0.0,0.0,0.0,0.0,0.0,,,0.0,,0.673447419146,,SG,3500
201573.0,Jerryd,Bayless,17.1,5,MIL@NY,MIL,NY,,,13.4,15.0,29,3.1333651076,0.170908620129,2.99322934039,2.16520653668,0.329695769249,1.29426319911,0.775186503933,1.95342990923,1.62395896836,3.15612013812,1.11435543277,8.05065644452,1.71552097971,9.14211668872,28.0,0.000792793046582,6.40421241806e-09,15.729675451,17.3459552792,8.24580602758,8.66481365873,PG,3500
203462.0,Archie,Goodwin,7.6,3,DET@PHO,PHO,DET,,,0.0,0.0,29,0.0,0.0,0.0,0.0,0.0,0.0,0.0,0.0,0.0,0.0,0.0,0.0,0.0,0.0,0.0,,,0.0,,0.788737185198,,PG,3500
203082.0,Terrence,Ross,13.1,5,TOR@ORL,TOR,ORL,,,2.0,2.0,29,0.659443322016,0.11006069865,2.96445228465,0.542211724636,0.20079883329,0.713252241603,0.463375543919,0.592563032315,0.914051074893,2.26692260765,1.03736975208,5.57506571525,0.488274797847,6.05948976523,15.0,1.24595251404e-08,2.90000501803e-17,8.69982549095,9.56049445558,6.49991144625,7.05541012364,SG,3500
203516.0,James,Ennis,0.8,2,MIA@IND,MIA,IND,,,0.0,0.0,29,0.0,0.0,0.0,0.0,0.0,0.0,0.0,0.0,0.0,0.0,0.0,0.0,0.0,0.0,0.0,,,0.0,,0.678292724831,,SF,3500
1626158.0,Richaun,Holmes,7.1,4,PHI@CLE,PHI,CLE,,,6.2,6.75,29,0.637106832885,0.463886099558,0.779291260728,1.73875520538,0.619813544493,1.21435760424,0.346209779493,0.603652739198,1.83417114874,1.32528915824,0.226094650103,3.09660134943,1.17318917626,4.04986214283,12.0,1.56854896379e-06,2.81118127944e-15,8.22306678955,8.72965139446,4.18273322181,4.06595451981,PF,3500
1626148.0,Anthony,Brown,5.0,1,LAL@BKN,LAL,BKN,,,0.0,0.0,29,0.0,0.0,0.0,0.0,0.0,0.0,0.0,0.0,0.0,0.0,0.0,0.0,0.0,0.0,0.0,,,0.0,,0.811065531577,,SF,3500
1626173.0,Rashad,Vaughn,5.3,3,MIL@NY,MIL,NY,,,0.0,0.0,29,0.0,0.0,0.0,0.0,0.0,0.0,0.0,0.0,0.0,0.0,0.0,0.0,0.0,0.0,0.0,,,0.0,,0.748581027644,,SG,3500
1626251.0,Duje,Dukan,0.0,0,HOU@SAC,SAC,HOU,,,0.0,0.0,29,0.0,0.0,0.0,0.0,0.0,0.0,0.0,0.0,0.0,0.0,0.0,0.0,0.0,0.0,0.0,,,0.0,,0.845620626624,,PF,3500
201971.0,DeJuan,Blair,-0.8,1,WAS@BOS,WAS,BOS,,,1.4,3.0,29,0.281151672986,0.0843752031128,0.00595074498529,0.499379151223,0.820060314358,0.794007449799,0.363244424923,0.652744721001,1.61406776416,1.22217880606,1.09369547253e-06,2.52519080646,0.321383425887,2.7657421317,8.0,1.25175182227e-07,1.07451149411e-18,5.36684549324,5.77392197655,3.82818202048,3.49954358363,C,3500
1626176.0,Rakeem,Christmas,0.0,0,MIA@IND,IND,MIA,,,0.0,0.0,29,0.0,0.0,0.0,0.0,0.0,0.0,0.0,0.0,0.0,0.0,0.0,0.0,0.0,0.0,0.0,,,0.0,,0.845620626624,,PF,3500
201973.0,Jonas,Jerebko,8.4,4,WAS@BOS,BOS,WAS,,,13.4,14.25,29,1.04301803225,0.27551656792,1.81359662899,1.2960617505,1.37734495381,2.19147353521,0.512920898306,0.865128162085,3.56881848903,2.58049932825,0.68897729074,5.60368536998,1.15703225653,7.00700820378,20.0,0.00121337994883,1.98434802487e-10,13.5658642094,14.5231779307,6.38547462581,6.4612548503,PF,3500
201949.0,James,Johnson,0.6,3,TOR@ORL,TOR,ORL,,,0.0,0.0,29,0.0,0.0,0.0,0.0,0.0,0.0,0.0,0.0,0.0,0.0,0.0,0.0,0.0,0.0,0.0,,,0.0,,0.837720717088,,SF,3500
1626162.0,Kelly,Oubre,0.0,1,WAS@BOS,WAS,BOS,,,11.4,12.0,29,1.44266877072,0.220034878279,2.39885532029,1.68931519695,0.459357443089,1.85904403884,0.412210161904,0.802477138023,2.31840148192,2.33091938391,0.454298458085,6.25182376596,1.10875003206,6.22488725796,14.0,3.80160043094e-05,1.08993476132e-10,11.6329851347,12.3773500312,6.36381206244,6.41614674215,SF,3500
1626196.0,Josh,Richardson,-1.0,1,MIA@IND,MIA,IND,,,0.0,0.0,29,0.0,0.0,0.0,0.0,0.0,0.0,0.0,0.0,0.0,0.0,0.0,0.0,0.0,0.0,0.0,,,0.0,,0.793443753842,,SG,3500
201603.0,Sonny,Weems,4.6,5,DET@PHO,PHO,DET,,,1.4,2.0,29,0.431995149012,0.0136625372932,0.257674009803,0.367551745977,0.149826878989,0.44304653329,0.16175394501,0.476430942631,0.592873412279,0.772319071846,0.0488453536737,1.83571345286,0.297429154008,1.89091265137,6.0,4.14730530244e-12,1.66669242133e-22,3.1247554916,3.41703731038,2.83619423603,2.61948490809,SF,3500
2570.0,Kendrick,Perkins,9.5,3,ATL@NO,NO,ATL,O,Pectoral,0.0,0.0,29,0.0,0.0,0.0,0.0,0.0,0.0,0.0,0.0,0.0,0.0,0.0,0.0,0.0,0.0,0.0,,,0.0,,0.785342715413,,C,3500
203906.0,Roy Devyn,Marble,7.0,16,TOR@ORL,ORL,TOR,,,0.0,0.0,29,0.0,0.0,0.0,0.0,0.0,0.0,0.0,0.0,0.0,0.0,0.0,0.0,0.0,0.0,0.0,,,0.0,,0.728847424875,,SG,3500
1891.0,Jason,Terry,6.0,3,HOU@SAC,HOU,SAC,,,2.2,2.75,29,1.27423371034,0.111094108396,2.44162504337,0.315328955777,0.0949642011774,0.347889118553,0.472200766974,0.544073112889,0.44285331973,1.3932788929,0.865203217802,3.39172187738,0.253757546203,3.9055185498,13.0,8.95893720223e-08,1.36555135011e-17,6.97080973684,7.69759070255,5.00002432671,5.57168295535,PG,3500
203915.0,Spencer,Dinwiddie,1.2,1,DET@PHO,DET,PHO,,,0.0,0.0,29,0.0,0.0,0.0,0.0,0.0,0.0,0.0,0.0,0.0,0.0,0.0,0.0,0.0,0.0,0.0,,,0.0,,0.896480383919,,PG,3500
203135.0,Robert,Sacre,3.4,1,LAL@BKN,LAL,BKN,,,0.0,0.0,29,0.0,0.0,0.0,0.0,0.0,0.0,0.0,0.0,0.0,0.0,0.0,0.0,0.0,0.0,0.0,,,0.0,,0.791501831316,,C,3500
2760.0,Anderson,Varejao,6.3,5,PHI@CLE,CLE,PHI,,,3.0,3.5,29,0.401238769752,0.138636689247,0.0491240253503,0.411282899182,0.652556300068,0.863892164331,0.2406634252,0.447673093367,1.5164484644,1.0602733594,2.11335734379e-07,2.02860022053,0.297591600964,2.41813853111,7.0,4.32696833545e-08,9.0221173714e-19,5.15066197854,5.45032111902,3.38588775497,3.02838894936,C,3500
203900.0,Markel,Brown,8.1,5,LAL@BKN,BKN,LAL,,,0.0,0.0,29,0.0,0.0,0.0,0.0,0.0,0.0,0.0,0.0,0.0,0.0,0.0,0.0,0.0,0.0,0.0,,,0.0,,0.685709187795,,SG,3500
203909.0,K.J.,McDaniels,2.6,2,HOU@SAC,HOU,SAC,,,0.0,0.0,29,0.0,0.0,0.0,0.0,0.0,0.0,0.0,0.0,0.0,0.0,0.0,0.0,0.0,0.0,0.0,,,0.0,,0.825032501743,,SF,3500
203961.0,Eric,Moreland,2.5,3,HOU@SAC,SAC,HOU,,,0.0,0.0,29,0.0,0.0,0.0,0.0,0.0,0.0,0.0,0.0,0.0,0.0,0.0,0.0,0.0,0.0,0.0,,,0.0,,0.838381179146,,PF,3500
1626175.0,Jordan,Mickey,5.9,1,WAS@BOS,BOS,WAS,,,6.2,6.25,29,0.312050670541,0.110206387188,0.21837079536,0.441251556718,0.263490081075,0.417423197629,0.0927213437868,0.161886058506,0.680913278704,0.444896888357,0.0601412881871,1.02147931625,0.348245143134,1.29818020803,3.0,3.42009791817e-12,6.21217043697e-24,2.82732155174,2.97238088902,2.19389058997,2.07112422829,PF,3500
203099.0,Jared,Cunningham,6.0,5,PHI@CLE,CLE,PHI,,,3.7,4.25,29,1.72235882262,0.127577098078,1.87157993758,3.03684451618,0.309976047572,0.840652650153,0.613925198869,1.02074519057,1.15062869772,2.48241412162,0.577167275139,6.13156298921,2.03437040781,7.5763659262,20.0,5.11812809066e-06,1.97310101116e-12,12.0029180007,12.8594133457,6.74113460607,6.80493127995,SG,3500
2365.0,Chris,Andersen,2.9,2,MIA@IND,MIA,IND,,,0.0,0.0,29,0.0,0.0,0.0,0.0,0.0,0.0,0.0,0.0,0.0,0.0,0.0,0.0,0.0,0.0,0.0,,,0.0,,0.79683328697,,C,3500
203488.0,Mike,Muscala,0.1,2,ATL@NO,ATL,NO,,,0.0,0.0,29,0.0,0.0,0.0,0.0,0.0,0.0,0.0,0.0,0.0,0.0,0.0,0.0,0.0,0.0,0.0,,,0.0,,0.833682193458,,PF,3500
202714.0,Shelvin,Mack,0.4,1,ATL@NO,ATL,NO,,,0.0,0.0,29,0.0,0.0,0.0,0.0,0.0,0.0,0.0,0.0,0.0,0.0,0.0,0.0,0.0,0.0,0.0,,,0.0,,0.808965645111,,PG,3500
202498.0,Lance,Thomas,9.7,5,MIL@NY,NY,MIL,,,7.4,7.5,29,0.689545462594,0.0596003297532,0.366465821949,1.18277994639,0.591352785008,0.945553667348,0.297319519809,0.830676859217,1.53690645236,2.18183846967,0.158894164684,4.68308489009,0.867940687462,5.3905117915,17.0,8.27888126067e-07,2.96591022455e-15,8.15228056812,8.72391264452,5.80225822081,5.52015298726,SF,3500
202708.0,Norris,Cole,15.9,75,ATL@NO,NO,ATL,O,Ankle,0.0,0.0,29,0.0,0.0,0.0,0.0,0.0,0.0,0.0,0.0,0.0,0.0,0.0,0.0,0.0,0.0,0.0,,,0.0,,0.737434341042,,PG,3500
101187.0,Alan,Anderson,13.2,74,WAS@BOS,WAS,BOS,O,Ankle,0.0,0.0,29,0.0,0.0,0.0,0.0,0.0,0.0,0.0,0.0,0.0,0.0,0.0,0.0,0.0,0.0,0.0,,,0.0,,0.577654934554,,SG,3500
203934.0,Lamar,Patterson,6.0,6,ATL@NO,ATL,NO,,,4.2,4.25,29,0.951392570167,0.0844615596739,0.9740727723,0.870206517675,0.34312150018,0.865699732459,0.307578919588,0.510543632121,1.20882123264,0.821117951593,0.27271410532,2.16959805213,0.620849291554,2.53579930006,10.0,1.23348702253e-08,7.82505708515e-16,5.68701096088,6.13908090973,3.18856074695,3.26268986109,SG,3500
202338.0,Kevin,Seraphin,5.2,2,MIL@NY,NY,MIL,,,1.2,1.25,29,0.163546203392,0.190703503283,0.00505602884379,0.232853656063,0.261332686559,0.323704796088,0.0287510870634,0.282180079822,0.585037482648,0.738582914158,4.18912817141e-06,1.46942344178,0.167945401112,1.64511541856,4.0,1.47243069239e-12,2.64954483381e-26,2.74920880369,2.9195528123,2.71294574454,2.41558214653,PF,3500
201575.0,Brandon,Rush,7.0,4,DEN@GS,GS,DEN,,,0.0,0.0,29,0.108046206058,0.0623774604361,0.222372963233,0.0873898304035,0.0317904991332,0.0981324256655,0.0357484483749,0.0916623816079,0.129922924799,0.135651914811,0.0505368322663,0.463555443798,0.0461576246991,0.367998286588,2.0,1.32935787153e-20,6.22676928141e-37,0.790564541448,0.868160294625,1.24578261906,1.26407105377,SG,3500
203101.0,Miles,Plumlee,8.1,5,MIL@NY,MIL,NY,,,3.2,3.25,29,0.0609355327099,0.137541016023,0.000146906661799,0.0825797849328,0.200170921897,0.209536250622,0.060169416999,0.131465059437,0.409707172519,0.252480307983,4.04593400438e-05,0.448475687397,0.0501654104535,0.555166485759,2.0,3.4161819662e-16,2.0140523704e-31,1.40217419845,1.48841231647,1.62879543452,1.43538756295,C,3500
101236.0,Chuck,Hayes,1.2,1,HOU@SAC,HOU,SAC,GTD,Foot,12.4,14.25,29,1.04553581071,0.215812523091,0.00722664472187,0.648012434126,1.08853011196,1.51360810687,0.552526152614,0.654822449279,2.60213821883,1.16383225368,0.0,2.52151537585,0.444931916925,2.77259642429,15.0,,,8.34532090507,,3.77988233858,,C,3500
202388.0,Donald,Sloan,3.7,2,LAL@BKN,BKN,LAL,,,0.0,0.0,29,0.0,0.0,0.0,0.0,0.0,0.0,0.0,0.0,0.0,0.0,0.0,0.0,0.0,0.0,0.0,,,0.0,,0.742629874112,,PG,3500
203552.0,Seth,Curry,5.4,3,HOU@SAC,SAC,HOU,,,11.0,12.0,29,1.86796958167,0.156409807914,1.74215830211,0.62892813981,0.301796634087,1.13860806162,0.504825653689,0.604822688835,1.44040469571,2.31123986347,0.756039182573,5.06478925166,0.463359891104,5.84187880061,15.0,6.4382089595e-06,1.67314536852e-11,11.0899670423,11.8424278702,5.90057820766,6.06356163649,SG,3500
2617.0,Udonis,Haslem,13.3,1,MIA@IND,MIA,IND,,,0.0,0.0,29,0.0,0.0,0.0,0.0,0.0,0.0,0.0,0.0,0.0,0.0,0.0,0.0,0.0,0.0,0.0,,,0.0,,0.718738679796,,PF,3500
201589.0,Darrell,Arthur,13.7,5,DEN@GS,DEN,GS,,,11.1,11.25,29,0.716989439769,0.422009490073,1.05728006972,0.522292395123,0.815815620252,1.06909387066,0.513167576273,0.440948620537,1.88490949092,1.5342292964,0.271911592944,4.2949322596,0.429333079522,3.76970326526,12.0,1.8097853226e-06,9.80340023039e-15,8.53648432617,8.98716262214,4.74756932815,4.70533846188,PF,3500
1897.0,Metta,World Peace,9.7,29,LAL@BKN,LAL,BKN,,,12.1,12.75,29,0.77600991069,0.380040646194,2.50638588909,0.765918689173,0.700669991188,0.923624570142,0.983063443391,0.72391768809,1.62429456133,2.27836526188,0.811987570868,5.75273840574,0.509929450483,5.87864754511,17.0,1.83768779868e-06,1.92853009766e-13,10.9941063758,11.8432764899,6.31584195655,6.65812190691,SF,3500
203894.0,Shabazz,Napier,3.9,4,TOR@ORL,ORL,TOR,,,15.4,16.5,29,2.46624560665,0.0630245663229,2.05931625182,0.925440708936,0.237095338594,0.546775990159,0.600071965275,1.20791804282,0.783871328753,1.6138484697,0.725278583165,4.06709539176,0.753306500199,4.70628202275,17.0,3.23563991966e-05,4.15109812474e-13,9.4645710476,10.4704114616,5.08365723906,5.45203600282,PG,3500
1626204.0,Larry,Nance Jr.,0.0,0,LAL@BKN,LAL,BKN,,,11.0,11.75,29,0.856073831617,0.247661433276,0.790053299097,2.17889387709,0.515133151976,2.85724382298,0.468877073996,0.910476179139,3.37237697496,2.10744163872,0.217587810063,4.72983948806,1.47673103309,5.90920212059,16.0,0.000527068354451,1.41858992399e-11,11.7627660734,12.4962075193,5.7388812504,5.51406714251,PF,3500
203524.0,Solomon,Hill,0.0,1,MIA@IND,IND,MIA,,,0.0,0.0,29,0.0,0.0,0.0,0.0,0.0,0.0,0.0,0.0,0.0,0.0,0.0,0.0,0.0,0.0,0.0,,,0.0,,0.666823594838,,SG,3500
203923.0,James,Young,6.1,31,WAS@BOS,BOS,WAS,,,0.0,0.0,29,0.0,0.0,0.0,0.0,0.0,0.0,0.0,0.0,0.0,0.0,0.0,0.0,0.0,0.0,0.0,,,0.0,,0.599227339963,,SF,3500
202087.0,Alonzo,Gee,8.6,4,ATL@NO,NO,ATL,,,1.2,1.25,29,0.160178482299,0.036130064557,0.224274889185,0.35220546497,0.214135574835,0.214136773793,0.176031620899,0.188987875616,0.428272348628,0.448191739605,0.0626614130223,1.07046845776,0.25285072276,1.21189561499,4.0,3.70419397043e-14,3.46589640468e-28,2.20142565209,2.34866391384,2.09567971202,1.97573212892,SF,3500
1626202.0,Joseph,Young,-0.5,2,MIA@IND,IND,MIA,,,0.0,0.0,29,0.0,0.0,0.0,0.0,0.0,0.0,0.0,0.0,0.0,0.0,0.0,0.0,0.0,0.0,0.0,,,0.0,,0.815939319454,,SG,3500
203546.0,Ian,Clark,8.4,3,DEN@GS,GS,DEN,,,4.7,5.25,29,0.694712844923,0.107173025519,1.26904843612,0.505324934583,0.183502434173,0.303381906252,0.312369813161,0.470496925823,0.486884340425,1.05275538197,0.425529968743,2.66321416114,0.437258968516,2.9682997012,8.0,1.39676408135e-10,1.81548497184e-20,4.96321892863,5.43557659315,3.69333184426,3.87618940249,SG,3500
203922.0,Glenn,Robinson III,13.4,1,MIA@IND,IND,MIA,,,10.9,11.0,29,0.683141918957,0.086140591045,1.04473464291,1.74898270906,0.892176928437,1.06183746362,0.428622020585,0.701135955116,1.95401439206,1.79971708191,0.262375936568,4.16305747844,1.21773532687,5.07954542726,16.0,5.33034576254e-06,1.77096018896e-14,8.77746484431,9.35692950528,5.04192185618,4.88787134602,SF,3500
1626149.0,Montrezl,Harrell,10.3,5,HOU@SAC,HOU,SAC,,,3.4,4.5,29,0.232592450131,0.173341793179,0.13105561269,0.790115733797,0.494128685221,0.777919861247,0.18840070754,0.355539404913,1.27204854647,1.07976917988,0.0360938987209,2.07944160132,0.520905189082,2.71653744756,7.0,1.56147619448e-08,1.90861771656e-21,4.95982997504,5.21924907761,3.43490865703,3.11046347595,PF,3500
203141.0,Mirza,Teletovic,4.8,5,DET@PHO,PHO,DET,,,4.2,4.75,29,0.481557804768,0.127489264297,1.99687879154,0.40169765375,0.275410006507,0.51943342542,0.200803070597,0.445222249528,0.794843431927,1.17003456834,0.650699884302,3.20603294118,0.259174970546,3.24994399154,9.0,7.28520059659e-10,8.62296453503e-20,5.13745523726,5.72515847687,4.34528815524,4.78797070969,PF,3500
1626179.0,Terry,Rozier,2.6,2,WAS@BOS,BOS,WAS,,,10.7,11.25,29,1.87381048325,0.252113533894,2.39127750397,1.04384712635,1.39336061453,2.62791013478,0.529348837356,1.12885308809,4.02127074931,3.13064440527,0.639600204043,8.20659146892,0.769049530747,7.66993854533,19.0,0.00325083079011,8.78954488994e-08,15.7402508238,16.8304175172,8.05771555756,8.14660070123,PG,3500
202066.0,Garrett,Temple,0.8,2,WAS@BOS,WAS,BOS,,,5.2,6.25,29,0.909482563696,0.135975229503,1.19531864921,0.772445545223,0.33084257594,0.385301195708,0.575941074217,0.568227914683,0.716143771649,0.983849372096,0.446600771221,2.5225729835,0.587270166381,3.0015696818,11.0,1.88809286753e-09,9.81148915793e-18,6.08077074608,6.62399228044,3.60994866528,3.83004811874,PG,3500
1626178.0,Rondae,Hollis-Jefferson,10.2,5,LAL@BKN,BKN,LAL,,,22.7,24.25,29,1.40426304898,0.657029000588,0.348338728869,1.34296470596,1.19668644096,4.54193022329,1.02094692698,1.42809258657,5.73861666425,2.63178225286,0.0959356302433,5.46949004957,0.826511759175,6.18601189513,25.0,0.0155845352269,3.81158509281e-08,17.1066057343,18.1789275931,6.67136334038,6.31622191514,SF,3500
203142.0,Chris,Copeland,8.1,5,MIL@NY,MIL,NY,,,3.9,4.0,29,0.538084197369,0.101288424357,2.10017593418,0.486774744445,0.224649401985,0.364972112414,0.125974405987,0.552760097397,0.589621514398,1.38841390908,0.719447535496,3.58941169115,0.384626058425,3.88090141208,9.0,9.68706204781e-11,2.34806198539e-20,5.2973390887,5.96292398101,4.7226348066,5.16041370704,SF,3500
1626153.0,Delon,Wright,0.2,1,TOR@ORL,TOR,ORL,,,0.0,0.0,29,0.0,0.0,0.0,0.0,0.0,0.0,0.0,0.0,0.0,0.0,0.0,0.0,0.0,0.0,0.0,,,0.0,,0.850069320469,,PG,3500
203998.0,Bruno,Caboclo,1.3,8,TOR@ORL,TOR,ORL,,,0.0,0.0,29,0.0,0.0,0.0,0.0,0.0,0.0,0.0,0.0,0.0,0.0,0.0,0.0,0.0,0.0,0.0,,,0.0,,0.779789282344,,SF,3500
,Martell,Webster,5.6,32,WAS@BOS,WAS,BOS,O,Hip,0.0,0.0,29,0.0,0.0,0.0,0.0,0.0,0.0,0.0,0.0,0.0,0.0,0.0,0.0,0.0,0.0,0.0,,,0.0,,0.779789282344,,SF,3500
203999.0,Nikola,Jokic,10.7,4,DEN@GS,DEN,GS,,,13.3,14.0,29,0.67576850505,0.392063092411,0.289401955262,1.35776851416,1.53979609731,2.28883954739,0.442688253303,1.07628939834,3.8286356447,2.56110538458,0.0797039107936,5.41027808197,0.893478060238,6.0953927402,17.0,0.00136072577953,4.13047806619e-12,12.2966215645,13.06809109,6.61688308906,6.26658222658,C,3500
204002.0,Walter,Tavares,2.2,1,ATL@NO,ATL,NO,,,0.0,0.0,29,0.0,0.0,0.0,0.0,0.0,0.0,0.0,0.0,0.0,0.0,0.0,0.0,0.0,0.0,0.0,,,0.0,,0.858591739527,,C,3500
203996.0,Damien,Inglis,4.8,3,MIL@NY,MIL,NY,,,0.0,0.0,29,0.0,0.0,0.0,0.0,0.0,0.0,0.0,0.0,0.0,0.0,0.0,0.0,0.0,0.0,0.0,,,0.0,,0.836925519881,,SF,3500
2581.0,Steve,Blake,9.0,4,DET@PHO,DET,PHO,,,11.2,12.75,29,3.73297400649,0.126526865254,2.6314560905,0.36067241011,0.218703809109,0.699954663496,0.369414652714,1.30767471324,0.918658472604,1.39931546344,0.837071935052,4.24786878728,0.257406002818,3.89310886475,18.0,0.00045892560118,2.35618009884e-11,10.2791683643,11.3981630006,5.24031562875,5.85094114991,PG,3500
203949.0,James Michael,McAdoo,5.1,5,DEN@GS,GS,DEN,,,8.9,9.0,29,0.360945648891,0.445334553815,0.0874092762345,1.93430268745,0.928645091403,1.27165592834,0.329163473902,0.466463656015,2.20030101975,1.58664590695,0.0240733036832,3.18266880483,1.00010922691,4.19747434449,10.0,7.21965304985e-06,4.83312740143e-16,8.46178644094,8.81708080126,4.68023896373,4.33872054954,PF,3500
1626154.0,RJ,Hunter,1.0,1,WAS@BOS,BOS,WAS,,,1.2,1.25,29,0.255485715409,0.0751197122307,0.647613615658,0.316831867606,0.155158645592,0.555741855358,0.145155863593,0.280462329247,0.710900500951,0.593108656744,0.133034733183,1.60793566968,0.23342440953,1.5526764562,5.0,1.57497013131e-11,4.09320228855e-24,2.94907445285,3.19136800914,2.50217773814,2.451414805,SG,3500
203928.0,Cory,Jefferson,8.5,50,DET@PHO,PHO,DET,,,0.0,0.0,29,0.0,0.0,0.0,0.0,0.0,0.0,0.0,0.0,0.0,0.0,0.0,0.0,0.0,0.0,0.0,,,0.0,,0.782773145959,,PF,3500
203112.0,Quincy,Acy,2.7,1,HOU@SAC,SAC,HOU,,,0.0,0.0,29,0.0,0.0,0.0,0.0,0.0,0.0,0.0,0.0,0.0,0.0,0.0,0.0,0.0,0.0,0.0,,,0.0,,0.71936048563,,PF,3500
203493.0,Reggie,Bullock,0.8,3,DET@PHO,DET,PHO,,,0.0,0.0,29,0.0,0.0,0.0,0.0,0.0,0.0,0.0,0.0,0.0,0.0,0.0,0.0,0.0,0.0,0.0,,,0.0,,0.512360411288,,SF,3500
1626174.0,Christian,Wood,4.0,3,PHI@CLE,PHI,CLE,,,0.0,0.0,29,0.0752887662782,0.0152479990043,0.104793398356,0.133819674468,0.0684253895269,0.0971766857176,0.0291673531115,0.0493070630763,0.165602075245,0.14524762254,0.0332172426164,0.345559346158,0.0990330758287,0.422745563525,1.0,8.32893112961e-20,1.25391552053e-37,0.773924844391,0.823467100999,1.33116184764,1.28936662811,PF,3500
200811.0,Louis,Amundson,14.6,53,MIL@NY,NY,MIL,GTD,Back,0.0,0.0,29,0.0,0.0,0.0,0.0,0.0,0.0,0.0,0.0,0.0,0.0,0.0,0.0,0.0,0.0,0.0,,,0.0,,0.92468939966,,PF,3500
1626164.0,Devin,Booker,8.9,3,DET@PHO,PHO,DET,,,0.0,0.0,29,0.0,0.0,0.0,0.0,0.0,0.0,0.0,0.0,0.0,0.0,0.0,0.0,0.0,0.0,0.0,,,0.0,,0.781811567851,,SG,3500
203921.0,Cleanthony,Early,2.0,4,MIL@NY,NY,MIL,,,0.0,0.0,29,0.0,0.0,0.0,0.0,0.0,0.0,0.0,0.0,0.0,0.0,0.0,0.0,0.0,0.0,0.0,,,0.0,,0.727093473212,,SF,3500
203508.0,Sergey,Karasev,0.5,2,LAL@BKN,BKN,LAL,,,0.0,0.0,29,0.0,0.0,0.0,0.0,0.0,0.0,0.0,0.0,0.0,0.0,0.0,0.0,0.0,0.0,0.0,,,0.0,,0.685005540039,,SF,3500
203898.0,Tyler,Ennis,4.9,1,MIL@NY,MIL,NY,,,12.3,13.0,29,2.88587200237,0.192487167868,1.5193155157,0.527875774902,0.375591104902,0.866930505238,0.607221125401,1.5303077075,1.24252161014,2.16412562695,0.423049678898,5.66581842324,0.416692590603,5.16799352341,17.0,0.000130986288762,1.02933774651e-10,11.0569363382,12.0959375916,5.9875288073,5.97914481927,PG,3500
203512.0,Lucas,Nogueira,3.8,6,TOR@ORL,TOR,ORL,GTD,Hamstring,0.0,0.0,29,0.0,0.0,0.0,0.0,0.0,0.0,0.0,0.0,0.0,0.0,0.0,0.0,0.0,0.0,0.0,,,0.0,,0.815584706332,,C,3500
1626155.0,Sam,Dekker,1.6,2,HOU@SAC,HOU,SAC,,,0.0,0.0,29,0.0,0.0,0.0,0.0,0.0,0.0,0.0,0.0,0.0,0.0,0.0,0.0,0.0,0.0,0.0,,,0.0,,0.824869165214,,SF,3500
101179.0,Ronnie,Price,10.2,5,DET@PHO,PHO,DET,,,12.2,13.25,29,1.73135979328,0.0804845836259,1.65762996639,0.590374841666,0.166294596854,0.43337343638,0.820179398088,0.641834426035,0.599668033233,1.13459956648,0.558403538547,2.96770698548,0.511142851545,3.33874552305,12.0,7.31912948961e-07,1.38992712172e-14,7.81488039024,8.44498387206,4.10631056652,4.42987683695,PG,3500
1626273.0,Marcelo,Huertas,8.1,4,LAL@BKN,LAL,BKN,,,0.0,0.0,29,0.0,0.0,0.0,0.0,0.0,0.0,0.0,0.0,0.0,0.0,0.0,0.0,0.0,0.0,0.0,,,0.0,,0.907006602875,,PG,3500
201619.0,Sasha,Kaun,2.9,2,PHI@CLE,CLE,PHI,,,0.0,0.0,29,0.0,0.0,0.0,0.0,0.0,0.0,0.0,0.0,0.0,0.0,0.0,0.0,0.0,0.0,0.0,,,0.0,,0.905047090032,,C,3500
203094.0,Andrew,Nicholson,0.2,1,TOR@ORL,ORL,TOR,,,0.0,0.0,29,0.0,0.0,0.0,0.0,0.0,0.0,0.0,0.0,0.0,0.0,0.0,0.0,0.0,0.0,0.0,,,0.0,,0.628909708163,,PF,3500
202390.0,Gary,Neal,10.3,4,WAS@BOS,WAS,BOS,,,1.2,2.25,29,1.12777962495,0.00848958841046,2.03909507808,1.62974116607,0.193441848919,0.389833748035,0.213060155156,0.876530594433,0.583275596954,2.70890168278,0.629210590754,6.96290393718,1.46803842824,7.51505238455,17.0,1.2181383856e-07,8.99420565351e-17,9.47322143102,10.2552559862,7.15168883034,7.24752427409,SG,3500
2210.0,Richard,Jefferson,11.5,5,PHI@CLE,CLE,PHI,,,19.2,21.75,29,1.31436194413,0.142020773539,3.63123356499,2.35591263802,0.309148363479,1.18605857967,0.521001102609,1.47006544008,1.49520694315,3.69389776032,1.75407985001,7.67175659402,1.70167525868,10.8435506293,29.0,3.44636715433e-06,3.36293814695e-12,14.4653201895,16.1521583513,8.73719197076,9.4331137404,SF,3500
