NBA_ID,First Name,Last Name,FPPG,Played,Game,Team,Opp,Status,Injury Details,Actual_FD,Actual_DK,Actual_MIN,AST,BLK,FG3A,FTA,OREB,DREB,STL,TOV,REB,FGM,FG3M,FGA,FTM,PTS,MIN,DD,TD,FD,DK,FD_std,DK_std,fd_Pos,fd_Salary
201566.0,Russell,Westbrook,51.3,5.0,OKC@CHI,OKC,CHI,,,44.6,47.5,0,10.642726215,0.203867866944,5.41884436671,8.26488970126,2.12183868437,4.08801910745,2.15125429004,5.42511605393,6.20985779182,10.8155180317,1.77083160198,23.69015266,6.97810160584,30.3799692713,39.0,0.714800914525,0.0611097616386,53.0810162041,58.2450135783,21.889600698,22.1107635778,PG,10800.0
201142.0,Kevin,Durant,42.1,5.0,OKC@CHI,OKC,CHI,,,48.7,52.0,0,3.80254805482,1.47270910937,7.06746346207,8.03633909081,0.514458672798,3.83968050472,0.786294146857,2.87405361772,4.35413917752,10.7923865308,2.9310615231,21.8297990858,7.03452292029,31.550357505,41.0,0.0196586053241,8.08421436378e-05,44.123099495,47.2730944587,20.3819770404,21.1568709037,SF,10000.0
203081.0,Damian,Lillard,40.6,5.0,MEM@POR,POR,MEM,,,37.7,41.25,0,5.86856331879,0.273709031674,7.40304824954,3.97528447266,0.402138119402,1.71142178939,1.06014835297,3.13416988778,2.11355990879,8.00753054,2.93574163676,17.565467961,3.45884587707,22.4096485938,33.0,0.0742128897911,5.4253433701e-06,33.2823103441,36.5342797125,16.8563306238,18.0628572121,PG,8900.0
203497.0,Rudy,Gobert,30.8,4.0,UTA@DEN,UTA,DEN,,,35.2,36.5,0,1.58815861564,3.65813980973,0.019270339262,4.14058374762,4.25538808595,6.94357489878,0.719582065035,1.88063399752,11.1989629847,3.62865716283,0.00319967166444,6.72364690422,2.32459973514,9.58511373246,35.0,0.395452950402,0.00176027237671,32.2809169896,34.3812422162,8.64210565231,8.21018684803,C,8100.0
202355.0,Hassan,Whiteside,36.1,4.0,MIA@MIN,MIA,MIN,,,23.8,27.75,0,0.384254570484,3.3754683777,0.0209018631909,3.13466704749,2.74746468064,6.24385712628,0.681425456974,2.36787892248,8.99132180692,6.26103579084,0.00575656126436,9.62739171983,1.72520245164,14.2530305946,30.0,0.360194832482,0.000921199242884,31.3649073655,33.5443470442,11.4216611695,10.7091140798,C,8000.0
202710.0,Jimmy,Butler,37.0,5.0,OKC@CHI,CHI,OKC,,,39.8,42.0,0,3.06214231477,0.704920684512,3.52109619101,7.27918760282,1.02546958414,3.27068376685,2.16178007603,0.888594144577,4.29615335098,6.9735052411,1.86330916644,14.9212167347,5.94620672533,21.756526374,38.0,0.0140216524909,1.74535582303e-05,36.3499312438,37.9617754063,14.7406469268,14.9748591501,SG,8000.0
202324.0,Derrick,Favors,37.4,4.0,UTA@DEN,UTA,DEN,,,8.6,9.25,0,0.649678749546,0.742094410733,0.0203449362564,2.44644627249,1.31209107312,2.02251436271,0.77681924154,0.689511715619,3.33460543583,3.22514628355,0.00333723181684,6.39115981699,1.59960956644,8.05323936535,15.0,0.000993355829417,1.99442510474e-11,15.3775996016,15.8922443809,7.98998248028,7.5715643738,PF,8000.0
2547.0,Chris,Bosh,32.1,4.0,MIA@MIN,MIA,MIN,,,34.4,37.5,0,1.53696648121,0.685365954446,3.34033991142,3.47590614682,0.698332150505,4.43323589216,0.906057334203,1.03485939835,5.13156804266,5.30145530319,1.25942647904,12.2953838088,2.83240299125,14.6947400767,28.0,0.0322496676532,1.64611856105e-07,25.3060586286,26.7581549648,11.9636338356,12.1863161527,PF,7900.0
201937.0,Ricky,Rubio,41.2,3.0,MIA@MIN,MIN,MIA,,,20.7,22.25,0,6.90774962861,0.0285140102263,1.65186070132,3.50711925335,0.470260531587,1.66005139116,1.48867876292,1.88987104072,2.13031192275,3.03799922736,0.428230723859,7.72759195185,3.04765151064,9.55188068922,24.0,0.091144354042,7.43772837988e-06,23.614393945,25.0166992677,8.07648024216,7.99865845954,PG,7700.0
2200.0,Pau,Gasol,29.6,5.0,OKC@CHI,CHI,OKC,,,30.0,32.0,0,2.63700363204,1.56324874041,0.589520603255,3.5919345104,2.54946754718,5.21501945338,0.589593319511,1.76077328034,7.76448700056,7.02709511855,0.0738493288055,13.9367966656,2.70165155586,16.8296911218,32.0,0.240626678122,0.000101986904825,32.64749181,34.3142734425,15.0702484881,14.6077902132,PF,7700.0
201188.0,Marc,Gasol,22.7,5.0,MEM@POR,MEM,POR,GTD,Neck,28.5,29.25,0,3.03392335161,1.09418341116,0.172666999472,4.2894924145,1.10728073817,2.92187744854,0.360651267892,1.58347912651,4.02915818671,5.10597612712,0.0152133195917,11.3212217829,3.40209394587,13.6292595197,28.0,0.00831557919491,8.73020445713e-06,24.3413246028,25.3546282946,12.6614193269,12.2908192083,C,7300.0
2744.0,Al,Jefferson,27.6,4.0,CHA@DAL,CHA,DAL,,,43.3,44.75,0,1.41428802676,1.17856488156,0.0415138306791,1.64358788702,1.78056112145,3.26507013587,0.729129591884,0.807140911719,5.04563125732,7.41102579436,0.0152598248501,14.2431599649,1.02305566142,15.860367075,27.0,0.0306269209831,9.04529241722e-08,27.0448046591,27.7542272431,15.7742221042,15.2819610155,C,7300.0
202689.0,Kemba,Walker,30.4,4.0,CHA@DAL,CHA,DAL,,,27.9,29.0,0,4.94318399904,0.502632854788,3.7923417145,4.38252223804,0.626876279819,1.56949442447,1.19592758168,1.49054906465,2.19637070429,4.96854789255,1.17697751563,12.9509898225,3.74999799742,14.8640712982,30.0,0.0265102360255,2.64525941181e-06,26.8210639502,28.3044190653,12.1661275686,12.4737806852,PG,7200.0
2548.0,Dwyane,Wade,31.9,4.0,MIA@MIN,MIA,MIN,GTD,Illness,38.0,39.75,0,4.51351547047,0.476959429225,1.78455049855,6.04813451619,0.776914222527,1.66992238344,1.30071202901,3.17495775559,2.44683660597,8.09534744947,0.721247427259,16.7418228043,4.85472376799,21.7666660942,31.0,0.0174660607245,4.06224954795e-06,31.853528388,33.9501840875,17.1034953679,16.81652467,SG,7100.0
201586.0,Serge,Ibaka,29.9,5.0,OKC@CHI,OKC,CHI,,,28.7,30.0,0,1.33706786402,3.26628889348,2.049305926,1.92516322249,3.00400169631,4.75141962759,0.468128103551,1.7897793326,7.7554213239,6.84484069038,0.715030284906,14.0591629578,1.43831210629,15.843023772,40.0,0.232644634012,0.000471079305381,32.8341858181,34.824741882,14.111730999,13.8725260342,PF,7100.0
201565.0,Derrick,Rose,19.7,5.0,OKC@CHI,CHI,OKC,,,42.0,43.25,0,6.34772977777,0.199618690606,4.13967336228,3.8524665298,0.564155620774,2.36574227364,0.559236884418,3.61095854639,2.92989789441,7.04946014912,0.958661530371,17.8553704643,3.2985893975,18.3561712261,37.0,0.106639337268,9.79186781197e-05,29.3003959697,31.8919536648,16.2119713741,16.2845705172,PG,6900.0
202702.0,Kenneth,Faried,30.8,4.0,UTA@DEN,DEN,UTA,,,24.0,24.5,0,1.27534036957,0.936043361364,0.05835109354,4.28441806613,3.52606740531,5.20600037525,0.675505743197,1.79831762453,8.73206778056,5.74964367659,0.00711660849645,10.3024238964,2.90296575766,14.4093697193,30.0,0.333031850904,3.50916354082e-07,28.225642195,30.0645115296,12.1250848789,11.6041416079,PF,6900.0
203952.0,Andrew,Wiggins,19.1,3.0,MIA@MIN,MIN,MIA,,,18.8,19.5,0,1.4835066209,0.415930413631,1.80753222459,5.67618565647,1.73163484799,1.63843558295,0.753301871262,2.09784078526,3.37007043094,4.97168227552,0.35353126849,13.5327786818,4.42685389437,14.7237497139,31.0,0.00228468504772,8.51297611907e-09,21.2337179469,22.6313345484,13.239455171,13.0688470579,SF,6900.0
202330.0,Gordon,Hayward,20.2,4.0,UTA@DEN,UTA,DEN,,,30.1,31.25,0,3.15978916557,0.298148947863,3.95588474363,5.30347705262,0.658537667917,1.70440149319,1.10227753268,2.35133271713,2.36293916111,5.76455347362,1.37633724446,13.8712130499,4.13090013375,17.0363443254,34.0,0.00168149613829,2.70276568353e-07,25.0610753111,27.045580305,13.2738706634,13.5793731393,SF,6800.0
2216.0,Zach,Randolph,22.4,5.0,MEM@POR,MEM,POR,,,30.0,33.5,0,1.75865239626,0.0994431626641,0.236321163808,3.64330373092,2.9469650758,5.42929582297,0.665531441152,2.46784763808,8.37626089877,6.42382257253,0.0460386961423,13.330459369,2.76056229251,15.6542461337,33.0,0.304110011016,4.85029042137e-06,27.4058393762,29.5377751556,14.6840816575,14.2767576976,PF,6800.0
201568.0,Danilo,Gallinari,29.5,4.0,UTA@DEN,DEN,UTA,,,29.5,29.75,0,1.99497113809,0.925264628461,5.45753098534,6.37617592138,1.51789117428,2.29106164003,0.931647590593,0.975747980854,3.80895281431,5.8235346414,1.9077093671,14.5044605896,5.54119058733,19.0959692372,37.0,0.00575434389532,2.60723953626e-07,29.3972457788,31.0380543915,13.8417942511,14.595564427,SF,6700.0
101114.0,Deron,Williams,25.2,3.0,CHA@DAL,DAL,CHA,,,27.1,27.75,0,5.87489939699,0.129912026378,3.17415922067,2.56577036995,0.318494604549,1.43254306196,0.713669873362,1.59379266378,1.75103766651,4.3514199016,1.08690983188,10.5092440576,2.25409627389,12.043845909,28.0,0.0564649054147,8.68225789594e-07,23.05081134,24.5634144339,10.291723678,10.5403257409,PG,6700.0
1717.0,Dirk,Nowitzki,32.4,4.0,CHA@DAL,DAL,CHA,,,21.2,21.5,0,1.70599495228,0.406580479732,3.29865404105,3.22171355483,0.659381154377,3.46439104229,0.640286797568,0.827346174969,4.12377219667,6.12169982138,1.4345335347,12.6005127324,2.99875154687,16.6766847243,28.0,0.0092116836336,1.13504210098e-07,25.4505921684,26.801538499,12.4855548334,12.6416504134,PF,6600.0
202683.0,Enes,Kanter,23.7,5.0,OKC@CHI,OKC,CHI,,,23.1,24.0,0,0.798490079277,0.410214138972,0.32424805622,2.06517832868,3.3208607104,4.41167543803,0.209130045965,1.78829025887,7.73253614843,5.14363677188,0.165377852265,9.78302216686,1.68591373456,12.1385651306,22.0,0.191733812098,2.70491484897e-09,22.0657417386,23.7168033279,11.1555376497,10.7200378785,C,6600.0
201144.0,Mike,Conley,28.1,5.0,MEM@POR,MEM,POR,,,11.9,13.0,0,6.05757874851,0.0931710782859,3.52435262036,3.90031443693,0.476894767496,1.49856042515,1.06774510078,1.87443874378,1.97545519265,4.7838642722,1.26987598555,11.1400324252,3.47478261007,14.31238714,31.0,0.0759993818007,3.20636904091e-06,26.2166951083,28.0016339244,11.0038583968,11.3203932049,PG,6600.0
201587.0,Nicolas,Batum,29.3,4.0,CHA@DAL,CHA,DAL,,,27.4,28.25,0,4.71195157251,0.600136790497,4.91586397925,2.39955023366,1.29048935017,3.49445765251,1.06756980924,2.41575065263,4.78494700268,3.92603695273,1.55282895661,10.2416161061,2.18796350433,11.5928663664,34.0,0.0336996428812,0.00039515820127,25.3223926752,27.5976647689,10.3033488871,11.1350157851,SF,6600.0
1626157.0,Karl-Anthony,Towns,34.2,3.0,MIA@MIN,MIN,MIA,,,18.3,18.5,0,0.982326286206,1.61223351733,0.613860459701,1.8089325794,1.12192115847,4.81893634781,0.441015113665,1.38452736838,5.94085750628,4.37520760227,0.194580499748,9.26403080067,1.45039277371,10.395388478,22.0,0.0510247627008,3.93782263564e-07,21.7198768084,22.8830119432,10.2434338554,9.8913252011,C,6600.0
202718.0,Chandler,Parsons,11.5,2.0,CHA@DAL,DAL,CHA,,,5.2,5.25,0,1.12944149596,0.0988194994632,2.24350646941,1.26097143855,0.464448453144,0.603841202494,0.493178429594,0.637751237175,1.06828965564,2.30685064668,0.806349793133,5.4174588699,0.778328958984,6.19838004548,14.0,1.33950367422e-07,1.69371858569e-14,9.72073449712,10.496199696,6.1830757446,6.46181364539,SF,6400.0
203468.0,C.J.,McCollum,33.1,5.0,MEM@POR,POR,MEM,,,31.3,34.0,0,2.55261925629,0.187587147187,5.09601314189,2.29511882023,0.598528462452,1.87675617159,0.975741621255,1.59555774313,2.47528463405,6.26698824648,2.20828667263,13.7061583025,1.74416614961,16.4864293152,30.0,0.000532081834982,7.64468013781e-08,24.0167995543,26.0432843459,13.3517817933,14.0886685046,SG,6400.0
201609.0,Goran,Dragic,24.9,4.0,MIA@MIN,MIA,MIN,,,22.6,24.25,0,4.57705416127,0.414006479541,2.92219451769,3.02365642987,0.931162262739,1.66911391241,1.03170182736,2.06073197328,2.60027617515,5.62450098942,1.10887767789,11.3408705522,2.56557821258,14.9234578693,33.0,0.0170740148287,6.29641500583e-06,25.7400551619,27.4805037077,11.4337395777,11.4534459731,PG,6300.0
201163.0,Wilson,Chandler,24.6,78.0,UTA@DEN,DEN,UTA,O,Hip,0.0,0.0,0,0.0,0.0,0.0,0.0,0.0,0.0,0.0,0.0,0.0,0.0,0.0,0.0,0.0,0.0,0.0,,,0.0,,0.647602079227,,SF,6200.0
202703.0,Nikola,Mirotic,25.3,5.0,OKC@CHI,CHI,OKC,,,6.3,7.5,0,0.717701804884,0.4378525964,3.35192091536,2.31347173187,0.543016537533,1.60753736424,0.496038687935,1.109752225,2.15055390177,2.34092410543,1.10659417851,6.04617209183,1.91585051012,7.70429289948,16.0,3.24718002137e-05,1.75977677714e-13,12.1195406326,13.3352902371,7.0713262193,7.70569981317,SF,6000.0
1626144.0,Emmanuel,Mudiay,23.4,4.0,UTA@DEN,DEN,UTA,,,17.9,20.25,0,5.22787657891,0.594290911658,3.80059401097,3.20919671833,0.743480955991,3.48398217139,0.877876410816,3.80130324485,4.22746312738,4.65482535767,1.50742649875,12.0603922768,2.19592816755,13.0130053816,30.0,0.0418054286049,0.000376738709033,25.070807403,28.0003837902,11.4789711258,11.9632325628,PG,5700.0
202329.0,Al-Farouq,Aminu,27.0,5.0,MEM@POR,POR,MEM,,,30.5,34.0,0,1.75497596635,1.09497078218,3.15765937002,3.25970120174,2.0413708115,5.10903296859,1.11814702859,1.96804408612,7.15040378009,4.25345306494,1.15813715024,9.51161047472,2.25630042427,11.9213437044,33.0,0.136612790465,2.21675559489e-06,25.5924837254,27.7180203686,9.76234408832,10.0403741105,SF,5700.0
203897.0,Zach,LaVine,16.3,3.0,MIA@MIN,MIN,MIA,,,6.9,9.0,0,3.17681428826,0.0761519812302,1.62199606485,1.95682195273,0.28740364573,0.932291273967,0.479568494424,2.11775342394,1.2196949197,3.00312130975,0.488858987804,7.25367283313,1.74695271733,8.24205432463,20.0,0.000734581402103,4.89196139253e-10,13.464597188,14.8299900134,7.61971554163,7.54247385503,SG,5700.0
202083.0,Wesley,Matthews,14.7,3.0,CHA@DAL,DAL,CHA,,,13.2,14.75,0,1.5651439007,0.0777454409126,5.54306651884,2.32873405247,0.487991670647,0.973540154778,0.779337628376,0.918786777052,1.46153182542,3.67138820393,2.10225744565,9.02034426508,1.6616496672,11.1066835207,26.0,6.13857451078e-06,1.29805334792e-11,16.0036169238,17.5872248343,10.4048336463,11.651170106,SG,5600.0
203504.0,Trey,Burke,17.5,4.0,UTA@DEN,UTA,DEN,,,14.9,17.5,0,2.53782707844,0.0751541735206,2.89416642817,1.18675160152,0.311297033343,0.831120871743,0.700039496313,1.31198652485,1.14241790509,3.54024660953,0.935087310322,8.73383486535,1.00762383552,9.0232043649,20.0,0.000159440077293,5.97558748698e-11,14.4392472835,15.6201442566,8.68645895105,8.93065911359,PG,5400.0
202692.0,Alec,Burks,23.0,4.0,UTA@DEN,UTA,DEN,,,26.6,28.75,0,2.69255671482,0.100334901729,1.79122942438,5.33523096064,0.584272487994,2.26267432823,0.759025645372,1.72903805418,2.84694681623,5.01917497262,0.687915428961,11.875135177,4.25103970111,14.9773050753,31.0,0.00111329255626,3.29935266245e-07,22.422159367,23.7746543781,12.1164256801,12.0016932744,SG,5400.0
2736.0,Luol,Deng,18.5,4.0,MIA@MIN,MIA,MIN,,,19.3,20.0,0,1.44563344325,0.412933658772,2.94875767711,2.41147381797,1.29590702333,1.9515071268,0.68444004568,1.04952725964,3.24741415013,4.17121346663,0.94516761763,9.51970208595,1.75903651671,11.0466310676,28.0,0.00133219906352,3.96086860221e-09,18.2571983619,19.4189148185,9.55703648297,9.70654719121,SF,5300.0
203486.0,Mason,Plumlee,24.2,5.0,MEM@POR,POR,MEM,,,28.9,29.5,0,1.58128491594,0.755408977997,0.0210559925865,3.52722384336,2.06854247633,3.58160209855,0.83149516115,1.71208952263,5.65014457487,3.65103952277,0.00136952031725,5.93127123089,1.36241714529,8.66586571115,22.0,0.0298543108956,1.93609941837e-07,19.2796853306,20.463704128,7.86364252879,7.27081243793,C,5100.0
2755.0,Kevin,Martin,22.7,3.0,MIA@MIN,MIN,MIA,GTD,Personal,15.6,16.75,0,1.27745153115,0.0161192503826,3.61569780981,5.7810541016,0.238244970884,1.10439014378,0.516362742326,1.6026231203,1.34263511466,5.33580062687,1.21657471015,12.1788807495,5.01516715723,16.9033431211,27.0,2.41546014305e-06,1.47556253845e-12,19.8930234206,21.3697577147,12.0006540521,12.2266481785,SG,5100.0
2585.0,Zaza,Pachulia,21.5,4.0,CHA@DAL,DAL,CHA,,,33.0,36.0,0,2.13626112239,0.445235155182,0.0244952242435,3.51569268249,3.27891884138,4.26275977013,1.02246849129,2.01588362331,7.5416786115,3.17026554346,0.0,7.66134908671,3.05212794473,9.39265903165,26.0,,,22.5665887187,,8.9419954667,,C,5100.0
201945.0,Gerald,Henderson,20.5,80.0,MEM@POR,POR,MEM,O,Hip,0.0,0.0,0,0.0,0.0,0.0,0.0,0.0,0.0,0.0,0.0,0.0,0.0,0.0,0.0,0.0,0.0,0.0,,,0.0,,0.645321836294,,SG,5100.0
203115.0,Will,Barton,22.1,4.0,UTA@DEN,DEN,UTA,,,22.3,22.5,0,1.27436041132,0.431674618819,1.92628636252,2.41849446396,0.625585366051,1.36848501046,1.02199789999,0.741619311892,1.99407037651,3.29735059703,0.484984938259,7.76472648445,2.04307973968,9.122765872,20.0,2.44111394842e-05,2.67268128876e-11,15.5929166665,16.3059589272,8.04927357719,7.95011948407,SG,5000.0
202334.0,Ed,Davis,18.3,5.0,MEM@POR,POR,MEM,,,20.6,21.5,0,1.01533469627,0.980926743239,1.04007155071e-05,2.69630016513,2.56924621656,4.35444465478,0.563288928551,0.723138287326,6.92369087134,3.04826680609,1.28770763422e-06,5.08456174193,1.25916329983,7.35569819971,23.0,0.0561893475532,1.24736162527e-08,19.552422346,20.3444607358,6.94500692966,6.40748141093,PF,5000.0
202391.0,Jeremy,Lin,22.7,4.0,CHA@DAL,CHA,DAL,,,13.2,15.25,0,2.82513574277,0.414797175367,2.06360649139,2.65017417062,0.388120971061,0.698688627854,0.675618263732,1.56090595732,1.08680959892,2.45874371921,0.782915422471,6.11645110077,2.30169880653,8.00210166741,17.0,0.000292322053576,7.00962445308e-11,14.1639017211,15.3905913743,6.73776065137,6.95474109475,PG,4900.0
201593.0,Nikola,Pekovic,23.5,31.0,MIA@MIN,MIN,MIA,O,Achilles,0.0,0.0,0,0.0,0.0,0.0,0.0,0.0,0.0,0.0,0.0,0.0,0.0,0.0,0.0,0.0,0.0,0.0,,,0.0,,0.771302157252,,C,4800.0
101107.0,Marvin,Williams,26.1,4.0,CHA@DAL,CHA,DAL,,,35.4,39.5,0,1.95596755996,0.773293438795,4.53140342866,1.17359560665,1.35924224089,4.4008507244,0.536399331919,1.06062232015,5.76009296529,3.83956784514,1.82418849878,8.65994846283,0.882873884402,10.3861980735,32.0,0.0420995060572,1.62922640405e-06,21.791024193,23.5845883975,9.57231377534,10.476663902,PF,4800.0
2749.0,Jameer,Nelson,19.0,4.0,UTA@DEN,DEN,UTA,,,11.2,12.25,0,3.78433381375,0.0446442957864,3.25212286373,0.702869452136,0.311374593889,1.03148083637,0.618652372436,1.56924891172,1.34285543025,2.37441545776,1.02062194101,6.73376859426,0.545155710761,6.31460856729,19.0,0.00148656049567,2.32075460261e-09,13.3598802289,14.7241882745,7.08025698959,7.66116366982,PG,4700.0
203079.0,Dion,Waiters,16.1,5.0,OKC@CHI,OKC,CHI,,,10.5,11.25,0,1.96968034196,0.213936319704,2.46700746293,1.69395707468,0.760566035428,2.03445307312,0.888040838541,1.48578077723,2.79501910855,3.71693973461,0.802090982013,9.39090891692,1.17352931986,9.4094997711,27.0,0.000378541354534,1.46163770477e-08,16.4362167536,17.7204714445,9.21217922969,9.32067519921,SG,4700.0
2754.0,Tony,Allen,17.4,5.0,MEM@POR,MEM,POR,,,10.7,10.75,0,1.37478054394,0.485218378315,0.744642022293,1.21292411575,1.65152306541,2.30149993741,1.77219029673,1.04614248781,3.95302300282,3.0802005853,0.165055289369,6.85622034265,0.741201320072,7.06665778004,24.0,0.00240900352556,4.54939154517e-08,17.3411310616,18.1479947421,7.66276735221,7.3482163838,SG,4700.0
203086.0,Meyers,Leonard,13.6,5.0,MEM@POR,POR,MEM,GTD,Ankle,23.0,23.75,0,1.242018327,0.665002318744,3.35003274488,1.38384236757,1.20074847375,2.5008714126,0.358827621241,1.09334305667,3.70161988635,3.36530209681,0.918920355115,7.59654487795,1.229547012,8.87907156074,27.0,0.00242248103951,1.90191793448e-09,16.1383597382,17.3332061656,7.95781005834,8.24185809726,C,4600.0
200826.0,Jose Juan,Barea,19.9,4.0,CHA@DAL,DAL,CHA,,,16.0,17.5,0,4.57894682308,0.00815834961016,2.69241070718,1.67922067564,0.426748190769,0.724308202014,0.367790624928,1.43071102216,1.15105639278,3.33640508615,0.880873136257,8.10274937414,1.36376942413,8.9174527327,21.0,0.00953395933243,3.78535001992e-09,16.4883275656,17.7159734148,8.25198115105,8.4654102226,PG,4500.0
203476.0,Gorgui,Dieng,13.0,3.0,MIA@MIN,MIN,MIA,,,20.2,22.0,0,1.35113383033,1.43086217712,0.0480066832208,2.47286933415,2.11295882068,3.19751004147,0.890130457026,1.54629391649,5.31046886216,3.36737797378,0.0100190092419,6.69613383138,1.92567512806,8.67045008485,26.0,0.02157944695,9.50542526994e-08,20.1654048167,21.2414541783,8.26469319721,7.84760468867,C,4500.0
203918.0,Rodney,Hood,23.1,4.0,UTA@DEN,UTA,DEN,,,16.2,17.75,0,2.29042411247,0.228818202576,3.95482100735,1.2802590804,0.366909462295,0.90271647465,0.761168727916,1.03770939626,1.26962593695,4.00239954997,1.21156987705,9.24019077712,1.04485190111,10.2612208781,23.0,8.59988327325e-05,8.20184947428e-11,16.1626726359,17.3509225679,9.35594868906,9.81589365276,SG,4500.0
2734.0,Devin,Harris,18.9,4.0,CHA@DAL,DAL,CHA,,,1.7,3.25,0,2.32920334017,0.237534916594,3.07436398884,2.34410879712,0.309235368809,1.10038023393,0.900289844192,1.12904477892,1.40961560274,2.4760128179,0.87049144477,6.51771262053,1.61583959477,7.43835667535,20.0,5.82949725099e-05,1.3954629056e-10,13.7703051516,14.8406414864,7.05406422748,7.46966568368,SG,4400.0
201145.0,Jeff,Green,14.9,5.0,MEM@POR,MEM,POR,,,9.4,10.0,0,1.45485269597,0.217866714098,2.36140933574,2.06463861457,0.409387099232,1.28282550768,0.364957571772,1.01832262476,1.69221260691,2.89145256658,0.764162618093,7.18868700805,1.6495605938,8.19662834505,20.0,6.36434282968e-06,1.57158121576e-11,12.5568884643,13.5327512626,7.47551539044,7.6521913788,SF,4400.0
203087.0,Jeremy,Lamb,23.7,3.0,CHA@DAL,CHA,DAL,,,20.8,22.0,0,1.69456269429,0.53525170271,4.29357795457,1.39985358654,0.411078639931,1.29890337025,0.7340751115,0.882235096197,1.70998201018,4.86478845321,1.69461731375,10.1321192891,1.15700668918,12.5812009093,24.0,1.8521052561e-05,1.12136422886e-10,18.8314418952,20.2053949826,10.4995345692,11.0976327733,SG,4300.0
201959.0,Taj,Gibson,13.3,5.0,OKC@CHI,CHI,OKC,,,22.3,22.5,0,1.00092918144,1.04253528314,0.00354060258723,2.19512297228,1.82240795108,2.58328254849,0.290559962386,1.15936007407,4.40569049957,3.30150665346,5.91748874498e-07,6.0996031948,1.43190446502,8.03491836368,22.0,0.00627623964315,1.72603958624e-09,16.3299711523,17.1393503748,7.77648444793,7.30209789117,PF,4200.0
201149.0,Joakim,Noah,14.5,5.0,OKC@CHI,CHI,OKC,,,20.9,21.75,0,3.90669928592,0.979423517447,0.0153450796874,1.98425328323,2.48696138797,3.86775719492,0.682822463162,2.05287863758,6.35471858289,2.11885759813,0.0,4.98785194816,1.0556933519,5.29340854816,26.0,,,20.0507331002,,6.27164482316,,C,4200.0
201166.0,Aaron,Brooks,15.4,5.0,OKC@CHI,CHI,OKC,,,11.4,12.0,0,1.85602450204,0.123224241185,2.67247167827,0.783544125054,0.31504372952,0.528782021331,0.413484072199,0.82771460592,0.843825750851,2.58492375767,0.98528832804,5.9825385786,0.65437208976,6.80950793314,13.0,7.68931503851e-06,1.80595558027e-13,10.8518376081,11.8005418966,6.75620165207,7.14976622478,PG,4200.0
2549.0,Chris,Kaman,18.3,74.0,MEM@POR,POR,MEM,,,0.0,0.0,0,0.192971919492,0.156702596166,0.00156381614442,0.291203054775,0.400634018903,0.400634018903,0.0517034727187,0.31014369296,0.801268037805,0.805667257736,0.0,1.61234865934,0.208008358186,1.81934287366,4.0,,,3.17699084307,,2.88746249431,,C,4200.0
2399.0,Mike,Dunleavy,17.8,63.0,OKC@CHI,CHI,OKC,O,Back,0.0,0.0,0,0.0,0.0,0.0,0.0,0.0,0.0,0.0,0.0,0.0,0.0,0.0,0.0,0.0,0.0,0.0,,,0.0,,0.594152155376,,SF,4200.0
203500.0,Steven,Adams,17.8,5.0,OKC@CHI,OKC,CHI,,,18.7,19.0,0,0.935886104641,1.46463659915,0.0145053269661,2.07927586388,2.35394336115,3.13289358604,0.517189724421,1.33016322317,5.48683694718,2.81813638498,0.00141811376192,4.79420040056,1.05421908724,6.69190997096,25.0,0.0148079174279,5.02399242283e-08,17.3134328885,18.2757774312,6.55297713946,6.02713133566,C,4200.0
201148.0,Brandan,Wright,16.8,5.0,MEM@POR,MEM,POR,,,12.8,13.0,0,0.559702522758,1.32072791038,0.0202233249217,2.00002502385,1.33450476734,2.10032669305,0.363604276803,0.516817042173,3.43483146039,2.92709699248,1.91402424048e-06,4.60878199761,1.23290782237,7.08710372134,18.0,0.000929296933097,1.25258237963e-09,14.9003025901,15.3318475904,6.44645700349,5.83882118285,C,4100.0
201571.0,D.J.,Augustin,15.5,5.0,OKC@CHI,OKC,CHI,,,11.1,11.25,0,2.32703372513,0.0646565639522,1.75473415945,1.55693568147,0.188026948813,0.653897089693,0.418381712098,1.18382638058,0.841924038505,1.94385976515,0.733862800463,4.44667832373,1.33806290123,5.95964523199,14.0,3.52162763351e-05,8.10824573904e-13,10.2427548374,11.2437484543,5.46347656194,5.69543442978,PG,4100.0
202344.0,Trevor,Booker,8.4,3.0,UTA@DEN,UTA,DEN,,,31.3,32.75,0,1.28743883024,0.706930387262,1.1167921704,1.66531450555,2.42420311212,3.0880846849,0.837561769318,1.11193498257,5.51228779702,3.64801400085,0.418801088553,8.377419236,0.970351237949,8.6851803282,28.0,0.0262141225889,2.88998068489e-08,19.2081332606,20.2884369566,8.91218150681,8.72038027027,PF,4000.0
201584.0,Courtney,Lee,17.4,5.0,MEM@POR,MEM,POR,,,22.4,24.0,0,1.34258852057,0.168230395026,3.46176035384,2.44950271716,0.57212347867,1.0128568476,1.1571418393,0.824639368159,1.58498032626,3.86727942736,0.978940478506,9.18022090027,2.1662223139,10.8797216471,30.0,5.72217346792e-06,9.12395568886e-12,16.62168592,17.6027334429,9.16146024424,9.4426438654,SG,4000.0
203914.0,Gary,Harris,15.9,4.0,UTA@DEN,DEN,UTA,,,11.4,13.5,0,1.65180474888,0.360790848039,3.19736216497,1.43970123926,0.667147168296,1.83981931119,1.36852456154,1.61890182477,2.50696647948,2.90774703235,0.853368907301,7.90752752295,0.983653982577,7.65251695458,28.0,0.000112953786259,1.22561451523e-09,14.9783128477,16.3399659721,7.82989954031,8.18324159878,SG,4000.0
203994.0,Jusuf,Nurkic,18.0,62.0,UTA@DEN,DEN,UTA,O,Knee,0.0,0.0,0,0.0,0.0,0.0,0.0,0.0,0.0,0.0,0.0,0.0,0.0,0.0,0.0,0.0,0.0,0.0,,,0.0,,0.959889227623,,C,4000.0
203939.0,Dwight,Powell,22.9,4.0,CHA@DAL,DAL,CHA,,,30.3,30.75,0,1.17909667344,0.589469826658,0.685824228382,3.25235437589,1.58712706175,3.92404074206,0.759074291594,0.980008988357,5.51116780381,3.66572124364,0.187860655158,7.97856906507,2.17680656329,9.69610970573,23.0,0.0316512372426,1.58919655254e-08,19.7952353286,20.7022054441,9.02244595679,8.70351614827,PF,4000.0
203498.0,Shabazz,Muhammad,9.4,3.0,MIA@MIN,MIN,MIA,,,23.7,24.5,0,0.84917055634,0.21539026358,1.36217100799,3.97488280547,1.55578762102,1.94734783184,0.461402587376,0.974964088639,3.50313545285,4.52685262169,0.431964925322,9.58233793615,2.94171526129,12.42738543,23.0,0.00261862633238,6.53872262355e-11,18.2835254212,19.1660746405,10.2983877495,10.0299464359,SF,4000.0
708.0,Kevin,Garnett,12.4,3.0,MIA@MIN,MIN,MIA,,,6.3,6.5,0,0.83398050687,0.212988178851,0.0548727510098,0.571006954168,0.458168767913,1.19090210561,0.518800207612,0.40947483657,1.64907087352,1.3602417259,0.00740903314408,3.13586297417,0.402107157063,3.129999642,11.0,2.44347621519e-07,5.1952976348e-15,7.41395738689,7.70485323194,4.2858709268,4.00103684918,PF,4000.0
203530.0,Joffrey,Lauvergne,21.9,3.0,UTA@DEN,DEN,UTA,GTD,Back,0.0,0.0,0,0.0,0.0,0.0,0.0,0.0,0.0,0.0,0.0,0.0,0.0,0.0,0.0,0.0,0.0,0.0,,,0.0,,0.887919704646,,PF,4000.0
201581.0,J.J.,Hickson,18.3,2.0,UTA@DEN,DEN,UTA,,,15.9,18.25,0,1.12535106537,0.814568357569,0.0319714608974,3.73921952864,2.3629206943,3.38435860595,0.59550087769,1.7429281418,5.74727930025,4.33481390714,0.0,8.25014031734,1.78039976047,10.4500275748,25.0,,,20.1119996618,,9.99075383625,,PF,3900.0
203926.0,Doug,McDermott,14.1,5.0,OKC@CHI,CHI,OKC,,,10.2,10.75,0,0.847326202285,0.0782467327153,3.57078787714,0.902990001054,0.473245467705,1.05336151221,0.383368726741,1.26360586276,1.52660697991,3.53876191627,1.54772121064,7.94991863809,0.66725052403,9.2924955672,23.0,2.53708989966e-06,6.16138958618e-14,12.0550383027,13.537035994,8.59373900207,9.24145872723,SF,3900.0
2405.0,Amar'e,Stoudemire,5.6,1.0,MIA@MIN,MIA,MIN,GTD,Knee,0.0,0.0,0,0.0,0.0,0.0,0.0,0.0,0.0,0.0,0.0,0.0,0.0,0.0,0.0,0.0,0.0,0.0,,,0.0,,0.764982710592,,PF,3900.0
2757.0,Beno,Udrih,13.5,5.0,MEM@POR,MEM,POR,,,18.0,18.5,0,3.00997601115,0.113271656978,1.24836470415,0.845291295768,0.138727745169,0.495645501135,0.491777345469,1.08970911043,0.634373246305,2.62198377474,0.424839680816,5.47986936825,0.745708624457,6.41451585474,16.0,0.00029675900538,5.28870560705e-13,11.8111166615,12.6005548579,6.30262678899,6.13449335083,PG,3900.0
203469.0,Cody,Zeller,15.3,4.0,CHA@DAL,CHA,DAL,,,20.6,20.75,0,0.850502655935,0.519210507437,0.149686439846,2.08828083723,1.40986796929,2.04454292308,0.692850823209,0.718483793193,3.45441089237,2.26627333339,0.00861360395628,4.78270134482,1.64386294336,6.1850232141,19.0,0.000684233783137,2.00115701308e-11,13.3117091369,13.8490047309,6.16446450692,5.79891380497,PF,3900.0
101109.0,Raymond,Felton,16.2,4.0,CHA@DAL,DAL,CHA,,,7.9,10.0,0,3.30989357162,0.21302924851,2.40291914057,0.998288977219,0.41673670279,0.745112269253,0.737067002199,1.65224681623,1.16184897204,3.51330785219,0.791315696581,8.347041375,0.799684019517,8.61761542048,24.0,0.00106422626589,4.66409270095e-10,15.2246202296,16.5060902754,8.4333554791,8.53280172661,PG,3900.0
201627.0,Anthony,Morrow,6.3,5.0,OKC@CHI,OKC,CHI,,,0.0,0.0,0,0.1411382117,0.0220324317606,0.901947958157,0.177624715161,0.0779055190539,0.163995621458,0.212443671482,0.121561253515,0.241901140512,0.689393888181,0.377852800166,1.57706063727,0.156752890181,1.91339346671,5.0,2.25245463074e-15,7.62658847622e-29,2.76277310584,3.02457518971,2.82176292652,3.04082201849,SG,3800.0
203098.0,John,Jenkins,13.4,2.0,CHA@DAL,DAL,CHA,,,5.9,6.0,0,0.239227883098,0.0157979241536,0.585045189251,0.237121448903,0.0575726111085,0.131179663529,0.0783436961421,0.172038994574,0.188752274637,0.59354382181,0.195845490211,1.3227468485,0.207343641647,1.59027677548,4.0,6.6197057884e-16,8.03614044521e-30,2.19186557571,2.38524543183,2.44766715698,2.44769614277,SG,3800.0
204020.0,Tyler,Johnson,14.3,3.0,MIA@MIN,MIA,MIN,,,16.3,17.5,0,2.01099960723,0.380195746402,1.95710885279,2.15624482455,0.981962278879,1.52898669091,1.19871802414,1.12812217766,2.51094896979,3.11972450588,0.724310377572,6.78585752088,1.40887334562,8.37263273494,25.0,0.000151781183145,6.38792112555e-09,16.4319762729,17.48396769,7.4357640272,7.46807938004,PG,3800.0
201580.0,JaVale,McGee,9.1,23.0,CHA@DAL,DAL,CHA,O,Leg,0.0,0.0,0,0.0,0.0,0.0,0.0,0.0,0.0,0.0,0.0,0.0,0.0,0.0,0.0,0.0,0.0,0.0,,,0.0,,0.88414802411,,C,3700.0
203459.0,Allen,Crabbe,8.9,5.0,MEM@POR,POR,MEM,,,17.7,18.75,0,1.12212209481,0.251688209353,2.48847859405,0.624501242034,0.281031207803,0.750891053555,0.731691125572,0.670647455148,1.03192226136,2.15266769111,0.755408398103,5.47296257507,0.466392532621,5.52713631294,21.0,9.10420160162e-08,9.62469300013e-15,9.74473738348,10.5093615597,6.05048462419,6.37837645063,SG,3700.0
201596.0,Mario,Chalmers,13.3,4.0,MIA@MIN,MIA,MIN,,,0.0,0.0,0,0.0,0.0,0.0,0.0,0.0,0.0,0.0,0.0,0.0,0.0,0.0,0.0,0.0,0.0,0.0,,,0.0,,0.837637003536,,PG,3700.0
203210.0,JaMychal,Green,14.5,5.0,MEM@POR,MEM,POR,,,13.6,14.75,0,0.254751585273,0.262736264154,0.508315148715,0.814231364243,1.12974140687,1.55991517978,0.316238835424,0.684635054332,2.68965658665,1.53584154325,0.135953956301,3.17363677932,0.605506824442,3.81314386725,10.0,2.86950342746e-05,7.63467266087e-17,7.89617429396,8.44099467116,4.33384342633,4.05329878713,PF,3700.0
1626171.0,Bobby,Portis,11.4,1.0,OKC@CHI,CHI,OKC,,,0.0,0.0,0,0.0,0.0,0.0,0.0,0.0,0.0,0.0,0.0,0.0,0.0,0.0,0.0,0.0,0.0,0.0,,,0.0,,0.808559151967,,PF,3700.0
1626163.0,Frank,Kaminsky,7.6,4.0,CHA@DAL,CHA,DAL,,,0.0,0.0,0,0.399700602199,0.0500931166594,0.547630103753,0.200594162763,0.152075240149,0.617645085077,0.145416562219,0.19697579583,0.769720325226,0.64562221338,0.237653384019,1.47481949639,0.147786819401,1.67668463018,5.0,5.95834958723e-11,1.18660064726e-21,3.39394348568,3.64974409195,2.59846793944,2.65237702799,PF,3700.0
1626159.0,Justise,Winslow,12.0,4.0,MIA@MIN,MIA,MIN,,,16.6,17.25,0,2.06730207717,0.393441120866,2.74669976288,0.966832349122,1.19429378549,4.59513173546,1.00200601339,1.94052366575,5.78942552095,3.44217526106,0.792382878111,8.23181140644,0.731812921446,8.40854632167,36.0,0.0319861490975,1.95178209581e-06,19.3071806653,21.0110902923,8.26520555618,8.41726408124,SF,3600.0
204060.0,Joe,Ingles,11.6,4.0,UTA@DEN,UTA,DEN,,,13.4,14.5,0,2.35760768267,0.102579291797,3.07241350977,0.616522284583,0.325999527764,1.509701351,0.987661117751,0.95132518673,1.83570087876,2.51379804174,1.19943732697,5.39935473321,0.507305895835,6.73433930629,26.0,5.98992645203e-05,1.21618492777e-09,13.7027475172,14.8700036705,6.75551510659,7.33812237328,SF,3600.0
203460.0,Andre,Roberson,10.5,5.0,OKC@CHI,OKC,CHI,,,8.9,9.5,0,0.672997757665,0.35617418792,1.07132222941,0.52994890341,0.606205999143,1.1335052392,0.522380331069,0.487733499584,1.73971123834,1.14759507952,0.340861910051,2.43769614553,0.319892146115,2.9559442152,15.0,4.83215199873e-07,1.50710738749e-15,7.32246987609,7.82375386765,3.62885334846,3.62907181404,SG,3600.0
202357.0,Nemanja,Bjelica,18.0,3.0,MIA@MIN,MIN,MIA,,,16.9,18.25,0,1.88969892143,0.31507494818,2.4920578365,1.44622428071,0.970855975325,4.96867767551,0.736989299252,1.25876185248,5.93953365083,2.10533620664,0.808449360952,5.18947112441,0.837858645923,5.85698042015,24.0,0.0175021094988,5.09175860416e-07,16.6643358257,18.0211728067,6.04829906614,6.41627272618,SF,3600.0
101123.0,Gerald,Green,10.6,3.0,MIA@MIN,MIA,MIN,GTD,Illness,0.0,0.0,0,0.0,0.0,0.0,0.0,0.0,0.0,0.0,0.0,0.0,0.0,0.0,0.0,0.0,0.0,0.0,,,0.0,,0.587259530617,,SG,3600.0
203503.0,Tony,Snell,12.3,5.0,OKC@CHI,CHI,OKC,,,11.5,12.75,0,0.529591844096,0.0931281772286,1.42316958527,0.408694514323,0.17890477827,0.808457884804,0.227977186853,0.342134722722,0.987362663074,1.08493365053,0.529569437384,2.74228265646,0.356727538865,3.05616427731,11.0,4.15469391678e-09,1.22563246654e-18,5.33546324458,5.82068346402,3.82612134539,4.11712111989,SG,3600.0
2440.0,Matt,Barnes,14.7,5.0,MEM@POR,MEM,POR,,,17.5,18.25,0,1.34885177273,0.785534167346,4.51771198619,1.14555891197,0.642315805857,1.63604240295,0.892212042513,0.849934772545,2.27835820881,2.62714798545,1.20667204327,7.49103653434,0.935563448122,7.39653146229,24.0,4.8800734696e-05,8.07097334435e-11,14.6593966191,15.8016911388,8.10850400251,8.94008278066,SF,3600.0
201150.0,Spencer,Hawes,15.7,4.0,CHA@DAL,CHA,DAL,,,9.3,10.5,0,1.59830868135,0.61849154003,2.13510922668,0.977381667875,0.452312338338,1.41860572063,0.424397708379,0.999108498492,1.87091805897,2.43208976577,0.717516871722,5.83336999944,0.489024170644,6.07072057391,18.0,8.0778297018e-06,4.52297272806e-11,11.799955265,12.75182597,6.37331538137,6.56112126241,C,3600.0
202379.0,Jeremy,Evans,8.0,3.0,CHA@DAL,DAL,CHA,,,1.2,1.25,0,0.367375462459,0.397055846179,0.190619459063,0.823710195381,0.861042641623,1.08141519857,0.343620141921,0.233933444845,1.94245784019,1.14291038401,0.0667765752236,2.10288367129,0.650908322965,3.00350566621,10.0,8.75341359446e-07,2.81747646885e-17,7.13293679949,7.38041601454,3.52801960225,3.20541446252,PF,3500.0
1626145.0,Tyus,Jones,0.0,0.0,MIA@MIN,MIN,MIA,,,0.0,0.0,0,0.0,0.0,0.0,0.0,0.0,0.0,0.0,0.0,0.0,0.0,0.0,0.0,0.0,0.0,0.0,,,0.0,,0.845620626624,,PG,3500.0
203893.0,Russ,Smith,4.5,3.0,MEM@POR,MEM,POR,,,2.0,2.5,0,0.44847294177,0.0307376297761,0.659633018131,0.70242381043,0.123559658479,0.283361514075,0.146398501704,0.426292011846,0.406921172554,0.606501256499,0.150326084658,1.6626732351,0.558147153163,1.92147575082,4.0,4.84276765692e-13,8.24486786894e-24,3.01047082165,3.31912592853,2.64869048161,2.61832387942,PG,3500.0
1626166.0,Cameron,Payne,6.5,1.0,OKC@CHI,OKC,CHI,,,0.0,0.0,0,0.0,0.0,0.0,0.0,0.0,0.0,0.0,0.0,0.0,0.0,0.0,0.0,0.0,0.0,0.0,,,0.0,,0.948415894413,,PG,3500.0
2550.0,Kirk,Hinrich,1.5,1.0,OKC@CHI,CHI,OKC,GTD,Toe,0.0,0.0,0,0.0,0.0,0.0,0.0,0.0,0.0,0.0,0.0,0.0,0.0,0.0,0.0,0.0,0.0,0.0,,,0.0,,0.67264711861,,SG,3500.0
201177.0,Josh,McRoberts,4.0,4.0,MIA@MIN,MIA,MIN,,,5.4,5.5,0,1.98905820842,0.181769354072,1.3050002418,0.564091764181,0.447201646074,0.97632408419,0.472392598023,1.00001754392,1.42352573026,1.38799066496,0.440039898794,3.00485384595,0.367876324727,3.58389755345,17.0,2.83366203152e-06,6.96206888564e-12,8.58402210266,9.37523136105,4.14487471106,4.20698313501,PF,3500.0
202734.0,E'Twaun,Moore,8.6,5.0,OKC@CHI,CHI,OKC,,,10.0,10.25,0,1.34790381492,0.321095855555,1.72193051963,0.620267764549,0.347963509394,1.02611084664,0.751292815678,0.841873788931,1.37407435603,2.50186380592,0.514187956926,5.89736570451,0.400191996761,5.91810756553,22.0,7.84328660318e-07,6.90357251243e-13,10.8917560687,11.6384918359,6.34790054157,6.33871599187,PG,3500.0
202353.0,Tibor,Pleiss,3.2,1.0,UTA@DEN,UTA,DEN,,,0.0,0.0,0,0.077123907842,0.0192716544564,0.0796572051854,0.0851294914944,0.0425777407978,0.1447495497,0.0312174554437,0.0548246627015,0.187327290498,0.144831589588,0.0219383133414,0.332378046533,0.0627187581724,0.37432025069,1.0,1.48182169962e-19,2.83445329693e-37,0.76095241815,0.808700270696,1.32945929449,1.25923128494,C,3500.0
2034.0,Mike,Miller,3.6,4.0,UTA@DEN,DEN,UTA,,,0.0,0.0,0,0.130879891516,0.00928185596265,0.307077531092,0.0187272431722,0.0143515068284,0.0527121089556,0.0342018141688,0.0720338839199,0.067063615784,0.146891859823,0.116402229893,0.380190048013,0.0147467648826,0.424932714422,2.0,8.91724937557e-20,4.25426999333e-38,0.71666234698,0.814233584676,1.32616253474,1.46129516122,SF,3500.0
101111.0,Charlie,Villanueva,9.9,4.0,CHA@DAL,DAL,CHA,,,15.4,17.25,0,0.359827309683,0.362726280235,3.97515787916,0.635231373226,0.513369165672,1.10345805778,0.276527183305,0.489500386018,1.61682722345,2.65950431697,1.26432144996,6.65093166586,0.359500420139,6.94283050405,13.0,2.51060746539e-06,3.91903622357e-17,10.2117706778,11.1695267228,7.66790630501,8.43338102277,PF,3500.0
200751.0,Randy,Foye,6.5,4.0,UTA@DEN,DEN,UTA,,,14.9,16.5,0,1.64436643609,0.196627997227,4.44982719455,0.771197395651,0.106733552902,0.519657529274,0.501272156018,0.862523103299,0.626391082176,2.17352858063,1.35139832009,6.41013945188,0.659253568015,6.35770904936,17.0,2.47032370822e-06,4.01919334156e-15,10.1092052053,11.2474891766,7.71212078319,8.72150168353,SG,3500.0
2365.0,Chris,Andersen,5.8,1.0,MIA@MIN,MIA,MIN,,,0.0,0.0,0,0.0654236708845,0.104873640298,0.0206312082148,0.216157220203,0.142718299188,0.164370574579,0.0431410327995,0.0884166443423,0.307088873767,0.213958817243,0.00628012338982,0.35663329636,0.141603138314,0.575800896191,2.0,3.31593283525e-17,1.34948728541e-33,1.25005575289,1.31275858045,1.5149934353,1.33720116163,C,3500.0
2419.0,Tayshaun,Prince,8.2,3.0,MIA@MIN,MIN,MIA,,,3.2,3.25,0,0.748182116355,0.100412781058,0.521879814837,0.72017953619,0.366157343944,0.578904512786,0.396757513854,0.220272302138,0.94506185673,1.21474869688,0.186848783593,3.01277584389,0.510100695526,3.12644687289,13.0,2.44936129138e-09,1.69206298198e-17,6.15686256318,6.40767620256,3.88457932752,3.76830984214,SF,3500.0
202713.0,Kyle,Singler,4.0,4.0,OKC@CHI,OKC,CHI,,,0.0,0.0,0,0.139544192883,0.0724399867239,0.506556078464,0.135524978634,0.0812888068854,0.13518173479,0.115107145405,0.165468005266,0.216470541676,0.33077238389,0.176357813058,1.00583458697,0.0956528989307,0.933555479769,4.0,6.18030870488e-17,4.76873483037e-32,1.6122626781,1.79399911434,1.90205533716,2.04078720713,SF,3500.0
1626257.0,Salah,Mejri,2.9,3.0,CHA@DAL,DAL,CHA,,,0.0,0.0,0,0.0,0.0,0.0,0.0,0.0,0.0,0.0,0.0,0.0,0.0,0.0,0.0,0.0,0.0,0.0,,,0.0,,0.884913745721,,C,3500.0
201946.0,Tyler,Hansbrough,8.6,1.0,CHA@DAL,CHA,DAL,,,0.0,0.0,0,0.0558544940434,0.0419552847484,0.0169392759897,0.462782275468,0.341643768542,0.292979512175,0.0802679107891,0.0821070412397,0.634623280718,0.254617512182,0.00230218459808,0.547815485221,0.341856543394,0.853393752356,3.0,1.05824581958e-13,3.09662624467e-31,1.86106278012,1.93499855707,1.64655601702,1.49814642923,PF,3500.0
204025.0,Tim,Frazier,2.5,2.0,MEM@POR,POR,MEM,,,0.0,0.0,0,0.896147490532,0.0132471808095,0.269996887968,0.3302911833,0.12599398211,0.180664898231,0.139161814895,0.351547206695,0.306658880341,0.389468036735,0.0776872039326,1.00172483523,0.188658561796,1.0452818392,4.0,2.82647623337e-11,4.33788651461e-23,2.71076451612,2.94071466549,2.0508616748,1.97968772715,PG,3500.0
202407.0,Elijah,Millsap,1.9,4.0,UTA@DEN,UTA,DEN,,,0.0,0.0,0,0.0542686206946,0.0204392121538,0.0887629541391,0.0797610576211,0.0319904785303,0.0356764888722,0.0534060121959,0.0663360034614,0.0676669674025,0.0880454837486,0.0257286698716,0.261215805155,0.0544032923236,0.256222929692,1.0,3.43737816588e-24,3.225105254e-43,0.500180666855,0.549596351892,1.11803103228,1.09879272174,SF,3500.0
203940.0,Adreian,Payne,0.0,1.0,MIA@MIN,MIN,MIA,,,17.7,19.5,0,0.568157535576,0.222290483137,0.240961198928,0.895015129679,0.82400432871,1.17653827951,0.321039583683,0.833720818453,2.00054260822,1.69248392328,0.088618201197,3.86205794079,0.642410628038,4.11599667579,13.0,3.38060573689e-06,1.95857814213e-15,7.6218234242,8.18302513535,4.94706835151,4.68343639369,PF,3500.0
204014.0,Damjan,Rudez,3.2,1.0,MIA@MIN,MIN,MIA,,,-1.0,-0.5,0,0.0982207429716,0.0104824346491,0.307355382749,0.0468870655876,0.0294223344513,0.0247590299004,0.0343086123233,0.0996783393243,0.0541813643516,0.223969886879,0.12277524717,0.496948913933,0.0332794951546,0.603994516082,2.0,7.41621579769e-21,4.27477137985e-40,0.806247022382,0.920182883847,1.51268164309,1.5845399973,SF,3500.0
1626245.0,Cristiano,Felicio,0.0,0.0,OKC@CHI,CHI,OKC,,,0.0,0.0,0,0.0,0.0,0.0,0.0,0.0,0.0,0.0,0.0,0.0,0.0,0.0,0.0,0.0,0.0,0.0,,,0.0,,0.845620626624,,C,3500.0
1626242.0,Luis,Montero,0.2,1.0,MEM@POR,POR,MEM,,,3.0,3.5,0,0.279974184566,0.0729609736398,0.444417575984,0.318631248864,0.158515177745,0.545986827186,0.123016986445,0.24538671498,0.704502004931,0.589601184656,0.155237124684,1.36613201968,0.234750095329,1.56918958933,4.0,1.61331804819e-11,1.02044675152e-23,2.98112247728,3.21665949739,2.47528262063,2.43602540579,SF,3500.0
2617.0,Udonis,Haslem,13.3,1.0,MIA@MIN,MIA,MIN,,,0.0,0.0,0,0.0,0.0,0.0,0.0,0.0,0.0,0.0,0.0,0.0,0.0,0.0,0.0,0.0,0.0,0.0,,,0.0,,0.718738679796,,PF,3500.0
201589.0,Darrell,Arthur,14.1,4.0,UTA@DEN,DEN,UTA,,,12.3,12.5,0,0.821935613115,0.514043613525,1.23643868862,0.533359196983,0.890895560288,1.25082890463,0.573663309928,0.537113035214,2.14172446491,1.8174033588,0.331211529289,4.97450056072,0.420126946386,4.38614519328,14.0,8.1520346497e-06,1.57045274927e-13,9.82741878254,10.3686795161,5.34262829258,5.31234203785,PF,3500.0
203475.0,Erick,Green,0.9,3.0,UTA@DEN,DEN,UTA,,,0.0,0.0,0,0.0,0.0,0.0,0.0,0.0,0.0,0.0,0.0,0.0,0.0,0.0,0.0,0.0,0.0,0.0,,,0.0,,0.673447419146,,SG,3500.0
200779.0,Steve,Novak,3.0,35.0,OKC@CHI,OKC,CHI,,,0.0,0.0,0,0.0,0.0,0.0,0.0,0.0,0.0,0.0,0.0,0.0,0.0,0.0,0.0,0.0,0.0,0.0,,,0.0,,0.46501495496,,SF,3500.0
203956.0,Mitch,McGary,-2.0,1.0,OKC@CHI,OKC,CHI,,,0.0,0.0,0,0.0,0.0,0.0,0.0,0.0,0.0,0.0,0.0,0.0,0.0,0.0,0.0,0.0,0.0,0.0,,,0.0,,0.835045303448,,PF,3500.0
1626151.0,Aaron,Harrison,0.0,0.0,CHA@DAL,CHA,DAL,,,0.0,0.0,0,0.0,0.0,0.0,0.0,0.0,0.0,0.0,0.0,0.0,0.0,0.0,0.0,0.0,0.0,0.0,,,0.0,,0.845620626624,,PG,3500.0
203943.0,Noah,Vonleh,5.3,5.0,MEM@POR,POR,MEM,,,7.6,8.75,0,0.249612508442,0.369836811103,0.655316160434,0.996339070978,0.874922793733,1.38761559618,0.188238292151,0.59180207346,2.26253838992,1.12706246684,0.151651051985,2.92962438155,0.695378202917,3.10115418859,11.0,3.72629808557e-06,3.59574221836e-17,6.7149671522,7.19982622387,3.76878772778,3.64093019046,PF,3500.0
203516.0,James,Ennis,1.5,1.0,MIA@MIN,MIA,MIN,,,0.0,0.0,0,0.10420213741,0.0320942668769,0.17720892548,0.175481210719,0.0949543628765,0.102142248618,0.0491922645496,0.0767419856879,0.197096611494,0.191489272495,0.0570608233789,0.465727867098,0.145411593676,0.585450962045,2.0,1.90664267633e-18,7.20439678227e-35,1.06410117912,1.14085741423,1.43395237367,1.41304897565,SF,3500.0
2555.0,Nick,Collison,7.3,3.0,OKC@CHI,OKC,CHI,,,-1.0,-0.5,0,0.669200402599,0.16189130086,0.352393581709,0.517314299668,0.719048213416,0.886588252344,0.347006876262,0.472868063476,1.60563646576,0.740838124677,0.0935706817695,1.77815608784,0.38530049772,1.96054742884,9.0,4.30772559878e-08,1.16730372138e-16,5.43604008242,5.79954134295,2.82475111047,2.67751680508,PF,3500.0
1713.0,Vince,Carter,5.2,1.0,MEM@POR,MEM,POR,,,0.0,0.0,0,0.0,0.0,0.0,0.0,0.0,0.0,0.0,0.0,0.0,0.0,0.0,0.0,0.0,0.0,0.0,,,0.0,,0.698363826671,,SF,3500.0
1626147.0,Justin,Anderson,7.0,3.0,CHA@DAL,DAL,CHA,,,1.2,1.25,0,0.249478091074,0.106368453536,0.695811177704,0.223053256588,0.17161946859,0.72611091774,0.129946720148,0.239257870253,0.89773038633,0.646332023258,0.160969628239,1.72057494025,0.164333452648,1.6179671274,4.0,1.7983606069e-10,3.69693300032e-23,3.30283320472,3.54783347356,2.65808174229,2.63276462498,SF,3500.0
203962.0,Josh,Huestis,0.0,0.0,OKC@CHI,OKC,CHI,,,0.0,0.0,0,0.0,0.0,0.0,0.0,0.0,0.0,0.0,0.0,0.0,0.0,0.0,0.0,0.0,0.0,0.0,,,0.0,,0.845620626624,,SF,3500.0
1626185.0,Jarell,Martin,0.0,0.0,MEM@POR,MEM,POR,O,Foot,0.0,0.0,0,0.0,0.0,0.0,0.0,0.0,0.0,0.0,0.0,0.0,0.0,0.0,0.0,0.0,0.0,0.0,,,0.0,,0.845620626624,,PF,3500.0
203946.0,Cameron,Bairstow,3.2,1.0,OKC@CHI,CHI,OKC,,,0.0,0.0,0,0.0,0.0,0.0,0.0,0.0,0.0,0.0,0.0,0.0,0.0,0.0,0.0,0.0,0.0,0.0,,,0.0,,0.75900244077,,PF,3500.0
203950.0,Jarnell,Stokes,6.1,19.0,MEM@POR,MEM,POR,,,2.4,2.5,0,0.121027761384,0.100904222648,0.0344173911607,0.560802781531,0.337609912302,0.396010386585,0.103492408001,0.165574219458,0.733620298887,0.437151937129,0.00947886019753,0.872011216055,0.334350240812,1.21813297527,3.0,3.22137759643e-12,7.38772329485e-28,2.52323801785,2.64744557263,2.13390394983,1.9235926025,PF,3500.0
203090.0,Maurice,Harkless,17.5,5.0,MEM@POR,POR,MEM,,,19.6,19.75,0,0.99382578666,0.606940919408,2.23630137209,1.66199441973,1.66642883859,2.12551786895,0.832916381739,1.03764271442,3.79194670754,2.99602915733,0.709186083137,6.51104307096,0.951722262304,7.6529666601,25.0,0.00219058403896,2.78673328289e-10,15.536113277,16.6024108881,7.11070742375,7.17534852575,SF,3500.0
203148.0,Brian,Roberts,4.9,2.0,CHA@DAL,CHA,DAL,,,1.2,1.25,0,0.678081766776,0.0232918323055,0.766486046546,0.334028896946,0.0513981555434,0.113581225907,0.130150155821,0.23151189625,0.164979381451,0.792136145521,0.238738868887,2.12060378314,0.303246426918,2.12625758685,6.0,3.40123116655e-11,1.3213762257e-25,3.41672757475,3.66010192645,2.98674228194,3.02915765222,PG,3500.0
203999.0,Nikola,Jokic,11.0,3.0,UTA@DEN,DEN,UTA,GTD,Back,9.6,10.25,0,0.650995061228,0.319181239389,0.369798133348,1.3271981745,1.54861069355,2.47047773425,0.430172568185,1.14697907832,4.0190884278,2.83148881143,0.101845743942,6.01117988105,0.982191280749,6.74701464754,18.0,0.00240557112749,5.12462361993e-12,12.8981418896,13.7271170788,7.14913207344,6.79938765629,C,3500.0
1889.0,Andre,Miller,11.6,81.0,MIA@MIN,MIN,MIA,,,3.5,3.5,0,0.898116118087,0.0205253450802,0.103951892137,0.249072571958,0.114903928099,0.114903928099,0.126972333277,0.315762705666,0.229807856198,0.450796818676,0.0242915675098,0.910423576986,0.188961023769,1.11484622863,4.0,2.17737064952e-11,2.00644798617e-24,2.71702248425,2.89854001368,2.12301805944,1.90736459629,PG,3500.0
203798.0,P.J.,Hairston,9.9,4.0,CHA@DAL,CHA,DAL,,,9.6,9.75,0,0.693244400979,0.341396008608,4.57417527059,1.15883542623,0.439448145147,1.61756564241,0.519985388327,0.658197559845,2.05701378756,2.52687926709,1.27754114764,7.45463607508,1.02554536808,7.3568450499,22.0,2.09449927576e-05,8.4215510592e-14,11.9296934305,13.0004448911,8.14079837005,9.05173068477,SF,3500.0
203919.0,Jordan,Adams,9.0,2.0,MEM@POR,MEM,POR,,,0.0,0.0,0,0.0,0.0,0.0,0.0,0.0,0.0,0.0,0.0,0.0,0.0,0.0,0.0,0.0,0.0,0.0,,,0.0,,0.836764843022,,SG,3500.0
203481.0,Jeff,Withey,0.0,1.0,UTA@DEN,UTA,DEN,,,0.0,0.0,0,0.0,0.0,0.0,0.0,0.0,0.0,0.0,0.0,0.0,0.0,0.0,0.0,0.0,0.0,0.0,,,0.0,,0.852666543515,,C,3500.0
1626146.0,Cliff,Alexander,0.0,0.0,MEM@POR,POR,MEM,O,Knee,0.0,0.0,0,0.0,0.0,0.0,0.0,0.0,0.0,0.0,0.0,0.0,0.0,0.0,0.0,0.0,0.0,0.0,,,0.0,,0.845620626624,,PF,3500.0
1626168.0,Trey,Lyles,2.9,4.0,UTA@DEN,UTA,DEN,,,9.6,9.75,0,0.47122161763,0.0822142714449,0.34096328702,0.69554236297,0.632654181664,0.936105711029,0.216679186158,0.389754280268,1.56875989269,0.956904733428,0.0843277620423,2.36923692526,0.471399274203,2.4695365031,7.0,7.69653253071e-08,7.46968923623e-18,5.26691343571,5.58239256695,3.35515102409,3.17578000388,PF,3500.0
1626192.0,Pat,Connaughton,5.0,1.0,MEM@POR,POR,MEM,,,-1.0,-0.5,0,0.271603955011,0.0716821734602,0.426782100653,0.479752008858,0.15493815755,0.461202220117,0.122411533474,0.243486091692,0.616140377667,0.617833850122,0.149076971192,1.43642201413,0.37143326764,1.75617793908,4.0,5.89893063301e-12,2.77497037203e-24,3.04765364697,3.2747421973,2.55249786331,2.49739248404,SG,3500.0
1626196.0,Josh,Richardson,0.0,0.0,MIA@MIN,MIA,MIN,,,-1.0,-0.5,0,0.475306921269,0.125443803555,0.469093147024,0.545908633204,0.271141775713,0.807103885205,0.214220183579,0.426100660461,1.07824566092,0.867617697193,0.129192487005,2.0360210873,0.402195654515,2.26662353591,7.0,2.35242802076e-09,2.47836814773e-19,4.52670602472,4.85826488503,3.07250654666,2.92987244634,SG,3500.0
203526.0,Raul,Neto,10.8,4.0,UTA@DEN,UTA,DEN,,,7.2,7.25,0,1.09944012953,0.181254672864,1.57202664582,0.547884111784,0.46339998616,0.934686589567,0.500832615749,0.710093834214,1.39808657573,1.52699563054,0.636585682807,3.66843794333,0.385187174433,4.07576411832,13.0,2.25659678653e-07,5.30822797812e-14,8.0567089465,8.79995337229,4.63852236918,4.89689706411,PG,3500.0
203584.0,Troy,Daniels,3.2,1.0,CHA@DAL,CHA,DAL,,,2.4,2.5,0,0.167817419915,0.0110945565259,0.889064631511,0.0933106790837,0.0545733896937,0.12212353384,0.0528914155551,0.157557932867,0.176696923533,0.491740379051,0.334329836012,1.26135792303,0.0740442874609,1.39185488158,3.0,6.51088510612e-17,1.70365665054e-31,1.82603133098,2.0808100616,2.47654859071,2.74303276395,SG,3500.0
203187.0,Chris,Johnson,3.4,3.0,UTA@DEN,UTA,DEN,,,3.0,3.5,0,0.169772599433,0.0532541635109,0.876625868676,0.216539867807,0.125399501366,0.154284545129,0.236107419221,0.138400912535,0.279684046494,0.589052890254,0.275720287866,1.47364419834,0.168951868197,1.62277793657,5.0,4.53150327136e-15,4.73755141547e-28,2.65337994444,2.87442474697,2.61388485809,2.75594972051,SG,3500.0
,,,,,,,,,,0.0,0.0,0,0.0,0.0,0.0,0.0,0.0,0.0,0.0,0.0,0.0,0.0,0.0,0.0,0.0,0.0,0.0,,,0.0,,0.645070634758,,LAL,
203917.0,Nik,Stauskas,21.1,3.0,PHI@CLE,PHI,CLE,,,0.0,0.0,0,0.0,0.0,0.0,0.0,0.0,0.0,0.0,0.0,0.0,0.0,0.0,0.0,0.0,0.0,0.0,,,0.0,,0.649007517699,,SG,3900.0
2405.0,Amar'e,Stoudemire,5.6,1.0,MIA@IND,MIA,IND,GTD,Knee,0.0,0.0,0,0.0,0.0,0.0,0.0,0.0,0.0,0.0,0.0,0.0,0.0,0.0,0.0,0.0,0.0,0.0,,,0.0,,0.764982710592,,PF,3900.0
203088.0,Kendall,Marshall,10.3,28.0,PHI@CLE,PHI,CLE,O,Knee,0.0,0.0,0,0.0,0.0,0.0,0.0,0.0,0.0,0.0,0.0,0.0,0.0,0.0,0.0,0.0,0.0,0.0,,,0.0,,0.899244200232,,PG,3900.0
201158.0,Marco,Belinelli,18.1,5.0,HOU@SAC,SAC,HOU,,,0.0,0.0,0,0.0,0.0,0.0,0.0,0.0,0.0,0.0,0.0,0.0,0.0,0.0,0.0,0.0,0.0,0.0,,,0.0,,0.648889013208,,SG,3900.0
203105.0,Festus,Ezeli,21.5,5.0,DEN@GS,GS,DEN,,,0.0,0.0,0,0.0,0.0,0.0,0.0,0.0,0.0,0.0,0.0,0.0,0.0,0.0,0.0,0.0,0.0,0.0,,,0.0,,0.942702730579,,C,3800.0
203138.0,Hollis,Thompson,17.5,4.0,PHI@CLE,PHI,CLE,,,0.0,0.0,0,0.0,0.0,0.0,0.0,0.0,0.0,0.0,0.0,0.0,0.0,0.0,0.0,0.0,0.0,0.0,,,0.0,,0.679087105443,,SF,3800.0
204020.0,Tyler,Johnson,14.8,4.0,MIA@IND,MIA,IND,,,16.3,17.5,0,2.01099960723,0.380195746402,1.95710885279,2.15624482455,0.981962278879,1.52898669091,1.19871802414,1.12812217766,2.51094896979,3.11972450588,0.724310377572,6.78585752088,1.40887334562,8.37263273494,25.0,0.000151781183145,6.38792112555e-09,16.4319762729,17.48396769,7.4357640272,7.46807938004,PG,3800.0
201229.0,Anthony,Tolliver,9.7,3.0,DET@PHO,DET,PHO,,,0.0,0.0,0,0.0,0.0,0.0,0.0,0.0,0.0,0.0,0.0,0.0,0.0,0.0,0.0,0.0,0.0,0.0,,,0.0,,0.605095635411,,PF,3800.0
203933.0,T.J.,Warren,16.2,5.0,DET@PHO,PHO,DET,,,0.0,0.0,0,0.0,0.0,0.0,0.0,0.0,0.0,0.0,0.0,0.0,0.0,0.0,0.0,0.0,0.0,0.0,,,0.0,,0.701410470989,,SF,3800.0
202687.0,Bismack,Biyombo,13.9,5.0,TOR@ORL,TOR,ORL,,,0.0,0.0,0,0.0,0.0,0.0,0.0,0.0,0.0,0.0,0.0,0.0,0.0,0.0,0.0,0.0,0.0,0.0,,,0.0,,0.903122055149,,C,3800.0
201564.0,O.J.,Mayo,19.0,71.0,MIL@NY,MIL,NY,O,Hamstring,0.0,0.0,0,0.0,0.0,0.0,0.0,0.0,0.0,0.0,0.0,0.0,0.0,0.0,0.0,0.0,0.0,0.0,,,0.0,,0.744187689592,,SG,3800.0
203515.0,Phil (Flip),Pressey,2.7,1.0,PHI@CLE,PHI,CLE,,,0.0,0.0,0,0.0,0.0,0.0,0.0,0.0,0.0,0.0,0.0,0.0,0.0,0.0,0.0,0.0,0.0,0.0,,,0.0,,0.909611839196,,PG,3800.0
201578.0,Marreese,Speights,15.4,5.0,DEN@GS,GS,DEN,,,0.0,0.0,0,0.0,0.0,0.0,0.0,0.0,0.0,0.0,0.0,0.0,0.0,0.0,0.0,0.0,0.0,0.0,,,0.0,,0.828958469446,,PF,3800.0
201156.0,Nick,Young,15.7,4.0,LAL@BKN,LAL,BKN,,,0.0,0.0,0,0.0,0.0,0.0,0.0,0.0,0.0,0.0,0.0,0.0,0.0,0.0,0.0,0.0,0.0,0.0,,,0.0,,0.618960060489,,SG,3700.0
203473.0,Dewayne,Dedmon,15.8,4.0,TOR@ORL,ORL,TOR,,,0.0,0.0,0,0.0,0.0,0.0,0.0,0.0,0.0,0.0,0.0,0.0,0.0,0.0,0.0,0.0,0.0,0.0,,,0.0,,0.938437422977,,C,3700.0
203960.0,Jakarr,Sampson,8.5,4.0,PHI@CLE,PHI,CLE,,,0.0,0.0,0,0.0,0.0,0.0,0.0,0.0,0.0,0.0,0.0,0.0,0.0,0.0,0.0,0.0,0.0,0.0,,,0.0,,0.729726412605,,SF,3700.0
203463.0,Ben,McLemore,7.5,5.0,HOU@SAC,SAC,HOU,,,0.0,0.0,0,0.0,0.0,0.0,0.0,0.0,0.0,0.0,0.0,0.0,0.0,0.0,0.0,0.0,0.0,0.0,,,0.0,,0.586821880278,,SG,3700.0
203482.0,Kelly,Olynyk,11.6,3.0,WAS@BOS,BOS,WAS,,,0.0,0.0,0,0.0,0.0,0.0,0.0,0.0,0.0,0.0,0.0,0.0,0.0,0.0,0.0,0.0,0.0,0.0,,,0.0,,0.889777273868,,C,3700.0
202709.0,Cory,Joseph,13.6,5.0,TOR@ORL,TOR,ORL,,,0.0,0.0,0,0.0,0.0,0.0,0.0,0.0,0.0,0.0,0.0,0.0,0.0,0.0,0.0,0.0,0.0,0.0,,,0.0,,0.805269183257,,PG,3700.0
201596.0,Mario,Chalmers,13.3,4.0,MIA@IND,MIA,IND,O,Ankle,0.0,0.0,0,0.0,0.0,0.0,0.0,0.0,0.0,0.0,0.0,0.0,0.0,0.0,0.0,0.0,0.0,0.0,,,0.0,,0.837637003536,,PG,3700.0
101138.0,Brandon,Bass,11.9,4.0,LAL@BKN,LAL,BKN,,,0.0,0.0,0,0.0,0.0,0.0,0.0,0.0,0.0,0.0,0.0,0.0,0.0,0.0,0.0,0.0,0.0,0.0,,,0.0,,0.743626248828,,PF,3700.0
201162.0,Jared,Dudley,11.4,3.0,WAS@BOS,WAS,BOS,,,0.0,0.0,0,0.0,0.0,0.0,0.0,0.0,0.0,0.0,0.0,0.0,0.0,0.0,0.0,0.0,0.0,0.0,,,0.0,,0.732393214973,,SF,3700.0
2571.0,Leandro,Barbosa,10.5,5.0,DEN@GS,GS,DEN,,,0.0,0.0,0,0.0,0.0,0.0,0.0,0.0,0.0,0.0,0.0,0.0,0.0,0.0,0.0,0.0,0.0,0.0,,,0.0,,0.729202552079,,SG,3700.0
200745.0,Andrea,Bargnani,10.0,5.0,LAL@BKN,BKN,LAL,,,0.0,0.0,0,0.0,0.0,0.0,0.0,0.0,0.0,0.0,0.0,0.0,0.0,0.0,0.0,0.0,0.0,0.0,,,0.0,,0.673028404736,,C,3700.0
101123.0,Gerald,Green,10.6,3.0,MIA@IND,MIA,IND,O,Undisclosed,0.0,0.0,0,0.0,0.0,0.0,0.0,0.0,0.0,0.0,0.0,0.0,0.0,0.0,0.0,0.0,0.0,0.0,,,0.0,,0.587259530617,,SG,3600.0
203200.0,Justin,Holiday,11.0,3.0,ATL@NO,ATL,NO,,,0.0,0.0,0,0.0,0.0,0.0,0.0,0.0,0.0,0.0,0.0,0.0,0.0,0.0,0.0,0.0,0.0,0.0,,,0.0,,0.769831213452,,SG,3600.0
1626167.0,Myles,Turner,16.7,4.0,MIA@IND,IND,MIA,,,0.0,0.0,0,0.0,0.0,0.0,0.0,0.0,0.0,0.0,0.0,0.0,0.0,0.0,0.0,0.0,0.0,0.0,,,0.0,,0.882306545628,,PF,3600.0
201961.0,Wayne,Ellington,8.2,5.0,LAL@BKN,BKN,LAL,,,0.0,0.0,0,0.0,0.0,0.0,0.0,0.0,0.0,0.0,0.0,0.0,0.0,0.0,0.0,0.0,0.0,0.0,,,0.0,,0.621045232545,,SG,3600.0
201975.0,Jodie,Meeks,1.7,2.0,DET@PHO,DET,PHO,O,Foot,0.0,0.0,0,0.0,0.0,0.0,0.0,0.0,0.0,0.0,0.0,0.0,0.0,0.0,0.0,0.0,0.0,0.0,,,0.0,,0.592046369819,,SG,3600.0
201978.0,Chase,Budinger,7.4,5.0,MIA@IND,IND,MIA,,,0.0,0.0,0,0.0,0.0,0.0,0.0,0.0,0.0,0.0,0.0,0.0,0.0,0.0,0.0,0.0,0.0,0.0,,,0.0,,0.650513706848,,SF,3600.0
1626159.0,Justise,Winslow,12.9,5.0,MIA@IND,MIA,IND,,,16.6,17.25,0,2.06730207717,0.393441120866,2.74669976288,0.966832349122,1.19429378549,4.59513173546,1.00200601339,1.94052366575,5.78942552095,3.44217526106,0.792382878111,8.23181140644,0.731812921446,8.40854632167,36.0,0.0319861490975,1.95178209581e-06,19.3071806653,21.0110902923,8.26520555618,8.41726408124,SF,3600.0
2400.0,Drew,Gooden,14.2,4.0,WAS@BOS,WAS,BOS,,,0.0,0.0,0,0.0,0.0,0.0,0.0,0.0,0.0,0.0,0.0,0.0,0.0,0.0,0.0,0.0,0.0,0.0,,,0.0,,0.82573521243,,PF,3600.0
202730.0,Lavoy,Allen,10.5,5.0,MIA@IND,IND,MIA,,,0.0,0.0,0,0.0,0.0,0.0,0.0,0.0,0.0,0.0,0.0,0.0,0.0,0.0,0.0,0.0,0.0,0.0,,,0.0,,0.853787812158,,PF,3600.0
202341.0,James,Anderson,7.1,4.0,HOU@SAC,SAC,HOU,,,0.0,0.0,0,0.0,0.0,0.0,0.0,0.0,0.0,0.0,0.0,0.0,0.0,0.0,0.0,0.0,0.0,0.0,,,0.0,,0.709598618053,,SG,3600.0
201228.0,C.J.,Watson,12.1,5.0,TOR@ORL,ORL,TOR,,,0.0,0.0,0,0.0,0.0,0.0,0.0,0.0,0.0,0.0,0.0,0.0,0.0,0.0,0.0,0.0,0.0,0.0,,,0.0,,0.811876230827,,PG,3600.0
202720.0,Jon,Leuer,16.4,5.0,DET@PHO,PHO,DET,,,0.0,0.0,0,0.0,0.0,0.0,0.0,0.0,0.0,0.0,0.0,0.0,0.0,0.0,0.0,0.0,0.0,0.0,,,0.0,,0.749903910637,,PF,3600.0
2756.0,Sasha,Vujacic,16.3,5.0,MIL@NY,NY,MIL,,,0.0,0.0,0,0.0,0.0,0.0,0.0,0.0,0.0,0.0,0.0,0.0,0.0,0.0,0.0,0.0,0.0,0.0,,,0.0,,0.74832664643,,SG,3600.0
202337.0,Luke,Babbitt,16.4,2.0,ATL@NO,NO,ATL,,,0.0,0.0,0,0.0,0.0,0.0,0.0,0.0,0.0,0.0,0.0,0.0,0.0,0.0,0.0,0.0,0.0,0.0,,,0.0,,0.590282951072,,SF,3600.0
2733.0,Shaun,Livingston,10.2,5.0,DEN@GS,GS,DEN,,,0.0,0.0,0,0.0,0.0,0.0,0.0,0.0,0.0,0.0,0.0,0.0,0.0,0.0,0.0,0.0,0.0,0.0,,,0.0,,0.839641801142,,PG,3600.0
201160.0,Jason,Smith,9.7,4.0,TOR@ORL,ORL,TOR,,,0.0,0.0,0,0.0,0.0,0.0,0.0,0.0,0.0,0.0,0.0,0.0,0.0,0.0,0.0,0.0,0.0,0.0,,,0.0,,0.759060401029,,PF,3600.0
201976.0,Patrick,Beverley,12.3,5.0,HOU@SAC,HOU,SAC,O,Concussion,0.0,0.0,0,0.0,0.0,0.0,0.0,0.0,0.0,0.0,0.0,0.0,0.0,0.0,0.0,0.0,0.0,0.0,,,0.0,,0.800547583419,,PG,3600.0
101112.0,Channing,Frye,4.9,1.0,TOR@ORL,ORL,TOR,,,0.0,0.0,0,0.0,0.0,0.0,0.0,0.0,0.0,0.0,0.0,0.0,0.0,0.0,0.0,0.0,0.0,0.0,,,0.0,,0.628920521621,,PF,3600.0
203948.0,Johnny,O'Bryant,10.5,5.0,MIL@NY,MIL,NY,,,0.0,0.0,0,0.0,0.0,0.0,0.0,0.0,0.0,0.0,0.0,0.0,0.0,0.0,0.0,0.0,0.0,0.0,,,0.0,,0.703205563551,,C,3500.0
2592.0,James,Jones,4.7,5.0,PHI@CLE,CLE,PHI,,,0.0,0.0,0,0.0,0.0,0.0,0.0,0.0,0.0,0.0,0.0,0.0,0.0,0.0,0.0,0.0,0.0,0.0,,,0.0,,0.496123477783,,SF,3500.0
203963.0,Shayne,Whittington,-2.0,1.0,MIA@IND,IND,MIA,,,0.0,0.0,0,0.0,0.0,0.0,0.0,0.0,0.0,0.0,0.0,0.0,0.0,0.0,0.0,0.0,0.0,0.0,,,0.0,,0.827925034471,,C,3500.0
1626209.0,Mario,Hezonja,4.1,5.0,TOR@ORL,ORL,TOR,,,0.0,0.0,0,0.0,0.0,0.0,0.0,0.0,0.0,0.0,0.0,0.0,0.0,0.0,0.0,0.0,0.0,0.0,,,0.0,,0.726490569908,,SF,3500.0
203461.0,Anthony,Bennett,3.5,2.0,TOR@ORL,TOR,ORL,,,0.0,0.0,0,0.0,0.0,0.0,0.0,0.0,0.0,0.0,0.0,0.0,0.0,0.0,0.0,0.0,0.0,0.0,,,0.0,,0.76416792546,,PF,3500.0
201202.0,Joel,Anthony,6.5,49.0,DET@PHO,DET,PHO,,,0.0,0.0,0,0.0,0.0,0.0,0.0,0.0,0.0,0.0,0.0,0.0,0.0,0.0,0.0,0.0,0.0,0.0,,,0.0,,0.883784498561,,C,3500.0
201177.0,Josh,McRoberts,4.2,5.0,MIA@IND,MIA,IND,,,5.4,5.5,0,1.98905820842,0.181769354072,1.3050002418,0.564091764181,0.447201646074,0.97632408419,0.472392598023,1.00001754392,1.42352573026,1.38799066496,0.440039898794,3.00485384595,0.367876324727,3.58389755345,17.0,2.83366203152e-06,6.96206888564e-12,8.58402210266,9.37523136105,4.14487471106,4.20698313501,PF,3500.0
1626181.0,Norman,Powell,1.6,2.0,TOR@ORL,TOR,ORL,,,0.0,0.0,0,0.0,0.0,0.0,0.0,0.0,0.0,0.0,0.0,0.0,0.0,0.0,0.0,0.0,0.0,0.0,,,0.0,,0.820455394417,,SG,3500.0
2406.0,Caron,Butler,5.8,4.0,HOU@SAC,SAC,HOU,,,0.0,0.0,0,0.0,0.0,0.0,0.0,0.0,0.0,0.0,0.0,0.0,0.0,0.0,0.0,0.0,0.0,0.0,,,0.0,,0.562908871743,,SF,3500.0
2034.0,Mike,Miller,2.9,5.0,DEN@GS,DEN,GS,,,0.0,0.0,0,0.130879891516,0.00928185596265,0.307077531092,0.0187272431722,0.0143515068284,0.0527121089556,0.0342018141688,0.0720338839199,0.067063615784,0.146891859823,0.116402229893,0.380190048013,0.0147467648826,0.424932714422,2.0,8.91724937557e-20,4.25426999333e-38,0.71666234698,0.814233584676,1.32616253474,1.46129516122,SF,3500.0
200751.0,Randy,Foye,8.1,5.0,DEN@GS,DEN,GS,,,14.9,16.5,0,1.64436643609,0.196627997227,4.44982719455,0.771197395651,0.106733552902,0.519657529274,0.501272156018,0.862523103299,0.626391082176,2.17352858063,1.35139832009,6.41013945188,0.659253568015,6.35770904936,17.0,2.47032370822e-06,4.01919334156e-15,10.1092052053,11.2474891766,7.71212078319,8.72150168353,SG,3500.0
203382.0,Aron,Baynes,8.3,4.0,DET@PHO,DET,PHO,,,0.0,0.0,0,0.0,0.0,0.0,0.0,0.0,0.0,0.0,0.0,0.0,0.0,0.0,0.0,0.0,0.0,0.0,,,0.0,,0.752322164416,,C,3500.0
1626199.0,Darrun,Hilliard,0.0,0.0,DET@PHO,DET,PHO,,,0.0,0.0,0,0.0,0.0,0.0,0.0,0.0,0.0,0.0,0.0,0.0,0.0,0.0,0.0,0.0,0.0,0.0,,,0.0,,0.845620626624,,SG,3500.0
201582.0,Alexis,Ajinca,11.0,4.0,ATL@NO,NO,ATL,,,0.0,0.0,0,0.0,0.0,0.0,0.0,0.0,0.0,0.0,0.0,0.0,0.0,0.0,0.0,0.0,0.0,0.0,,,0.0,,0.904611050752,,C,3500.0
203925.0,Joe,Harris,2.8,3.0,PHI@CLE,CLE,PHI,,,0.0,0.0,0,0.0,0.0,0.0,0.0,0.0,0.0,0.0,0.0,0.0,0.0,0.0,0.0,0.0,0.0,0.0,,,0.0,,0.599614712481,,SG,3500.0
203118.0,Mike,Scott,6.8,6.0,ATL@NO,ATL,NO,,,0.0,0.0,0,0.0,0.0,0.0,0.0,0.0,0.0,0.0,0.0,0.0,0.0,0.0,0.0,0.0,0.0,0.0,,,0.0,,0.648785024775,,SF,3500.0
203475.0,Erick,Green,0.9,3.0,DEN@GS,DEN,GS,,,0.0,0.0,0,0.0,0.0,0.0,0.0,0.0,0.0,0.0,0.0,0.0,0.0,0.0,0.0,0.0,0.0,0.0,,,0.0,,0.673447419146,,SG,3500.0
201573.0,Jerryd,Bayless,17.1,5.0,MIL@NY,MIL,NY,,,0.0,0.0,0,0.0,0.0,0.0,0.0,0.0,0.0,0.0,0.0,0.0,0.0,0.0,0.0,0.0,0.0,0.0,,,0.0,,0.729131065526,,PG,3500.0
203462.0,Archie,Goodwin,7.6,3.0,DET@PHO,PHO,DET,,,0.0,0.0,0,0.0,0.0,0.0,0.0,0.0,0.0,0.0,0.0,0.0,0.0,0.0,0.0,0.0,0.0,0.0,,,0.0,,0.788737185198,,PG,3500.0
203082.0,Terrence,Ross,13.1,5.0,TOR@ORL,TOR,ORL,,,0.0,0.0,0,0.0,0.0,0.0,0.0,0.0,0.0,0.0,0.0,0.0,0.0,0.0,0.0,0.0,0.0,0.0,,,0.0,,0.621187886882,,SG,3500.0
203516.0,James,Ennis,0.8,2.0,MIA@IND,MIA,IND,,,0.0,0.0,0,0.10420213741,0.0320942668769,0.17720892548,0.175481210719,0.0949543628765,0.102142248618,0.0491922645496,0.0767419856879,0.197096611494,0.191489272495,0.0570608233789,0.465727867098,0.145411593676,0.585450962045,2.0,1.90664267633e-18,7.20439678227e-35,1.06410117912,1.14085741423,1.43395237367,1.41304897565,SF,3500.0
1626158.0,Richaun,Holmes,7.1,4.0,PHI@CLE,PHI,CLE,,,0.0,0.0,0,0.0,0.0,0.0,0.0,0.0,0.0,0.0,0.0,0.0,0.0,0.0,0.0,0.0,0.0,0.0,,,0.0,,0.807143579136,,PF,3500.0
1626148.0,Anthony,Brown,5.0,1.0,LAL@BKN,LAL,BKN,,,0.0,0.0,0,0.0,0.0,0.0,0.0,0.0,0.0,0.0,0.0,0.0,0.0,0.0,0.0,0.0,0.0,0.0,,,0.0,,0.811065531577,,SF,3500.0
1626173.0,Rashad,Vaughn,5.3,3.0,MIL@NY,MIL,NY,,,0.0,0.0,0,0.0,0.0,0.0,0.0,0.0,0.0,0.0,0.0,0.0,0.0,0.0,0.0,0.0,0.0,0.0,,,0.0,,0.748581027644,,SG,3500.0
1626251.0,Duje,Dukan,0.0,0.0,HOU@SAC,SAC,HOU,,,0.0,0.0,0,0.0,0.0,0.0,0.0,0.0,0.0,0.0,0.0,0.0,0.0,0.0,0.0,0.0,0.0,0.0,,,0.0,,0.845620626624,,PF,3500.0
201971.0,DeJuan,Blair,-0.8,1.0,WAS@BOS,WAS,BOS,,,0.0,0.0,0,0.0,0.0,0.0,0.0,0.0,0.0,0.0,0.0,0.0,0.0,0.0,0.0,0.0,0.0,0.0,,,0.0,,0.812421408037,,C,3500.0
1626176.0,Rakeem,Christmas,0.0,0.0,MIA@IND,IND,MIA,,,0.0,0.0,0,0.0,0.0,0.0,0.0,0.0,0.0,0.0,0.0,0.0,0.0,0.0,0.0,0.0,0.0,0.0,,,0.0,,0.845620626624,,PF,3500.0
201973.0,Jonas,Jerebko,8.4,4.0,WAS@BOS,BOS,WAS,,,0.0,0.0,0,0.0,0.0,0.0,0.0,0.0,0.0,0.0,0.0,0.0,0.0,0.0,0.0,0.0,0.0,0.0,,,0.0,,0.759684482923,,PF,3500.0
201949.0,James,Johnson,0.6,3.0,TOR@ORL,TOR,ORL,,,0.0,0.0,0,0.0,0.0,0.0,0.0,0.0,0.0,0.0,0.0,0.0,0.0,0.0,0.0,0.0,0.0,0.0,,,0.0,,0.837720717088,,SF,3500.0
1626162.0,Kelly,Oubre,0.0,1.0,WAS@BOS,WAS,BOS,,,0.0,0.0,0,0.0,0.0,0.0,0.0,0.0,0.0,0.0,0.0,0.0,0.0,0.0,0.0,0.0,0.0,0.0,,,0.0,,0.836418826751,,SF,3500.0
1626196.0,Josh,Richardson,-1.0,1.0,MIA@IND,MIA,IND,,,-1.0,-0.5,0,0.475306921269,0.125443803555,0.469093147024,0.545908633204,0.271141775713,0.807103885205,0.214220183579,0.426100660461,1.07824566092,0.867617697193,0.129192487005,2.0360210873,0.402195654515,2.26662353591,7.0,2.35242802076e-09,2.47836814773e-19,4.52670602472,4.85826488503,3.07250654666,2.92987244634,SG,3500.0
201603.0,Sonny,Weems,4.6,5.0,DET@PHO,PHO,DET,,,0.0,0.0,0,0.0,0.0,0.0,0.0,0.0,0.0,0.0,0.0,0.0,0.0,0.0,0.0,0.0,0.0,0.0,,,0.0,,0.704732524169,,SF,3500.0
2570.0,Kendrick,Perkins,9.5,3.0,ATL@NO,NO,ATL,O,Pectoral,0.0,0.0,0,0.0,0.0,0.0,0.0,0.0,0.0,0.0,0.0,0.0,0.0,0.0,0.0,0.0,0.0,0.0,,,0.0,,0.785342715413,,C,3500.0
203906.0,Roy Devyn,Marble,7.0,16.0,TOR@ORL,ORL,TOR,,,0.0,0.0,0,0.0,0.0,0.0,0.0,0.0,0.0,0.0,0.0,0.0,0.0,0.0,0.0,0.0,0.0,0.0,,,0.0,,0.728847424875,,SG,3500.0
1891.0,Jason,Terry,6.0,3.0,HOU@SAC,HOU,SAC,,,0.0,0.0,0,0.0,0.0,0.0,0.0,0.0,0.0,0.0,0.0,0.0,0.0,0.0,0.0,0.0,0.0,0.0,,,0.0,,0.715115299653,,PG,3500.0
203915.0,Spencer,Dinwiddie,1.2,1.0,DET@PHO,DET,PHO,,,0.0,0.0,0,0.0,0.0,0.0,0.0,0.0,0.0,0.0,0.0,0.0,0.0,0.0,0.0,0.0,0.0,0.0,,,0.0,,0.896480383919,,PG,3500.0
203135.0,Robert,Sacre,3.4,1.0,LAL@BKN,LAL,BKN,,,0.0,0.0,0,0.0,0.0,0.0,0.0,0.0,0.0,0.0,0.0,0.0,0.0,0.0,0.0,0.0,0.0,0.0,,,0.0,,0.791501831316,,C,3500.0
2760.0,Anderson,Varejao,6.3,5.0,PHI@CLE,CLE,PHI,,,0.0,0.0,0,0.0,0.0,0.0,0.0,0.0,0.0,0.0,0.0,0.0,0.0,0.0,0.0,0.0,0.0,0.0,,,0.0,,0.849617142898,,C,3500.0
203900.0,Markel,Brown,8.1,5.0,LAL@BKN,BKN,LAL,,,0.0,0.0,0,0.0,0.0,0.0,0.0,0.0,0.0,0.0,0.0,0.0,0.0,0.0,0.0,0.0,0.0,0.0,,,0.0,,0.685709187795,,SG,3500.0
203909.0,K.J.,McDaniels,2.6,2.0,HOU@SAC,HOU,SAC,,,0.0,0.0,0,0.0,0.0,0.0,0.0,0.0,0.0,0.0,0.0,0.0,0.0,0.0,0.0,0.0,0.0,0.0,,,0.0,,0.825032501743,,SF,3500.0
203961.0,Eric,Moreland,2.5,3.0,HOU@SAC,SAC,HOU,,,0.0,0.0,0,0.0,0.0,0.0,0.0,0.0,0.0,0.0,0.0,0.0,0.0,0.0,0.0,0.0,0.0,0.0,,,0.0,,0.838381179146,,PF,3500.0
1626175.0,Jordan,Mickey,5.9,1.0,WAS@BOS,BOS,WAS,,,0.0,0.0,0,0.0,0.0,0.0,0.0,0.0,0.0,0.0,0.0,0.0,0.0,0.0,0.0,0.0,0.0,0.0,,,0.0,,0.911195471165,,PF,3500.0
203099.0,Jared,Cunningham,6.0,5.0,PHI@CLE,CLE,PHI,,,0.0,0.0,0,0.0,0.0,0.0,0.0,0.0,0.0,0.0,0.0,0.0,0.0,0.0,0.0,0.0,0.0,0.0,,,0.0,,0.693520072977,,SG,3500.0
2365.0,Chris,Andersen,2.9,2.0,MIA@IND,MIA,IND,,,0.0,0.0,0,0.0654236708845,0.104873640298,0.0206312082148,0.216157220203,0.142718299188,0.164370574579,0.0431410327995,0.0884166443423,0.307088873767,0.213958817243,0.00628012338982,0.35663329636,0.141603138314,0.575800896191,2.0,3.31593283525e-17,1.34948728541e-33,1.25005575289,1.31275858045,1.5149934353,1.33720116163,C,3500.0
203488.0,Mike,Muscala,0.1,2.0,ATL@NO,ATL,NO,,,0.0,0.0,0,0.0,0.0,0.0,0.0,0.0,0.0,0.0,0.0,0.0,0.0,0.0,0.0,0.0,0.0,0.0,,,0.0,,0.833682193458,,PF,3500.0
202714.0,Shelvin,Mack,0.4,1.0,ATL@NO,ATL,NO,,,0.0,0.0,0,0.0,0.0,0.0,0.0,0.0,0.0,0.0,0.0,0.0,0.0,0.0,0.0,0.0,0.0,0.0,,,0.0,,0.808965645111,,PG,3500.0
202498.0,Lance,Thomas,9.7,5.0,MIL@NY,NY,MIL,,,0.0,0.0,0,0.0,0.0,0.0,0.0,0.0,0.0,0.0,0.0,0.0,0.0,0.0,0.0,0.0,0.0,0.0,,,0.0,,0.604837995221,,SF,3500.0
202708.0,Norris,Cole,15.9,75.0,ATL@NO,NO,ATL,O,Ankle,0.0,0.0,0,0.0,0.0,0.0,0.0,0.0,0.0,0.0,0.0,0.0,0.0,0.0,0.0,0.0,0.0,0.0,,,0.0,,0.737434341042,,PG,3500.0
101187.0,Alan,Anderson,13.2,74.0,WAS@BOS,WAS,BOS,O,Ankle,0.0,0.0,0,0.0,0.0,0.0,0.0,0.0,0.0,0.0,0.0,0.0,0.0,0.0,0.0,0.0,0.0,0.0,,,0.0,,0.577654934554,,SG,3500.0
203934.0,Lamar,Patterson,6.0,6.0,ATL@NO,ATL,NO,,,0.0,0.0,0,0.0,0.0,0.0,0.0,0.0,0.0,0.0,0.0,0.0,0.0,0.0,0.0,0.0,0.0,0.0,,,0.0,,0.763457261601,,SG,3500.0
202338.0,Kevin,Seraphin,5.2,2.0,MIL@NY,NY,MIL,,,0.0,0.0,0,0.0,0.0,0.0,0.0,0.0,0.0,0.0,0.0,0.0,0.0,0.0,0.0,0.0,0.0,0.0,,,0.0,,0.773010992757,,PF,3500.0
201575.0,Brandon,Rush,7.0,4.0,DEN@GS,GS,DEN,,,0.0,0.0,0,0.0,0.0,0.0,0.0,0.0,0.0,0.0,0.0,0.0,0.0,0.0,0.0,0.0,0.0,0.0,,,0.0,,0.678404567494,,SG,3500.0
203101.0,Miles,Plumlee,8.1,5.0,MIL@NY,MIL,NY,,,0.0,0.0,0,0.0,0.0,0.0,0.0,0.0,0.0,0.0,0.0,0.0,0.0,0.0,0.0,0.0,0.0,0.0,,,0.0,,0.908647861409,,C,3500.0
101236.0,Chuck,Hayes,1.2,1.0,HOU@SAC,HOU,SAC,GTD,Foot,0.0,0.0,0,0.0,0.0,0.0,0.0,0.0,0.0,0.0,0.0,0.0,0.0,0.0,0.0,0.0,0.0,0.0,,,0.0,,0.791314543293,,C,3500.0
202388.0,Donald,Sloan,3.7,2.0,LAL@BKN,BKN,LAL,,,0.0,0.0,0,0.0,0.0,0.0,0.0,0.0,0.0,0.0,0.0,0.0,0.0,0.0,0.0,0.0,0.0,0.0,,,0.0,,0.742629874112,,PG,3500.0
203552.0,Seth,Curry,5.4,3.0,HOU@SAC,SAC,HOU,,,0.0,0.0,0,0.0,0.0,0.0,0.0,0.0,0.0,0.0,0.0,0.0,0.0,0.0,0.0,0.0,0.0,0.0,,,0.0,,0.822888346779,,SG,3500.0
2617.0,Udonis,Haslem,13.3,1.0,MIA@IND,MIA,IND,,,0.0,0.0,0,0.0,0.0,0.0,0.0,0.0,0.0,0.0,0.0,0.0,0.0,0.0,0.0,0.0,0.0,0.0,,,0.0,,0.718738679796,,PF,3500.0
201589.0,Darrell,Arthur,13.7,5.0,DEN@GS,DEN,GS,,,12.3,12.5,0,0.821935613115,0.514043613525,1.23643868862,0.533359196983,0.890895560288,1.25082890463,0.573663309928,0.537113035214,2.14172446491,1.8174033588,0.331211529289,4.97450056072,0.420126946386,4.38614519328,14.0,8.1520346497e-06,1.57045274927e-13,9.82741878254,10.3686795161,5.34262829258,5.31234203785,PF,3500.0
1897.0,Metta,World Peace,9.7,29.0,LAL@BKN,LAL,BKN,,,0.0,0.0,0,0.0,0.0,0.0,0.0,0.0,0.0,0.0,0.0,0.0,0.0,0.0,0.0,0.0,0.0,0.0,,,0.0,,0.763714628809,,SF,3500.0
203894.0,Shabazz,Napier,3.9,4.0,TOR@ORL,ORL,TOR,,,0.0,0.0,0,0.0,0.0,0.0,0.0,0.0,0.0,0.0,0.0,0.0,0.0,0.0,0.0,0.0,0.0,0.0,,,0.0,,0.761767243589,,PG,3500.0
1626204.0,Larry,Nance Jr.,0.0,0.0,LAL@BKN,LAL,BKN,,,0.0,0.0,0,0.0,0.0,0.0,0.0,0.0,0.0,0.0,0.0,0.0,0.0,0.0,0.0,0.0,0.0,0.0,,,0.0,,0.845620626624,,PF,3500.0
203524.0,Solomon,Hill,0.0,1.0,MIA@IND,IND,MIA,,,0.0,0.0,0,0.0,0.0,0.0,0.0,0.0,0.0,0.0,0.0,0.0,0.0,0.0,0.0,0.0,0.0,0.0,,,0.0,,0.666823594838,,SG,3500.0
203923.0,James,Young,6.1,31.0,WAS@BOS,BOS,WAS,,,0.0,0.0,0,0.0,0.0,0.0,0.0,0.0,0.0,0.0,0.0,0.0,0.0,0.0,0.0,0.0,0.0,0.0,,,0.0,,0.599227339963,,SF,3500.0
202087.0,Alonzo,Gee,8.6,4.0,ATL@NO,NO,ATL,,,0.0,0.0,0,0.0,0.0,0.0,0.0,0.0,0.0,0.0,0.0,0.0,0.0,0.0,0.0,0.0,0.0,0.0,,,0.0,,0.71144299656,,SF,3500.0
1626202.0,Joseph,Young,-0.5,2.0,MIA@IND,IND,MIA,,,0.0,0.0,0,0.0,0.0,0.0,0.0,0.0,0.0,0.0,0.0,0.0,0.0,0.0,0.0,0.0,0.0,0.0,,,0.0,,0.815939319454,,SG,3500.0
203546.0,Ian,Clark,8.4,3.0,DEN@GS,GS,DEN,,,0.0,0.0,0,0.0,0.0,0.0,0.0,0.0,0.0,0.0,0.0,0.0,0.0,0.0,0.0,0.0,0.0,0.0,,,0.0,,0.731486472878,,SG,3500.0
203922.0,Glenn,Robinson III,13.4,1.0,MIA@IND,IND,MIA,,,0.0,0.0,0,0.0,0.0,0.0,0.0,0.0,0.0,0.0,0.0,0.0,0.0,0.0,0.0,0.0,0.0,0.0,,,0.0,,0.67156854471,,SF,3500.0
1626149.0,Montrezl,Harrell,10.3,5.0,HOU@SAC,HOU,SAC,,,0.0,0.0,0,0.0,0.0,0.0,0.0,0.0,0.0,0.0,0.0,0.0,0.0,0.0,0.0,0.0,0.0,0.0,,,0.0,,0.767221972457,,PF,3500.0
203141.0,Mirza,Teletovic,4.8,5.0,DET@PHO,PHO,DET,,,0.0,0.0,0,0.0,0.0,0.0,0.0,0.0,0.0,0.0,0.0,0.0,0.0,0.0,0.0,0.0,0.0,0.0,,,0.0,,0.674444030815,,PF,3500.0
1626179.0,Terry,Rozier,2.6,2.0,WAS@BOS,BOS,WAS,,,0.0,0.0,0,0.0,0.0,0.0,0.0,0.0,0.0,0.0,0.0,0.0,0.0,0.0,0.0,0.0,0.0,0.0,,,0.0,,0.891765653834,,PG,3500.0
202066.0,Garrett,Temple,0.8,2.0,WAS@BOS,WAS,BOS,,,0.0,0.0,0,0.0,0.0,0.0,0.0,0.0,0.0,0.0,0.0,0.0,0.0,0.0,0.0,0.0,0.0,0.0,,,0.0,,0.781890316543,,PG,3500.0
1626178.0,Rondae,Hollis-Jefferson,10.2,5.0,LAL@BKN,BKN,LAL,,,0.0,0.0,0,0.0,0.0,0.0,0.0,0.0,0.0,0.0,0.0,0.0,0.0,0.0,0.0,0.0,0.0,0.0,,,0.0,,0.838280284047,,SF,3500.0
203142.0,Chris,Copeland,8.1,5.0,MIL@NY,MIL,NY,,,0.0,0.0,0,0.0,0.0,0.0,0.0,0.0,0.0,0.0,0.0,0.0,0.0,0.0,0.0,0.0,0.0,0.0,,,0.0,,0.620381458163,,SF,3500.0
1626153.0,Delon,Wright,0.2,1.0,TOR@ORL,TOR,ORL,,,0.0,0.0,0,0.0,0.0,0.0,0.0,0.0,0.0,0.0,0.0,0.0,0.0,0.0,0.0,0.0,0.0,0.0,,,0.0,,0.850069320469,,PG,3500.0
203998.0,Bruno,Caboclo,1.3,8.0,TOR@ORL,TOR,ORL,,,0.0,0.0,0,0.0,0.0,0.0,0.0,0.0,0.0,0.0,0.0,0.0,0.0,0.0,0.0,0.0,0.0,0.0,,,0.0,,0.779789282344,,SF,3500.0
,Martell,Webster,5.6,32.0,WAS@BOS,WAS,BOS,O,Hip,0.0,0.0,0,0.0,0.0,0.0,0.0,0.0,0.0,0.0,0.0,0.0,0.0,0.0,0.0,0.0,0.0,0.0,,,0.0,,0.779789282344,,SF,3500.0
203999.0,Nikola,Jokic,10.7,4.0,DEN@GS,DEN,GS,,,9.6,10.25,0,0.650995061228,0.319181239389,0.369798133348,1.3271981745,1.54861069355,2.47047773425,0.430172568185,1.14697907832,4.0190884278,2.83148881143,0.101845743942,6.01117988105,0.982191280749,6.74701464754,18.0,0.00240557112749,5.12462361993e-12,12.8981418896,13.7271170788,7.14913207344,6.79938765629,C,3500.0
204002.0,Walter,Tavares,2.2,1.0,ATL@NO,ATL,NO,,,0.0,0.0,0,0.0,0.0,0.0,0.0,0.0,0.0,0.0,0.0,0.0,0.0,0.0,0.0,0.0,0.0,0.0,,,0.0,,0.858591739527,,C,3500.0
203996.0,Damien,Inglis,4.8,3.0,MIL@NY,MIL,NY,,,0.0,0.0,0,0.0,0.0,0.0,0.0,0.0,0.0,0.0,0.0,0.0,0.0,0.0,0.0,0.0,0.0,0.0,,,0.0,,0.836925519881,,SF,3500.0
2581.0,Steve,Blake,9.0,4.0,DET@PHO,DET,PHO,,,0.0,0.0,0,0.0,0.0,0.0,0.0,0.0,0.0,0.0,0.0,0.0,0.0,0.0,0.0,0.0,0.0,0.0,,,0.0,,0.86740760872,,PG,3500.0
203949.0,James Michael,McAdoo,5.1,5.0,DEN@GS,GS,DEN,,,0.0,0.0,0,0.0,0.0,0.0,0.0,0.0,0.0,0.0,0.0,0.0,0.0,0.0,0.0,0.0,0.0,0.0,,,0.0,,0.866312599156,,PF,3500.0
1626154.0,RJ,Hunter,1.0,1.0,WAS@BOS,BOS,WAS,,,0.0,0.0,0,0.0,0.0,0.0,0.0,0.0,0.0,0.0,0.0,0.0,0.0,0.0,0.0,0.0,0.0,0.0,,,0.0,,0.754930286719,,SG,3500.0
203928.0,Cory,Jefferson,8.5,50.0,DET@PHO,PHO,DET,,,0.0,0.0,0,0.0,0.0,0.0,0.0,0.0,0.0,0.0,0.0,0.0,0.0,0.0,0.0,0.0,0.0,0.0,,,0.0,,0.782773145959,,PF,3500.0
203112.0,Quincy,Acy,2.7,1.0,HOU@SAC,SAC,HOU,,,0.0,0.0,0,0.0,0.0,0.0,0.0,0.0,0.0,0.0,0.0,0.0,0.0,0.0,0.0,0.0,0.0,0.0,,,0.0,,0.71936048563,,PF,3500.0
203493.0,Reggie,Bullock,0.8,3.0,DET@PHO,DET,PHO,,,0.0,0.0,0,0.0,0.0,0.0,0.0,0.0,0.0,0.0,0.0,0.0,0.0,0.0,0.0,0.0,0.0,0.0,,,0.0,,0.512360411288,,SF,3500.0
1626174.0,Christian,Wood,4.0,3.0,PHI@CLE,PHI,CLE,,,0.0,0.0,0,0.0,0.0,0.0,0.0,0.0,0.0,0.0,0.0,0.0,0.0,0.0,0.0,0.0,0.0,0.0,,,0.0,,0.802956385258,,PF,3500.0
200811.0,Louis,Amundson,14.6,53.0,MIL@NY,NY,MIL,GTD,Back,0.0,0.0,0,0.0,0.0,0.0,0.0,0.0,0.0,0.0,0.0,0.0,0.0,0.0,0.0,0.0,0.0,0.0,,,0.0,,0.92468939966,,PF,3500.0
1626164.0,Devin,Booker,8.9,3.0,DET@PHO,PHO,DET,,,0.0,0.0,0,0.0,0.0,0.0,0.0,0.0,0.0,0.0,0.0,0.0,0.0,0.0,0.0,0.0,0.0,0.0,,,0.0,,0.781811567851,,SG,3500.0
203921.0,Cleanthony,Early,2.0,4.0,MIL@NY,NY,MIL,,,0.0,0.0,0,0.0,0.0,0.0,0.0,0.0,0.0,0.0,0.0,0.0,0.0,0.0,0.0,0.0,0.0,0.0,,,0.0,,0.727093473212,,SF,3500.0
203508.0,Sergey,Karasev,0.5,2.0,LAL@BKN,BKN,LAL,,,0.0,0.0,0,0.0,0.0,0.0,0.0,0.0,0.0,0.0,0.0,0.0,0.0,0.0,0.0,0.0,0.0,0.0,,,0.0,,0.685005540039,,SF,3500.0
203898.0,Tyler,Ennis,4.9,1.0,MIL@NY,MIL,NY,,,0.0,0.0,0,0.0,0.0,0.0,0.0,0.0,0.0,0.0,0.0,0.0,0.0,0.0,0.0,0.0,0.0,0.0,,,0.0,,0.870999873486,,PG,3500.0
203512.0,Lucas,Nogueira,3.8,6.0,TOR@ORL,TOR,ORL,GTD,Hamstring,0.0,0.0,0,0.0,0.0,0.0,0.0,0.0,0.0,0.0,0.0,0.0,0.0,0.0,0.0,0.0,0.0,0.0,,,0.0,,0.815584706332,,C,3500.0
1626155.0,Sam,Dekker,1.6,2.0,HOU@SAC,HOU,SAC,,,0.0,0.0,0,0.0,0.0,0.0,0.0,0.0,0.0,0.0,0.0,0.0,0.0,0.0,0.0,0.0,0.0,0.0,,,0.0,,0.824869165214,,SF,3500.0
101179.0,Ronnie,Price,10.2,5.0,DET@PHO,PHO,DET,,,0.0,0.0,0,0.0,0.0,0.0,0.0,0.0,0.0,0.0,0.0,0.0,0.0,0.0,0.0,0.0,0.0,0.0,,,0.0,,0.86409617626,,PG,3500.0
1626273.0,Marcelo,Huertas,8.1,4.0,LAL@BKN,LAL,BKN,,,0.0,0.0,0,0.0,0.0,0.0,0.0,0.0,0.0,0.0,0.0,0.0,0.0,0.0,0.0,0.0,0.0,0.0,,,0.0,,0.907006602875,,PG,3500.0
201619.0,Sasha,Kaun,2.9,2.0,PHI@CLE,CLE,PHI,,,0.0,0.0,0,0.0,0.0,0.0,0.0,0.0,0.0,0.0,0.0,0.0,0.0,0.0,0.0,0.0,0.0,0.0,,,0.0,,0.905047090032,,C,3500.0
203094.0,Andrew,Nicholson,0.2,1.0,TOR@ORL,ORL,TOR,,,0.0,0.0,0,0.0,0.0,0.0,0.0,0.0,0.0,0.0,0.0,0.0,0.0,0.0,0.0,0.0,0.0,0.0,,,0.0,,0.628909708163,,PF,3500.0
202390.0,Gary,Neal,10.3,4.0,WAS@BOS,WAS,BOS,,,0.0,0.0,0,0.0,0.0,0.0,0.0,0.0,0.0,0.0,0.0,0.0,0.0,0.0,0.0,0.0,0.0,0.0,,,0.0,,0.556207861785,,SG,3500.0
2210.0,Richard,Jefferson,11.5,5.0,PHI@CLE,CLE,PHI,,,0.0,0.0,0,0.0,0.0,0.0,0.0,0.0,0.0,0.0,0.0,0.0,0.0,0.0,0.0,0.0,0.0,0.0,,,0.0,,0.568485627485,,SF,3500.0
